Norm difference: 1.0
Norm difference: 0.9999999999999999
1 1
1 2
1 3
2 1
2 2
2 3
3 1
3 2
3 3
1 1
1 2
1 3
2 1
2 2
2 3
3 1
3 2
3 3
1 1
1 2
1 3
2 1
2 2
2 3
3 1
3 2
3 3
1 1
1 2
1 3
2 1
2 2
2 3
3 1
3 2
3 3
1 1
1 2
1 3
2 1
2 2
2 3
3 1
3 2
3 3
1 1
1 2
1 3
2 1
2 2
2 3
3 1
3 2
3 3
1 1
1 2
1 3
2 1
2 2
2 3
3 1
3 2
3 3
1 1
1 2
1 3
2 1
2 2
2 3
3 1
3 2
3 3
1 1
1 2
1 3
2 1
2 2
2 3
3 1
3 2
3 3
1 1
1 2
1 3
2 1
2 2
2 3
3 1
3 2
3 3
1 1
1 2
1 3
2 1
2 2
2 3
3 1
3 2
3 3
1 1
1 2
1 3
2 1
2 2
2 3
3 1
3 2
3 3
1 1
1 2
1 3
2 1
2 2
2 3
3 1
3 2
3 3
1 1
1 2
1 3
2 1
2 2
2 3
3 1
3 2
3 3
1 1
1 2
1 3
2 1
2 2
2 3
3 1
3 2
3 3
1 1
1 2
1 3
2 1
2 2
2 3
3 1
3 2
3 3
1 1
1 2
1 3
2 1
2 2
2 3
3 1
3 2
3 3
1 1
1 2
1 3
2 1
2 2
2 3
3 1
3 2
3 3
1 1
1 2
1 3
2 1
2 2
2 3
3 1
3 2
3 3
1 1
1 2
1 3
2 1
2 2
2 3
3 1
3 2
3 3
1 1 1 0.005400170989151809
1 2 1 0.003997830967525958
1 3 1 0.0037394507569176935
2 1 1 0.004817990321184655
2 2 1 0.004082772120182934
2 3 1 0.004471434867857713
3 1 1 0.003961814227621418
3 2 1 0.002527725547890594
3 3 1 0.0030740934770801644
1 1 2 0.004888700197358627
1 2 2 0.004389654751155958
1 3 2 0.0029959868430036803
2 1 2 0.003799071664874741
2 2 2 0.0037690684697176792
2 3 2 0.002872058870431879
3 1 2 0.002948777508351403
3 2 2 0.0035769875674295224
3 3 2 0.0045885115830125766
1 1 3 0.003958753577495791
1 2 3 0.00496456663740507
1 3 3 0.0050157551232833785
2 1 3 0.003109243859299207
2 2 3 0.003980927722658813
2 3 3 0.003990634772964797
3 1 3 0.0035757100107116913
3 2 3 0.0034421950933736277
3 3 3 0.002437760268447665
1 1 4 0.0026726477793022393
1 2 4 0.003395873198585228
1 3 4 0.004725208060068006
2 1 4 0.0029160832841269636
2 2 4 0.0037054289059919214
2 3 4 0.003180263876388919
3 1 4 0.002965067862989887
3 2 4 0.0029527381257406053
3 3 4 0.002061192971866203
1 1 5 0.0026146235120580452
1 2 5 0.0038828708661094225
1 3 5 0.004279856362278673
2 1 5 0.002217760267053638
2 2 5 0.002191556242496578
2 3 5 0.003135516590084905
3 1 5 0.0025130315425206046
3 2 5 0.0023034804173712392
3 3 5 0.002602900828785305
1 1 6 0.0030380770732511457
1 2 6 0.00398110545108658
1 3 6 0.004145044167034229
2 1 6 0.0027870992471740936
2 2 6 0.0032216168287187443
2 3 6 0.003316122806175374
3 1 6 0.00303146711613504
3 2 6 0.0019898758808646086
3 3 6 0.0022895568021111283
1 1 7 0.003618426626024607
1 2 7 0.0033584417952981457
1 3 7 0.003301591824302193
2 1 7 0.0024233109888607872
2 2 7 0.0024177958553457043
2 3 7 0.002803211081699581
3 1 7 0.002309186678312764
3 2 7 0.0022936023865822593
3 3 7 0.0035005840959955624
1 1 8 0.003483767550873266
1 2 8 0.003850486934590687
1 3 8 0.0034301004688409922
2 1 8 0.0025620998776671637
2 2 8 0.0021575247339941073
2 3 8 0.003400905899079818
3 1 8 0.0022541611041375555
3 2 8 0.0016652692607445948
3 3 8 0.0027344091313652222
1 1 9 0.003302475374659364
1 2 9 0.002748535165881462
1 3 9 0.002718556865037443
2 1 9 0.0032170303827331803
2 2 9 0.002475949093246478
2 3 9 0.0029903646511405353
3 1 9 0.002502032773969777
3 2 9 0.00272885774346784
3 3 9 0.003164795927760021
1 1 10 0.003647339696457013
1 2 10 0.0032307365443768428
1 3 10 0.0043593999412252175
2 1 10 0.003415252279736012
2 2 10 0.002479454056966293
2 3 10 0.0029286934611383033
3 1 10 0.002832952819039514
3 2 10 0.001285109789842431
3 3 10 0.002535286451585346
1 1 11 0.0032821987625672676
1 2 11 0.002628250372225701
1 3 11 0.003726322523887662
2 1 11 0.004231400847666276
2 2 11 0.003000053472080094
2 3 11 0.0033084576250742466
3 1 11 0.0028664709856145985
3 2 11 0.002668750909734479
3 3 11 0.002706410035407324
1 1 12 0.0030908540701629203
1 2 12 0.003106129823667275
1 3 12 0.004409205425454224
2 1 12 0.0028844248898454335
2 2 12 0.0023980226260370305
2 3 12 0.003357339241472389
3 1 12 0.0028428073637810714
3 2 12 0.0015732112154011129
3 3 12 0.002336398831042956
1 1 13 0.0033699019142043206
1 2 13 0.003181636291293634
1 3 13 0.004853152289206426
2 1 13 0.004124580899039384
2 2 13 0.0032516263242781153
2 3 13 0.004171047813191133
3 1 13 0.0030940529102843214
3 2 13 0.0024015287188015842
3 3 13 0.003052125181736916
1 1 14 0.0035442662646239125
1 2 14 0.0031590283475186865
1 3 14 0.0038990918917279106
2 1 14 0.00404675710353667
2 2 14 0.002945740496161199
2 3 14 0.0045404603058740904
3 1 14 0.002721193663473595
3 2 14 0.002301420434121444
3 3 14 0.0030262100561050057
1 1 15 0.003662590668049459
1 2 15 0.002963711409373322
1 3 15 0.0045947393664282615
2 1 15 0.003634858435407148
2 2 15 0.003278172162369448
2 3 15 0.00487543255161437
3 1 15 0.0034073797414674416
3 2 15 0.002115504014053538
3 3 15 0.0030167571340619067
1 1 16 0.004646763200553375
1 2 16 0.0030174040576333707
1 3 16 0.003969045594496432
2 1 16 0.00468911701320541
2 2 16 0.0032826500840458183
2 3 16 0.003791872754521275
3 1 16 0.003801152610955958
3 2 16 0.003217512651213135
3 3 16 0.004772225918416514
1 1 17 0.005903157831312039
1 2 17 0.0032252175825419538
1 3 17 0.0037008735305964777
2 1 17 0.005446887554249704
2 2 17 0.003814469643345318
2 3 17 0.005088001903380418
3 1 17 0.0035758515516103135
3 2 17 0.002358400072024882
3 3 17 0.003618733936023162
1 1 18 0.0052355663877609645
1 2 18 0.0034636200544072857
1 3 18 0.004454157959833151
2 1 18 0.006293329283835032
2 2 18 0.0035872298403088324
2 3 18 0.005948138607760131
3 1 18 0.003930823919489491
3 2 18 0.0034370429407816414
3 3 18 0.004672194605399938
1 1 19 0.006380648107908726
1 2 19 0.0041403048606756445
1 3 19 0.004485740293043748
2 1 19 0.006146564959763382
2 2 19 0.004611851940086261
2 3 19 0.005500643494257197
3 1 19 0.003783748774402694
3 2 19 0.002351784681924938
3 3 19 0.003757399507506365
1 1 20 0.0063453889605188316
1 2 20 0.004097337406005272
1 3 20 0.005754953029700356
2 1 20 0.006058816810240853
2 2 20 0.0038662704102900977
2 3 20 0.0058482384141026345
3 1 20 0.005579102341016582
3 2 20 0.0035906860451306124
3 3 20 0.004520501522837067
