Norm difference: 1.0
Norm difference: 1.0
1 1
1 2
1 3
2 1
2 2
2 3
3 1
3 2
3 3
1 1
1 2
1 3
2 1
2 2
2 3
3 1
3 2
3 3
1 1
1 2
1 3
2 1
2 2
2 3
3 1
3 2
3 3
1 1
1 2
1 3
2 1
2 2
2 3
3 1
3 2
3 3
1 1
1 2
1 3
2 1
2 2
2 3
3 1
3 2
3 3
1 1
1 2
1 3
2 1
2 2
2 3
3 1
3 2
3 3
1 1
1 2
1 3
2 1
2 2
2 3
3 1
3 2
3 3
1 1
1 2
1 3
2 1
2 2
2 3
3 1
3 2
3 3
1 1
1 2
1 3
2 1
2 2
2 3
3 1
3 2
3 3
1 1
1 2
1 3
2 1
2 2
2 3
3 1
3 2
3 3
1 1
1 2
1 3
2 1
2 2
2 3
3 1
3 2
3 3
1 1
1 2
1 3
2 1
2 2
2 3
3 1
3 2
3 3
1 1
1 2
1 3
2 1
2 2
2 3
3 1
3 2
3 3
1 1
1 2
1 3
2 1
2 2
2 3
3 1
3 2
3 3
1 1
1 2
1 3
2 1
2 2
2 3
3 1
3 2
3 3
1 1
1 2
1 3
2 1
2 2
2 3
3 1
3 2
3 3
1 1
1 2
1 3
2 1
2 2
2 3
3 1
3 2
3 3
1 1
1 2
1 3
2 1
2 2
2 3
3 1
3 2
3 3
1 1
1 2
1 3
2 1
2 2
2 3
3 1
3 2
3 3
1 1
1 2
1 3
2 1
2 2
2 3
3 1
3 2
3 3
1 1 1 0.0010077119338880267
1 2 1 0.0007674466716684869
1 3 1 0.0010482820835499961
2 1 1 0.001226425368487273
2 2 1 0.0005631178344071592
2 3 1 0.0009460746048880212
3 1 1 0.0008810340542657873
3 2 1 0.0010669641116172926
3 3 1 0.000949301140966953
1 1 2 0.0010037188551950652
1 2 2 0.000957321388971436
1 3 2 0.0006749347138978217
2 1 2 0.0010832244830742159
2 2 2 0.0008741226740677774
2 3 2 0.0009884631886006847
3 1 2 0.0011201857302344446
3 2 2 0.0008795372239524572
3 3 2 0.0011279211721625369
1 1 3 0.0012851738274904634
1 2 3 0.0009176887875151522
1 3 3 0.0009370937610138592
2 1 3 0.0012572175963288755
2 2 3 0.0008487041934070185
2 3 3 0.0008726326533278261
3 1 3 0.0015660343723594727
3 2 3 0.000818535557135569
3 3 3 0.0010022043476976368
1 1 4 0.001613155497963577
1 2 4 0.0008783174897151827
1 3 4 0.0015871043306951035
2 1 4 0.001344722625884381
2 2 4 0.0008349649583244131
2 3 4 0.0011284235572065413
3 1 4 0.002031029437722925
3 2 4 0.0012011928081000836
3 3 4 0.000929035500141116
1 1 5 0.0018268489472339777
1 2 5 0.0008833933986681395
1 3 5 0.0013833503025742922
2 1 5 0.0013548950120099872
2 2 5 0.0006760955267970807
2 3 5 0.0008909316743746573
3 1 5 0.001736441649836239
3 2 5 0.0008604118809717916
3 3 5 0.0013780313160118463
1 1 6 0.0015666582752260749
1 2 6 0.0007687163448227528
1 3 6 0.0014007636450018442
2 1 6 0.0014760251407565919
2 2 6 0.0009836298933406456
2 3 6 0.001361775763170439
3 1 6 0.002082890996199084
3 2 6 0.0009239586730701984
3 3 6 0.0012433684070619906
1 1 7 0.0015646664177438592
1 2 7 0.0011172054005531324
1 3 7 0.001540036039157871
2 1 7 0.0010666961244194112
2 2 7 0.0007612281686338918
2 3 7 0.001237193845673328
3 1 7 0.002128540112058162
3 2 7 0.001340045764403918
3 3 7 0.0019004179582581813
1 1 8 0.0015018743776931734
1 2 8 0.0012484510844249154
1 3 8 0.0018011132667774023
2 1 8 0.001188891964428547
2 2 8 0.0007079903315054018
2 3 8 0.0012272228088062607
3 1 8 0.0014977012339712661
3 2 8 0.001157320539692162
3 3 8 0.0024259745458347763
1 1 9 0.0014276855210728135
1 2 9 0.0009245122486814823
1 3 9 0.0015983499266001681
2 1 9 0.0011620290310188077
2 2 9 0.0010928280287386316
2 3 9 0.0014008932863758383
3 1 9 0.001205299244017565
3 2 9 0.0010816746464347026
3 3 9 0.0014222739161377706
1 1 10 0.0018882133655762439
1 2 10 0.0014168096676529642
1 3 10 0.0013977814483092641
2 1 10 0.001167426263481794
2 2 10 0.0009032096860830993
2 3 10 0.0011789396216178986
3 1 10 0.0017114679128824404
3 2 10 0.001529716847365835
3 3 10 0.00197291643879185
1 1 11 0.0017165666319099281
1 2 11 0.001301689924323647
1 3 11 0.0016150115732403683
2 1 11 0.0011449771466034823
2 2 11 0.0008517124545759182
2 3 11 0.0009868204801020707
3 1 11 0.0021523998587010345
3 2 11 0.0014374134276366514
3 3 11 0.0019795884265707037
1 1 12 0.001745983823945773
1 2 12 0.001048562937287295
1 3 12 0.0016472353978937
2 1 12 0.0014188975942427853
2 2 12 0.0008026854899089077
2 3 12 0.0015255056452544067
3 1 12 0.0015075102606981541
3 2 12 0.000829770365051417
3 3 12 0.0011025514838036645
1 1 13 0.0016943146635084467
1 2 13 0.0006237363261556783
1 3 13 0.0020019367797470644
2 1 13 0.0013471326791347673
2 2 13 0.0006967870966985633
2 3 13 0.0017487045702087207
3 1 13 0.002219280664151011
3 2 13 0.0009082443154240354
3 3 13 0.0018527954650429403
1 1 14 0.0016082467302066506
1 2 14 0.001326793834537991
1 3 14 0.002551459950280592
2 1 14 0.0015853205114327064
2 2 14 0.0011759754868970946
2 3 14 0.0016038709914145536
3 1 14 0.002410978577722617
3 2 14 0.0009273133766392874
3 3 14 0.002807932458523409
1 1 15 0.0020450901018391017
1 2 15 0.0014197526676974466
1 3 15 0.002288499496447817
2 1 15 0.0013454832111180351
2 2 15 0.000849490964725868
2 3 15 0.001896519083661441
3 1 15 0.002034478456657535
3 2 15 0.001681578503019247
3 3 15 0.002536047612874633
1 1 16 0.002138240963575207
1 2 16 0.0012900480032979555
1 3 16 0.0020755411014565625
2 1 16 0.002027205096521903
2 2 16 0.0010737548331438771
2 3 16 0.0014016549671246983
3 1 16 0.0023206837567433056
3 2 16 0.001350865629843077
3 3 16 0.0028295174240532675
1 1 17 0.0024679557701143273
1 2 17 0.0009466015655491646
1 3 17 0.0015890082545228991
2 1 17 0.0014903663736878907
2 2 17 0.0010642103209817042
2 3 17 0.0016397378323857795
3 1 17 0.0027074375402101744
3 2 17 0.0011142670959852527
3 3 17 0.0025226741042492186
1 1 18 0.0020441037151164277
1 2 18 0.0011937342398132705
1 3 18 0.0019436953357116781
2 1 18 0.0019995515587159602
2 2 18 0.0011894595848981526
2 3 18 0.0014635702169973892
3 1 18 0.0023511780274425853
3 2 18 0.001895996714519383
3 3 18 0.0021171938802600375
1 1 19 0.002524236990737637
1 2 19 0.00163208535829613
1 3 19 0.0024227575062996973
2 1 19 0.002352048669645808
2 2 19 0.0011078398641424581
2 3 19 0.0017888615738128808
3 1 19 0.0022757968685173965
3 2 19 0.0016304852248157312
3 3 19 0.002508901182825114
1 1 20 0.0032737672574456216
1 2 20 0.001260202399505381
1 3 20 0.0033898066840544923
2 1 20 0.0026871939473710237
2 2 20 0.0010801503731374406
2 3 20 0.0026667332728063536
3 1 20 0.0033970642414546124
3 2 20 0.0014535357864924087
3 3 20 0.0026591010594604527
