Norm difference: 1.0
Norm difference: 1.0
1 1
1 2
2 1
2 2
1 1
1 2
2 1
2 2
1 1
1 2
2 1
2 2
1 1
1 2
2 1
2 2
1 1
1 2
2 1
2 2
1 1
1 2
2 1
2 2
1 1
1 2
2 1
2 2
1 1
1 2
2 1
2 2
1 1
1 2
2 1
2 2
1 1
1 2
2 1
2 2
1 1
1 2
2 1
2 2
1 1
1 2
2 1
2 2
1 1
1 2
2 1
2 2
1 1
1 2
2 1
2 2
1 1
1 2
2 1
2 2
1 1
1 2
2 1
2 2
1 1
1 2
2 1
2 2
1 1
1 2
2 1
2 2
1 1
1 2
2 1
2 2
1 1
1 2
2 1
2 2
1 1 1 0.009106437723826211
1 2 1 0.010497018851776535
2 1 1 0.008395187329832727
2 2 1 0.009571481143100366
1 1 2 0.010866984574238603
1 2 2 0.013614363802377034
2 1 2 0.01125677382958481
2 2 2 0.010294698956464095
1 1 3 0.010857383830323841
1 2 3 0.014293826587085303
2 1 3 0.00944482167438838
2 2 3 0.011650234966661899
1 1 4 0.009912375478407242
1 2 4 0.010405185318434169
2 1 4 0.008196428916457568
2 2 4 0.010958823222090974
1 1 5 0.011592320797152821
1 2 5 0.011959879737046004
2 1 5 0.010082404807168658
2 2 5 0.012236474652007659
1 1 6 0.008692737747910649
1 2 6 0.01163269863028008
2 1 6 0.009592216220619346
2 2 6 0.011053059057440789
1 1 7 0.010527624160637928
1 2 7 0.011938120061723229
2 1 7 0.009507678976025688
2 2 7 0.0077495465143493075
1 1 8 0.007853435299569183
1 2 8 0.008885097140591025
2 1 8 0.00805196679641182
2 2 8 0.00906019751738449
1 1 9 0.00799689628573561
1 2 9 0.006338708830176244
2 1 9 0.007765962349507658
2 2 9 0.009212615472221722
1 1 10 0.007020253706291027
1 2 10 0.00608337689598413
2 1 10 0.00606167815706583
2 2 10 0.0057023808171218285
1 1 11 0.005463822339154643
1 2 11 0.0058631033994352945
2 1 11 0.005739840392757043
2 2 11 0.004562316332684843
1 1 12 0.004691180620304563
1 2 12 0.005154913001294939
2 1 12 0.005297629269614115
2 2 12 0.005385265620073047
1 1 13 0.0036832881714371777
1 2 13 0.003460366674203927
2 1 13 0.004919541942314974
2 2 13 0.004815926967231426
1 1 14 0.004094156722802625
1 2 14 0.0032746296801885386
2 1 14 0.004224054587034726
2 2 14 0.004337164656085651
1 1 15 0.0035025986711162125
1 2 15 0.0032233629411389368
2 1 15 0.003828523095780245
2 2 15 0.0036959404587701824
1 1 16 0.002893001588477362
1 2 16 0.0031227309829963976
2 1 16 0.003559751668521057
2 2 16 0.0032752997404117204
1 1 17 0.0029677091898739024
1 2 17 0.003125539204175334
2 1 17 0.0034931412033360385
2 2 17 0.003390933954851059
1 1 18 0.0026758367600423043
1 2 18 0.0025620993971183425
2 1 18 0.0027542526284400595
2 2 18 0.0035088976434822124
1 1 19 0.0025773355474503494
1 2 19 0.002272968889806785
2 1 19 0.00248783407372027
2 2 19 0.0028704994179278957
1 1 20 0.0018475333956209576
1 2 20 0.002391220208000388
2 1 20 0.002329624129931301
2 2 20 0.0022867761610067057
