Norm difference: 1.0
Norm difference: 1.0
1 1
1 2
2 1
2 2
1 1
1 2
2 1
2 2
1 1
1 2
2 1
2 2
1 1
1 2
2 1
2 2
1 1
1 2
2 1
2 2
1 1
1 2
2 1
2 2
1 1
1 2
2 1
2 2
1 1
1 2
2 1
2 2
1 1
1 2
2 1
2 2
1 1
1 2
2 1
2 2
1 1
1 2
2 1
2 2
1 1
1 2
2 1
2 2
1 1
1 2
2 1
2 2
1 1
1 2
2 1
2 2
1 1
1 2
2 1
2 2
1 1
1 2
2 1
2 2
1 1
1 2
2 1
2 2
1 1
1 2
2 1
2 2
1 1
1 2
2 1
2 2
1 1
1 2
2 1
2 2
1 1 1 0.013760778547132207
1 2 1 0.01588792755447808
2 1 1 0.01618730160994969
2 2 1 0.011700208937155645
1 1 2 0.014541518104947285
1 2 2 0.012247000645458235
2 1 2 0.014952278211218872
2 2 2 0.013979316820099053
1 1 3 0.011249244169609821
1 2 3 0.01432235418769694
2 1 3 0.012682770189155071
2 2 3 0.012725595119797779
1 1 4 0.009371845602862253
1 2 4 0.011213804980488167
2 1 4 0.012041461130967332
2 2 4 0.011418944700212154
1 1 5 0.008873470091653419
1 2 5 0.011906106552561376
2 1 5 0.010330298766070495
2 2 5 0.010333523114614263
1 1 6 0.009618544167994741
1 2 6 0.009703324245527873
2 1 6 0.0068116735854447785
2 2 6 0.009650019870167665
1 1 7 0.007377905520366573
1 2 7 0.009026865275231498
2 1 7 0.008090023098117216
2 2 7 0.008764227189594659
1 1 8 0.006441705024971897
1 2 8 0.006775615991593048
2 1 8 0.007045436685221382
2 2 8 0.00860355344152649
1 1 9 0.007036378011170958
1 2 9 0.006646640940096061
2 1 9 0.005425050808296611
2 2 9 0.006465313928528118
1 1 10 0.004989641258002199
1 2 10 0.0068013909901526075
2 1 10 0.005830951201323166
2 2 10 0.005929656224562943
1 1 11 0.005810380966765139
1 2 11 0.004826632605633172
2 1 11 0.005681100392866104
2 2 11 0.005767684211236991
1 1 12 0.006091101811199899
1 2 12 0.005387577792940021
2 1 12 0.005166483553240283
2 2 12 0.004854919897994165
1 1 13 0.0041192768916424715
1 2 13 0.005721618063721947
2 1 13 0.004213734585451483
2 2 13 0.0040539059306384665
1 1 14 0.004443624366065951
1 2 14 0.004337357186329415
2 1 14 0.0038737960591649335
2 2 14 0.004341543381613603
1 1 15 0.003720515980798413
1 2 15 0.00458949179854069
2 1 15 0.00421333740818825
2 2 15 0.003613235531448513
1 1 16 0.0035889037932513622
1 2 16 0.003694420133680034
2 1 16 0.0030192986519995213
2 2 16 0.003524489219306354
1 1 17 0.004080539911784969
1 2 17 0.0027539712024500693
2 1 17 0.002676062119122237
2 2 17 0.0032193173299914835
1 1 18 0.0028580678651369375
1 2 18 0.0028003168427047213
2 1 18 0.0022299538315476873
2 2 18 0.0026958841657904555
1 1 19 0.002441675065619011
1 2 19 0.002971120433203636
2 1 19 0.002659613269256598
2 2 19 0.001987935294404762
1 1 20 0.001830842199024671
1 2 20 0.002228891861963211
2 1 20 0.0018296817514168533
2 2 20 0.0018610787929564609
