Norm difference: 1.0000000000000002
Norm difference: 1.0
1 1
1 2
2 1
2 2
1 1
1 2
2 1
2 2
1 1
1 2
2 1
2 2
1 1
1 2
2 1
2 2
1 1
1 2
2 1
2 2
1 1
1 2
2 1
2 2
1 1
1 2
2 1
2 2
1 1
1 2
2 1
2 2
1 1
1 2
2 1
2 2
1 1
1 2
2 1
2 2
1 1
1 2
2 1
2 2
1 1
1 2
2 1
2 2
1 1
1 2
2 1
2 2
1 1
1 2
2 1
2 2
1 1
1 2
2 1
2 2
1 1
1 2
2 1
2 2
1 1
1 2
2 1
2 2
1 1
1 2
2 1
2 2
1 1
1 2
2 1
2 2
1 1
1 2
2 1
2 2
1 1 1 4.883818785087896e-5
1 2 1 5.8669820282502334e-5
2 1 1 5.4311517485227184e-5
2 2 1 4.312806403164171e-5
1 1 2 4.055270130511653e-5
1 2 2 6.0076007276747705e-5
2 1 2 6.438781679308654e-5
2 2 2 3.837625915181215e-5
1 1 3 5.072292636133079e-5
1 2 3 4.276237414247959e-5
2 1 3 5.506450150808921e-5
2 2 3 4.7232386733562666e-5
1 1 4 6.768753020390749e-5
1 2 4 3.890173349264607e-5
2 1 4 4.1766752313476645e-5
2 2 4 5.503145088293119e-5
1 1 5 4.4369718344488055e-5
1 2 5 4.243978285915576e-5
2 1 5 4.371337933354861e-5
2 2 5 4.2116185602816436e-5
1 1 6 4.354069760713655e-5
1 2 6 4.712785802729994e-5
2 1 6 4.547155027194478e-5
2 2 6 3.441100158648845e-5
1 1 7 3.893096099434043e-5
1 2 7 4.101513556677262e-5
2 1 7 3.860522551243804e-5
2 2 7 4.389750456630698e-5
1 1 8 3.787536036313782e-5
1 2 8 4.0527156580991086e-5
2 1 8 3.6929118514704166e-5
2 2 8 4.281833696375986e-5
1 1 9 3.5504003791895553e-5
1 2 9 4.390381756555666e-5
2 1 9 3.7040837767217006e-5
2 2 9 3.757930740201955e-5
1 1 10 4.385383584644662e-5
1 2 10 4.1552825392139e-5
2 1 10 3.632109014458634e-5
2 2 10 3.314225405741769e-5
1 1 11 3.867900455759933e-5
1 2 11 3.740735361223376e-5
2 1 11 3.3797861205288996e-5
2 2 11 3.9412902172543046e-5
1 1 12 3.651372797201542e-5
1 2 12 4.1258441391091514e-5
2 1 12 3.825449629278565e-5
2 2 12 4.664869221383693e-5
1 1 13 3.6273945093532985e-5
1 2 13 4.037802142075e-5
2 1 13 3.3847811451870544e-5
2 2 13 4.08165156077387e-5
1 1 14 4.4503805067908555e-5
1 2 14 5.188204058779351e-5
2 1 14 4.133287528649307e-5
2 2 14 4.41062478842644e-5
1 1 15 3.015092887685546e-5
1 2 15 4.8161311321225454e-5
2 1 15 4.1142186915631675e-5
2 2 15 4.989019773960782e-5
1 1 16 4.907832856232911e-5
1 2 16 8.019656102635779e-5
2 1 16 4.534859844006154e-5
2 2 16 8.341632273711956e-5
1 1 17 7.540886878315625e-5
1 2 17 5.763546815876234e-5
2 1 17 6.663968509111379e-5
2 2 17 8.06984116083061e-5
1 1 18 8.386498870839607e-5
1 2 18 9.778428274612902e-5
2 1 18 9.95639210389761e-5
2 2 18 9.770609718520963e-5
1 1 19 7.118243780571832e-5
1 2 19 0.0001472641400968146
2 1 19 0.0001159605100911645
2 2 19 0.0001323511844909994
1 1 20 0.0001535357130740447
1 2 20 0.0001363072407939974
2 1 20 0.00013046503544597807
2 2 20 0.000164248472302464
