W: 2.0
num_iter: 0
[-0.63111179 -0.63111179 -0.61429354 -0.61429354 -0.5925364  -0.5925364
 -0.56679831 -0.56679831 -0.53781493 -0.53781493 -0.50595966 -0.50595966
 -0.4712565  -0.4712565  -0.43345978 -0.43345978 -0.39256862 -0.39256862
 -0.34794366 -0.34794366 -0.30014498 -0.30014498 -0.24828054 -0.24828054
 -0.19359668 -0.19359668 -0.13580514 -0.13580514 -0.07688024 -0.07688024
 -0.0155982  -0.0155982   0.01559719  0.01559719  0.07687805  0.07687805
  0.13580587  0.13580587  0.19359891  0.19359891  0.24828154  0.24828154
  0.30014529  0.30014529  0.347946    0.347946    0.39256517  0.39256517
  0.43346429  0.43346429  0.4712555   0.4712555   0.50596012  0.50596012
  0.53781354  0.53781354  0.56679759  0.56679759  0.59253358  0.59253358
  0.61429247  0.61429247  0.63111385  0.63111385]
localization_length: 4.007131770766055
3.9802236235389996
W_list: [2.0]
L_list: [63.683577976623994]
