W: 3.2
num_iter: 0
[-0.84421432 -0.84421432 -0.83555195 -0.83555195 -0.82564935 -0.82564935
 -0.81470778 -0.81470778 -0.80238867 -0.80238867 -0.78899116 -0.78899116
 -0.77461822 -0.77461822 -0.75890752 -0.75890752 -0.74207979 -0.74207979
 -0.72453374 -0.72453374 -0.70588146 -0.70588146 -0.68577661 -0.68577661
 -0.66510764 -0.66510764 -0.64299678 -0.64299678 -0.61947514 -0.61947514
 -0.59496103 -0.59496103 -0.56902929 -0.56902929 -0.54244342 -0.54244342
 -0.51379313 -0.51379313 -0.483761   -0.483761   -0.45305238 -0.45305238
 -0.42053239 -0.42053239 -0.38645852 -0.38645852 -0.35059861 -0.35059861
 -0.31348458 -0.31348458 -0.27565584 -0.27565584 -0.23611927 -0.23611927
 -0.19547568 -0.19547568 -0.15361839 -0.15361839 -0.11090199 -0.11090199
 -0.06739574 -0.06739574 -0.0193874  -0.0193874   0.01938272  0.01938272
  0.06739514  0.06739514  0.11090516  0.11090516  0.15361869  0.15361869
  0.19548242  0.19548242  0.23611708  0.23611708  0.27565312  0.27565312
  0.31348617  0.31348617  0.35060317  0.35060317  0.38646636  0.38646636
  0.42052947  0.42052947  0.45305987  0.45305987  0.48375918  0.48375918
  0.5137954   0.5137954   0.54244476  0.54244476  0.56902532  0.56902532
  0.59495841  0.59495841  0.61947831  0.61947831  0.64299215  0.64299215
  0.66510657  0.66510657  0.68577862  0.68577862  0.70587159  0.70587159
  0.72453769  0.72453769  0.74208441  0.74208441  0.75890653  0.75890653
  0.7746173   0.7746173   0.78898549  0.78898549  0.80239403  0.80239403
  0.81470984  0.81470984  0.82564196  0.82564196  0.83554735  0.83554735
  0.84421454  0.84421454]
localization_length: 1.612261199232556
1.6344151058708152
W_list: [3.2]
L_list: [52.301283387866086]
