Norm difference: 1.0
Norm difference: 1.0
1 1
1 2
1 3
2 1
2 2
2 3
3 1
3 2
3 3
1 1
1 2
1 3
2 1
2 2
2 3
3 1
3 2
3 3
1 1
1 2
1 3
2 1
2 2
2 3
3 1
3 2
3 3
1 1
1 2
1 3
2 1
2 2
2 3
3 1
3 2
3 3
1 1
1 2
1 3
2 1
2 2
2 3
3 1
3 2
3 3
1 1
1 2
1 3
2 1
2 2
2 3
3 1
3 2
3 3
1 1
1 2
1 3
2 1
2 2
2 3
3 1
3 2
3 3
1 1
1 2
1 3
2 1
2 2
2 3
3 1
3 2
3 3
1 1
1 2
1 3
2 1
2 2
2 3
3 1
3 2
3 3
1 1
1 2
1 3
2 1
2 2
2 3
3 1
3 2
3 3
1 1
1 2
1 3
2 1
2 2
2 3
3 1
3 2
3 3
1 1
1 2
1 3
2 1
2 2
2 3
3 1
3 2
3 3
1 1
1 2
1 3
2 1
2 2
2 3
3 1
3 2
3 3
1 1
1 2
1 3
2 1
2 2
2 3
3 1
3 2
3 3
1 1
1 2
1 3
2 1
2 2
2 3
3 1
3 2
3 3
1 1
1 2
1 3
2 1
2 2
2 3
3 1
3 2
3 3
1 1
1 2
1 3
2 1
2 2
2 3
3 1
3 2
3 3
1 1
1 2
1 3
2 1
2 2
2 3
3 1
3 2
3 3
1 1
1 2
1 3
2 1
2 2
2 3
3 1
3 2
3 3
1 1
1 2
1 3
2 1
2 2
2 3
3 1
3 2
3 3
1 1 1 0.03331390751665991
1 2 1 0.014106999931696207
1 3 1 0.038063218659735734
2 1 1 0.017445933695540893
2 2 1 0.010193421562146962
2 3 1 0.015242806757840777
3 1 1 0.03422403462451048
3 2 1 0.012189022959449979
3 3 1 0.028693268741397233
1 1 2 0.028904859180505605
1 2 2 0.01166924839703586
1 3 2 0.026768746103304163
2 1 2 0.013754831383217248
2 2 2 0.008376185750392215
2 3 2 0.010136059481798314
3 1 2 0.024688451342656858
3 2 2 0.00973336791030104
3 3 2 0.02895088693468646
1 1 3 0.02044868539521021
1 2 3 0.009274350805755305
1 3 3 0.017437166885016446
2 1 3 0.011927728901496128
2 2 3 0.005435348024548669
2 3 3 0.011216314960742617
3 1 3 0.022528382091413907
3 2 3 0.0084823291979923
3 3 3 0.024574227393141763
1 1 4 0.016480082231954532
1 2 4 0.008235516197436265
1 3 4 0.017146170573102245
2 1 4 0.01371763120817708
2 2 4 0.009618068336513876
2 3 4 0.008684163225283158
3 1 4 0.018201148869898258
3 2 4 0.007688552913689126
3 3 4 0.01856063317509838
1 1 5 0.013371031296108952
1 2 5 0.008619720987434003
1 3 5 0.016542473406477666
2 1 5 0.010440691793829277
2 2 5 0.007406972503641085
2 3 5 0.0077328929289710345
3 1 5 0.014600342854610917
3 2 5 0.009219445256691008
3 3 5 0.016056920278732137
1 1 6 0.01220750339380017
1 2 6 0.011114327440364797
1 3 6 0.014267185854170675
2 1 6 0.006542744734620734
2 2 6 0.0071623500264449535
2 3 6 0.007229395161257898
3 1 6 0.014479064590393706
3 2 6 0.010461660070793782
3 3 6 0.012115538051898028
1 1 7 0.012780954454175602
1 2 7 0.012047374426596607
1 3 7 0.01073247158253061
2 1 7 0.007963730054893894
2 2 7 0.006353302935779531
2 3 7 0.005299849763219351
3 1 7 0.012595176912482511
3 2 7 0.009023506428070597
3 3 7 0.00909330158801566
1 1 8 0.01421174522357962
1 2 8 0.011307115298404852
1 3 8 0.00776488402114702
2 1 8 0.007007428058962454
2 2 8 0.006640989917566271
2 3 8 0.006602781996227535
3 1 8 0.011186771026413182
3 2 8 0.0074327634793148
3 3 8 0.007814458128697343
1 1 9 0.01134627017899283
1 2 9 0.007101441682832418
1 3 9 0.005062497053849628
2 1 9 0.007024294410428664
2 2 9 0.004655297956609095
2 3 9 0.006248341722981337
3 1 9 0.00929680101999456
3 2 9 0.005839774174955943
3 3 9 0.006653068717005821
1 1 10 0.009692664978845111
1 2 10 0.005934996291283297
1 3 10 0.005182317421069525
2 1 10 0.005915560487277179
2 2 10 0.006710241006777298
2 3 10 0.003905052285911037
3 1 10 0.007492284016365455
3 2 10 0.005876693417970255
3 3 10 0.004665552988913672
1 1 11 0.0077356082534720035
1 2 11 0.0038891569347212157
1 3 11 0.004274699045572264
2 1 11 0.004286833037195433
2 2 11 0.0045079721919755
2 3 11 0.003547538449133578
3 1 11 0.0060991025505766775
3 2 11 0.005328356167002118
3 3 11 0.004090633801436575
1 1 12 0.005458907089883665
1 2 12 0.0058205830642561966
1 3 12 0.004424219709116176
2 1 12 0.0057349202014355385
2 2 12 0.0051368597315263
2 3 12 0.00370792274841271
3 1 12 0.005198431152489447
3 2 12 0.004085992452735928
3 3 12 0.0038056410156611527
1 1 13 0.004133392564459066
1 2 13 0.0037521114905556792
1 3 13 0.004164450569568724
2 1 13 0.004220825908720151
2 2 13 0.0030966276304660906
2 3 13 0.0036363434494527253
3 1 13 0.00528439442158368
3 2 13 0.0039975473781248055
3 3 13 0.0035614492483095348
1 1 14 0.00369535996815722
1 2 14 0.005209484088566377
1 3 14 0.00481517682980572
2 1 14 0.0040808724800567775
2 2 14 0.00404720965726156
2 3 14 0.003251613870150654
3 1 14 0.00406567445844637
3 2 14 0.00331844467295288
3 3 14 0.0034911310047561093
1 1 15 0.0033192457049191506
1 2 15 0.003546234186657228
1 3 15 0.004612211856961822
2 1 15 0.0032524811300562832
2 2 15 0.0023210552187080723
2 3 15 0.002850244951057817
3 1 15 0.003040863657345775
3 2 15 0.0026174255007216677
3 3 15 0.0030322938056583032
1 1 16 0.0037138995365874074
1 2 16 0.0045525335920974875
1 3 16 0.00422490877512598
2 1 16 0.0029427221770120097
2 2 16 0.0036150775436471433
2 3 16 0.003164500665089437
3 1 16 0.0022630568818209
3 2 16 0.003281980665686931
3 3 16 0.003181755736558072
1 1 17 0.0027472259350601663
1 2 17 0.0030307371506451313
1 3 17 0.0023938977957929674
2 1 17 0.0018026020960754182
2 2 17 0.0022519489128314174
2 3 17 0.0025018211575498404
3 1 17 0.0020330654102970643
3 2 17 0.002616228906385792
3 3 17 0.0032791768261743056
1 1 18 0.00268571998254349
1 2 18 0.0028585716807502655
1 3 18 0.002340307570390803
2 1 18 0.002329721095425871
2 2 18 0.002038960572899997
2 3 18 0.0019904068323694205
3 1 18 0.0018267351314287593
3 2 18 0.002415635241589968
3 3 18 0.002721453649648403
1 1 19 0.002490269185362595
1 2 19 0.0012362719491041064
1 3 19 0.001694661117774407
2 1 19 0.0016964735687652684
2 2 19 0.0015735538636382318
2 3 19 0.0019414985266130642
3 1 19 0.0018976388825294357
3 2 19 0.001822498643780197
3 3 19 0.0017075589072715676
1 1 20 0.0023306534572451283
1 2 20 0.0016790107520593112
1 3 20 0.0014142273619924205
2 1 20 0.0017446944005613657
2 2 20 0.0017170753229648836
2 3 20 0.0012561924249252317
3 1 20 0.0018985067047934852
3 2 20 0.001377296831097018
3 3 20 0.0011584318302187678
