Norm difference: 1.0
Norm difference: 1.0
1 1
1 2
1 3
2 1
2 2
2 3
3 1
3 2
3 3
1 1
1 2
1 3
2 1
2 2
2 3
3 1
3 2
3 3
1 1
1 2
1 3
2 1
2 2
2 3
3 1
3 2
3 3
1 1
1 2
1 3
2 1
2 2
2 3
3 1
3 2
3 3
1 1
1 2
1 3
2 1
2 2
2 3
3 1
3 2
3 3
1 1
1 2
1 3
2 1
2 2
2 3
3 1
3 2
3 3
1 1
1 2
1 3
2 1
2 2
2 3
3 1
3 2
3 3
1 1
1 2
1 3
2 1
2 2
2 3
3 1
3 2
3 3
1 1
1 2
1 3
2 1
2 2
2 3
3 1
3 2
3 3
1 1
1 2
1 3
2 1
2 2
2 3
3 1
3 2
3 3
1 1
1 2
1 3
2 1
2 2
2 3
3 1
3 2
3 3
1 1
1 2
1 3
2 1
2 2
2 3
3 1
3 2
3 3
1 1
1 2
1 3
2 1
2 2
2 3
3 1
3 2
3 3
1 1
1 2
1 3
2 1
2 2
2 3
3 1
3 2
3 3
1 1
1 2
1 3
2 1
2 2
2 3
3 1
3 2
3 3
1 1
1 2
1 3
2 1
2 2
2 3
3 1
3 2
3 3
1 1
1 2
1 3
2 1
2 2
2 3
3 1
3 2
3 3
1 1
1 2
1 3
2 1
2 2
2 3
3 1
3 2
3 3
1 1
1 2
1 3
2 1
2 2
2 3
3 1
3 2
3 3
1 1
1 2
1 3
2 1
2 2
2 3
3 1
3 2
3 3
1 1 1 0.01308248947356137
1 2 1 0.008975051676350708
1 3 1 0.01690270016307463
2 1 1 0.01216030969458888
2 2 1 0.007145715276758337
2 3 1 0.012754452895500961
3 1 1 0.01249890091136164
3 2 1 0.008338353510975177
3 3 1 0.010931192794266539
1 1 2 0.010930950383435964
1 2 2 0.012282485178574946
1 3 2 0.0106543084538942
2 1 2 0.011063671995848874
2 2 2 0.0057793777566828184
2 3 2 0.010318343356360248
3 1 2 0.008440108239193217
3 2 2 0.010351991765447374
3 3 2 0.010025399249561476
1 1 3 0.016055513534511734
1 2 3 0.009866473380189679
1 3 3 0.019261778433647923
2 1 3 0.00864709949206969
2 2 3 0.00837418402206843
2 3 3 0.010716390342313743
3 1 3 0.012074028950386595
3 2 3 0.00691632486745157
3 3 3 0.014195025255343538
1 1 4 0.01244506144784668
1 2 4 0.006779850020961474
1 3 4 0.01803612723665978
2 1 4 0.005997982593725079
2 2 4 0.005966310131741728
2 3 4 0.010936225956595184
3 1 4 0.0076781704023143535
3 2 4 0.0061355022601948675
3 3 4 0.01234855357393135
1 1 5 0.008623973350431049
1 2 5 0.008323954434998197
1 3 5 0.01420728344565371
2 1 5 0.005294284462432172
2 2 5 0.004988131442970973
2 3 5 0.009524221546063394
3 1 5 0.005542700355491305
3 2 5 0.005344014832837204
3 3 5 0.010882930592278042
1 1 6 0.00754252914010631
1 2 6 0.0066812781020770835
1 3 6 0.018553534533780457
2 1 6 0.0057425846451927744
2 2 6 0.0038376151400882396
2 3 6 0.010509012572194897
3 1 6 0.005895498640872387
3 2 6 0.005088904307585596
3 3 6 0.011702058991160716
1 1 7 0.005518659501968609
1 2 7 0.010015930299295544
1 3 7 0.012903461157462265
2 1 7 0.004536241664529204
2 2 7 0.005568932245294464
2 3 7 0.00917828374656713
3 1 7 0.007099709254725037
3 2 7 0.008120548054897078
3 3 7 0.010322330711296067
1 1 8 0.009042937043795813
1 2 8 0.005634015811552313
1 3 8 0.00927526677627485
2 1 8 0.005681449004692052
2 2 8 0.005704852129108398
2 3 8 0.0072362417360802124
3 1 8 0.009580785544492522
3 2 8 0.004255105495110453
3 3 8 0.009895553916228858
1 1 9 0.008152593841536711
1 2 9 0.003977346731181277
1 3 9 0.007966168020175721
2 1 9 0.005964890463477268
2 2 9 0.004092687820219259
2 3 9 0.005534768695933617
3 1 9 0.00646648693557311
3 2 9 0.005363880606555964
3 3 9 0.0064473670955791235
1 1 10 0.005205665183204751
1 2 10 0.005158132213650525
1 3 10 0.00609326213345496
2 1 10 0.004780178954375856
2 2 10 0.0034187083292902833
2 3 10 0.0034348279288122256
3 1 10 0.00549555387234683
3 2 10 0.003960638291312275
3 3 10 0.0064037244516755645
1 1 11 0.006553265342851333
1 2 11 0.0048068872743588205
1 3 11 0.0053407212072545725
2 1 11 0.0042057050041601615
2 2 11 0.001999183814459601
2 3 11 0.004017544726054919
3 1 11 0.005509120222493027
3 2 11 0.003506853457196723
3 3 11 0.00536835424286176
1 1 12 0.005896911038341366
1 2 12 0.0027288200458211497
1 3 12 0.005057912890191115
2 1 12 0.0030683383013155514
2 2 12 0.002547198136400528
2 3 12 0.00425804551167167
3 1 12 0.003705639655780651
3 2 12 0.0024624715618385778
3 3 12 0.004993152031022149
1 1 13 0.0035761190056102198
1 2 13 0.002436536062990617
1 3 13 0.004214685572935598
2 1 13 0.0022504819183840987
2 2 13 0.002027114157974624
2 3 13 0.003263094034566633
3 1 13 0.0024462974599466095
3 2 13 0.002002272848812966
3 3 13 0.004542726885193073
1 1 14 0.002847265465571667
1 2 14 0.0023866109909482145
1 3 14 0.002886313206630039
2 1 14 0.001974847650784285
2 2 14 0.0012155157728170646
2 3 14 0.002409603101521181
3 1 14 0.0020800225202960375
3 2 14 0.002599543541986157
3 3 14 0.0026426235746689532
1 1 15 0.0026883865480931447
1 2 15 0.0021709655109066845
1 3 15 0.002720881281705058
2 1 15 0.0014072785403973717
2 2 15 0.0012221872784642048
2 3 15 0.0016768791374220493
3 1 15 0.002233921676584124
3 2 15 0.0016450010113450621
3 3 15 0.0022865971209115117
1 1 16 0.0017764152241399797
1 2 16 0.0011561043000032508
1 3 16 0.002074734376305203
2 1 16 0.001208857428689941
2 2 16 0.0009047916669221504
2 3 16 0.0010315273138155822
3 1 16 0.001977304361333104
3 2 16 0.0010201527404131371
3 3 16 0.0011931524203309101
1 1 17 0.0011843345174902668
1 2 17 0.0012757112700118977
1 3 17 0.001679554767179805
2 1 17 0.0009590719308207287
2 2 17 0.0008578982008359351
2 3 17 0.000970808864008155
3 1 17 0.0013013152965071152
3 2 17 0.0012842937976598402
3 3 17 0.0012057351112262232
1 1 18 0.0013013035038050074
1 2 18 0.001266217872396546
1 3 18 0.0017309519389623793
2 1 18 0.0007864528964039389
2 2 18 0.0007964749738144626
2 3 18 0.0010570365283147957
3 1 18 0.0014787189061125105
3 2 18 0.0010651546384772483
3 3 18 0.0012863461216697288
1 1 19 0.0011276092731635373
1 2 19 0.0009618368497084313
1 3 19 0.0013289827741663064
2 1 19 0.0008593185078833371
2 2 19 0.0006537074862791685
2 3 19 0.0007016869766171126
3 1 19 0.001158864487959887
3 2 19 0.0010040481725187773
3 3 19 0.001207395326460891
1 1 20 0.0007390409532962376
1 2 20 0.0011654064457072542
1 3 20 0.0008782616034074253
2 1 20 0.0007654767215440599
2 2 20 0.0005389534761787164
2 3 20 0.0005902935536668675
3 1 20 0.000826230581681147
3 2 20 0.0007880405405772019
3 3 20 0.0009771313217659375
