[-2.41421356 -1.         -1.         -0.41421356  0.41421356  1.
  1.          2.41421356]
W: 4.0
num_iter: 0
[-0.92708648 -0.90012486 -0.87038927 -0.83944782 -0.805127   -0.76771652
 -0.72752623 -0.6850887  -0.63735841 -0.58674103 -0.53275006 -0.47402424
 -0.40946982 -0.33858296 -0.25704011 -0.15751751  0.15751565  0.2570463
  0.3385476   0.40948971  0.47401478  0.53276131  0.5867401   0.63734832
  0.68508964  0.72753738  0.76772129  0.80511319  0.83945401  0.87039121
  0.90013031  0.92709025]
localization_length: 0.39678597830889406
0.3975347292578361
W_list: [4.0]
L_list: [0.3975347292578361]
[-2.41421356 -1.         -1.         -0.41421356  0.41421356  1.
  1.          2.41421356]
W: 4.0
num_iter: 0
[-0.92610525 -0.89931354 -0.87004975 -0.83919383 -0.8046031  -0.76804098
 -0.72699009 -0.68352174 -0.6368614  -0.58666261 -0.53210474 -0.47384755
 -0.40984793 -0.33843712 -0.25716087 -0.15844562  0.15844573  0.25716082
  0.33844937  0.40985336  0.47384015  0.53212797  0.58664026  0.6368661
  0.68351466  0.72698145  0.76805057  0.80459933  0.83919018  0.87004548
  0.89931935  0.92610131]
localization_length: 0.39445710486964225
0.3938387502287836
W_list: [4.0]
L_list: [0.3938387502287836]
