W: 2.6
num_iter: 0
[-0.78858403 -0.78858403 -0.73543595 -0.73543595 -0.66202853 -0.66202853
 -0.5731431  -0.5731431  -0.46858902 -0.46858902 -0.34880289 -0.34880289
 -0.21177271 -0.21177271 -0.05193415 -0.05193415  0.05193233  0.05193233
  0.21177613  0.21177613  0.34880164  0.34880164  0.46859016  0.46859016
  0.57314056  0.57314056  0.66202979  0.66202979  0.73543561  0.73543561
  0.78858415  0.78858415]
localization_length: 2.4069782710579513
2.4038706646700176
W_list: [2.6]
L_list: [19.23096531736014]
