W: 2.8
num_iter: 0
[-0.83259949 -0.83259949 -0.82288473 -0.82288473 -0.81192343 -0.81192343
 -0.80004543 -0.80004543 -0.78636454 -0.78636454 -0.77158918 -0.77158918
 -0.7558893  -0.7558893  -0.73870448 -0.73870448 -0.72055348 -0.72055348
 -0.70105438 -0.70105438 -0.68053286 -0.68053286 -0.65896563 -0.65896563
 -0.63631581 -0.63631581 -0.61288819 -0.61288819 -0.58842121 -0.58842121
 -0.56260742 -0.56260742 -0.5364102  -0.5364102  -0.50835563 -0.50835563
 -0.47975529 -0.47975529 -0.45016155 -0.45016155 -0.41925136 -0.41925136
 -0.38720802 -0.38720802 -0.3544586  -0.3544586  -0.31992031 -0.31992031
 -0.2851219  -0.2851219  -0.24843321 -0.24843321 -0.21092777 -0.21092777
 -0.17290578 -0.17290578 -0.13455693 -0.13455693 -0.09563931 -0.09563931
 -0.05621928 -0.05621928 -0.01382913 -0.01382913  0.01382853  0.01382853
  0.05621411  0.05621411  0.09564632  0.09564632  0.13455144  0.13455144
  0.17289978  0.17289978  0.2109272   0.2109272   0.24843743  0.24843743
  0.28512677  0.28512677  0.31991563  0.31991563  0.35445791  0.35445791
  0.38720433  0.38720433  0.41924505  0.41924505  0.45016384  0.45016384
  0.47975237  0.47975237  0.50835545  0.50835545  0.53640914  0.53640914
  0.56260947  0.56260947  0.58842385  0.58842385  0.61288641  0.61288641
  0.63631384  0.63631384  0.65896572  0.65896572  0.68053367  0.68053367
  0.70106147  0.70106147  0.72055507  0.72055507  0.7387062   0.7387062
  0.75589061  0.75589061  0.77158805  0.77158805  0.78636575  0.78636575
  0.80004601  0.80004601  0.81192495  0.81192495  0.82288492  0.82288492
  0.83260255  0.83260255]
localization_length: 2.259821334477365
2.272190880541387
W_list: [2.8]
L_list: [72.71010817732439]
