[-2.41421356 -1.         -1.         -0.41421356  0.41421356  1.
  1.          2.41421356]
W: 4.0
num_iter: 0
[-0.88848743 -0.738684   -0.54608599 -0.30740806  0.30740529  0.5460975
  0.73867596  0.88848674]
localization_length: 0.8132586036918491
0.8125655731228166
num_iter: 1
[-0.88801521 -0.73631209 -0.54510825 -0.30710068  0.30711185  0.54509861
  0.73631497  0.88801079]
localization_length: 0.8140652862318214
0.815485963431897
num_iter: 2
[-0.88846719 -0.73892568 -0.54469601 -0.3075418   0.30754153  0.54469165
  0.73892874  0.88846876]
localization_length: 0.8128983494752083
0.8162090416823662
W_list: [4.0]
L_list: [0.8147535260790266]
[-2.41421356 -1.         -1.         -0.41421356  0.41421356  1.
  1.          2.41421356]
W: 4.0
num_iter: 0
[-0.88894153 -0.73741835 -0.54533974 -0.30942632  0.3094273   0.54534008
  0.73741642  0.88894214]
localization_length: 0.8079467896446128
0.8064387960983223
num_iter: 1
[-0.88870583 -0.73869841 -0.54683803 -0.30793863  0.30792984  0.54683377
  0.73871081  0.88870648]
localization_length: 0.8118732600723467
0.809488671023701
num_iter: 2
[-0.88911492 -0.73689353 -0.54623317 -0.30680167  0.30680602  0.54622955
  0.73689827  0.88910946]
localization_length: 0.8148586626853125
0.8097958882487172
W_list: [4.0]
L_list: [0.8085744517902469]
