W: 3.4000000000000004
num_iter: 0
[-0.8665351  -0.8665351  -0.81747869 -0.81747869 -0.75051525 -0.75051525
 -0.66523491 -0.66523491 -0.56031945 -0.56031945 -0.43266916 -0.43266916
 -0.27722119 -0.27722119 -0.0850639  -0.0850639   0.08506569  0.08506569
  0.27721748  0.27721748  0.43266408  0.43266408  0.56032069  0.56032069
  0.66523787  0.66523787  0.75051431  0.75051431  0.81747967  0.81747967
  0.86653787  0.86653787]
localization_length: 1.469483581252316
1.4627470720245155
W_list: [3.4000000000000004]
L_list: [11.701976576196124]
