[-2.41421356 -1.         -1.         -0.41421356  0.41421356  1.
  1.          2.41421356]
W: 3.4
num_iter: 0
[-0.79917178 -0.73990803 -0.67211075 -0.59246086 -0.50533256 -0.40630194
 -0.29425587 -0.16086987  0.16087311  0.29425436  0.40629579  0.50533093
  0.59246132  0.67211584  0.73990854  0.79917177]
localization_length: 0.7770255543860438
0.772889967712218
W_list: [3.4]
L_list: [0.772889967712218]
[-2.41421356 -1.         -1.         -0.41421356  0.41421356  1.
  1.          2.41421356]
W: 3.4
num_iter: 0
[-0.7984898  -0.74003305 -0.67197506 -0.59455836 -0.50554017 -0.40706996
 -0.29310231 -0.16179301  0.16179455  0.29310408  0.4070692   0.50553984
  0.59456028  0.67196769  0.74003407  0.798492  ]
localization_length: 0.7725921138209217
0.7733702186145438
W_list: [3.4]
L_list: [0.7733702186145438]
