Norm difference: 1.0
Norm difference: 1.0
1 1
1 2
2 1
2 2
1 1
1 2
2 1
2 2
1 1
1 2
2 1
2 2
1 1
1 2
2 1
2 2
1 1
1 2
2 1
2 2
1 1
1 2
2 1
2 2
1 1
1 2
2 1
2 2
1 1
1 2
2 1
2 2
1 1
1 2
2 1
2 2
1 1
1 2
2 1
2 2
1 1
1 2
2 1
2 2
1 1
1 2
2 1
2 2
1 1
1 2
2 1
2 2
1 1
1 2
2 1
2 2
1 1
1 2
2 1
2 2
1 1
1 2
2 1
2 2
1 1
1 2
2 1
2 2
1 1
1 2
2 1
2 2
1 1
1 2
2 1
2 2
1 1
1 2
2 1
2 2
1 1 1 0.0077993197257120355
1 2 1 0.007467051355289182
2 1 1 0.010293756606651903
2 2 1 0.00973521534222822
1 1 2 0.006150808063914179
1 2 2 0.008086442462327892
2 1 2 0.010558950024729065
2 2 2 0.010433348880563083
1 1 3 0.00795512417590962
1 2 3 0.012000273565152859
2 1 3 0.01045064847785702
2 2 3 0.01139944054113821
1 1 4 0.006048125534374438
1 2 4 0.009015236223813781
2 1 4 0.008571596375733353
2 2 4 0.01038205433220043
1 1 5 0.006911024020494772
1 2 5 0.009395229067788774
2 1 5 0.006645447354853756
2 2 5 0.01238013257294161
1 1 6 0.008310418188795675
1 2 6 0.008385779231891106
2 1 6 0.005772982152925209
2 2 6 0.008161261752004458
1 1 7 0.0070638162257852435
1 2 7 0.007370683065286915
2 1 7 0.007066297876607917
2 2 7 0.009349953468535928
1 1 8 0.006061724225119003
1 2 8 0.007313966916385484
2 1 8 0.006716916363620376
2 2 8 0.005613163773440071
1 1 9 0.0050988499388505415
1 2 9 0.006615275584907434
2 1 9 0.0055952445450668615
2 2 9 0.006068119803482904
1 1 10 0.004342592712769606
1 2 10 0.006077624841596806
2 1 10 0.005369890475298941
2 2 10 0.006020725424078522
1 1 11 0.0043892262757373405
1 2 11 0.005116311164382551
2 1 11 0.004028386436600287
2 2 11 0.005277814059146496
1 1 12 0.004996856059935608
1 2 12 0.004439965871219451
2 1 12 0.004188534112145732
2 2 12 0.004771557330584014
1 1 13 0.003823745270651692
1 2 13 0.004376991544193938
2 1 13 0.0036676222457531485
2 2 13 0.003990986178210364
1 1 14 0.0028040355372091026
1 2 14 0.0031501987130870233
2 1 14 0.0042976036410288755
2 2 14 0.003908109661925419
1 1 15 0.0025292458147026407
1 2 15 0.0029887893078602698
2 1 15 0.0027101173745991787
2 2 15 0.0029880111395419193
1 1 16 0.002255924773138536
1 2 16 0.002801471343215721
2 1 16 0.0017524481126778106
2 2 16 0.0026124389765259685
1 1 17 0.0022473691588898357
1 2 17 0.0021135164172629266
2 1 17 0.001407546633221898
2 2 17 0.0019373272324030243
1 1 18 0.0017766976290843905
1 2 18 0.0019016483814497712
2 1 18 0.0013903489968360304
2 2 18 0.0016813294815545294
1 1 19 0.0014597019758054964
1 2 19 0.00155229674239398
2 1 19 0.0016635993455470714
2 2 19 0.0011929954588174867
1 1 20 0.0012088040917890958
1 2 20 0.001509817517864114
2 1 20 0.000986796115154413
2 2 20 0.0014780679857882835
