[-2.41421356 -1.         -1.         -0.41421356  0.41421356  1.
  1.          2.41421356]
W: 2.4
num_iter: 0
[-0.61116322 -0.59763814 -0.58337961 -0.56962502 -0.55456287 -0.53978823
 -0.52357676 -0.50790463 -0.49156663 -0.47500627 -0.45812109 -0.44066762
 -0.42394766 -0.40619923 -0.38871872 -0.37129887 -0.35266206 -0.33499487
 -0.31607405 -0.29707906 -0.27855091 -0.25883338 -0.23945793 -0.22001641
 -0.19969186 -0.17863903 -0.15698674 -0.13495333 -0.1118194  -0.08778801
 -0.06123336 -0.03217838  0.03217294  0.06123086  0.08778975  0.1118232
  0.1349496   0.15699872  0.17863987  0.19969765  0.22002183  0.23945042
  0.25883318  0.27855856  0.29706974  0.31606758  0.33499521  0.35263536
  0.37131156  0.38870748  0.4062078   0.42393411  0.44068456  0.45811544
  0.4749977   0.49156749  0.50792196  0.52358559  0.53978071  0.55457447
  0.56962145  0.58337551  0.59763147  0.61117157]
localization_length: 0.9713132757362047
0.9836115002568636
W_list: [2.4]
L_list: [0.9836115002568636]
[-2.41421356 -1.         -1.         -0.41421356  0.41421356  1.
  1.          2.41421356]
W: 2.4
num_iter: 0
[-0.61087372 -0.59685619 -0.5834653  -0.56929167 -0.55467069 -0.53902872
 -0.52386865 -0.50691126 -0.49106562 -0.47451603 -0.45780685 -0.44091084
 -0.42380264 -0.40607672 -0.38856793 -0.37042674 -0.3525476  -0.33438217
 -0.31618681 -0.29729471 -0.27817218 -0.25877913 -0.23976569 -0.2198385
 -0.19918825 -0.17877886 -0.15752079 -0.13544483 -0.11210573 -0.08796807
 -0.06140152 -0.03286793  0.03287236  0.06140167  0.08796783  0.11210162
  0.13544191  0.15751655  0.17877947  0.19918647  0.21984543  0.23976118
  0.25878026  0.27817905  0.29730381  0.31617462  0.33438999  0.35254581
  0.37042615  0.38856441  0.40607471  0.42379961  0.44091313  0.45780595
  0.47451617  0.49106016  0.50691386  0.52387427  0.53904027  0.55466937
  0.56929565  0.58346464  0.59684287  0.6108731 ]
localization_length: 0.9507747908011503
0.9765083256326618
W_list: [2.4]
L_list: [0.9765083256326618]
