W: 2.8
num_iter: 0
[-1.19281682 -1.19281682 -1.12858805 -1.12858805 -1.03618794 -1.03618794
 -0.9088571  -0.9088571  -0.74664369 -0.74664369 -0.56012849 -0.56012849
 -0.36032364 -0.36032364 -0.12951965 -0.12951965  0.12951803  0.12951803
  0.36032595  0.36032595  0.56012521  0.56012521  0.74664451  0.74664451
  0.90885669  0.90885669  1.03618983  1.03618983  1.12858694  1.12858694
  1.19281823  1.19281823]
localization_length: 0.9651166278850445
0.9537762420984437
W_list: [2.8]
L_list: [7.6302099367875496]
