W: 4.2
num_iter: 0
[-1.04672453 -1.04672453 -1.02291699 -1.02291699 -0.9950066  -0.9950066
 -0.96286602 -0.96286602 -0.92696059 -0.92696059 -0.88574373 -0.88574373
 -0.83987748 -0.83987748 -0.78878913 -0.78878913 -0.73188318 -0.73188318
 -0.66867579 -0.66867579 -0.59794286 -0.59794286 -0.51929632 -0.51929632
 -0.4317657  -0.4317657  -0.33476636 -0.33476636 -0.22782834 -0.22782834
 -0.09958993 -0.09958993  0.09958857  0.09958857  0.22782833  0.22782833
  0.33476319  0.33476319  0.43176321  0.43176321  0.51930676  0.51930676
  0.59792895  0.59792895  0.66867606  0.66867606  0.73188495  0.73188495
  0.78878862  0.78878862  0.83987924  0.83987924  0.88574582  0.88574582
  0.92695848  0.92695848  0.96286724  0.96286724  0.99500831  0.99500831
  1.02291873  1.02291873  1.04672707  1.04672707]
localization_length: 0.6275820586764015
0.6275790070063183
W_list: [4.2]
L_list: [10.041264112101093]
