W: 3.4000000000000004
num_iter: 0
[-0.91460895 -0.91460895 -0.85966822 -0.85966822 -0.78587047 -0.78587047
 -0.6951557  -0.6951557  -0.58346473 -0.58346473 -0.44963551 -0.44963551
 -0.29057287 -0.29057287 -0.09120925 -0.09120925  0.09121306  0.09121306
  0.29057338  0.29057338  0.44963618  0.44963618  0.58346762  0.58346762
  0.69515625  0.69515625  0.78586387  0.78586387  0.85966984  0.85966984
  0.91460548  0.91460548]
localization_length: 1.3704751073247505
1.3762709910399165
W_list: [3.4000000000000004]
L_list: [11.010167928319332]
