W: 1.6
num_iter: 0
[-1.14608564 -1.14608564 -1.12756867 -1.12756867 -1.10357861 -1.10357861
 -1.0721336  -1.0721336  -1.03255864 -1.03255864 -0.98220108 -0.98220108
 -0.91886628 -0.91886628 -0.84017528 -0.84017528 -0.74437616 -0.74437616
 -0.63440718 -0.63440718 -0.5179667  -0.5179667  -0.40493749 -0.40493749
 -0.30352868 -0.30352868 -0.21019785 -0.21019785 -0.12272461 -0.12272461
 -0.03197384 -0.03197384  0.03197679  0.03197679  0.12271964  0.12271964
  0.21019469  0.21019469  0.30352806  0.30352806  0.40494533  0.40494533
  0.51796015  0.51796015  0.63440949  0.63440949  0.74437616  0.74437616
  0.84017433  0.84017433  0.91886148  0.91886148  0.98220306  0.98220306
  1.03256181  1.03256181  1.07213214  1.07213214  1.10357972  1.10357972
  1.12757171  1.12757171  1.14608572  1.14608572]
localization_length: 1.9547230916999352
1.969756747379307
W_list: [1.6]
L_list: [31.51610795806891]
