Norm difference: 1.0
Norm difference: 1.0
1 1
1 2
2 1
2 2
1 1
1 2
2 1
2 2
1 1
1 2
2 1
2 2
1 1
1 2
2 1
2 2
1 1
1 2
2 1
2 2
1 1
1 2
2 1
2 2
1 1
1 2
2 1
2 2
1 1
1 2
2 1
2 2
1 1
1 2
2 1
2 2
1 1
1 2
2 1
2 2
1 1
1 2
2 1
2 2
1 1
1 2
2 1
2 2
1 1
1 2
2 1
2 2
1 1
1 2
2 1
2 2
1 1
1 2
2 1
2 2
1 1
1 2
2 1
2 2
1 1
1 2
2 1
2 2
1 1
1 2
2 1
2 2
1 1
1 2
2 1
2 2
1 1
1 2
2 1
2 2
1 1 1 0.008846311651985817
1 2 1 0.012830809907541204
2 1 1 0.01477183119595161
2 2 1 0.010001734229841686
1 1 2 0.006301688967627547
1 2 2 0.01394277828416347
2 1 2 0.012189640644628836
2 2 2 0.01536839391360309
1 1 3 0.007476071372328334
1 2 3 0.010021398405381127
2 1 3 0.011027631516016257
2 2 3 0.012020374427647782
1 1 4 0.009532562204418723
1 2 4 0.008676447128401174
2 1 4 0.008530644859872528
2 2 4 0.012730320106079144
1 1 5 0.007080080274923117
1 2 5 0.0073634828726757
2 1 5 0.008068363928859887
2 2 5 0.011200557259017134
1 1 6 0.005513977037945154
1 2 6 0.008144453192001284
2 1 6 0.008426222093321934
2 2 6 0.009689317585860498
1 1 7 0.005326306384843735
1 2 7 0.0074777528232291305
2 1 7 0.007743212407338333
2 2 7 0.009015515899108902
1 1 8 0.005821609241017296
1 2 8 0.006893169118245243
2 1 8 0.005505533729712965
2 2 8 0.0076684544523166875
1 1 9 0.0047249234424842
1 2 9 0.0062326110150385285
2 1 9 0.005326539353716163
2 2 9 0.008042810455885167
1 1 10 0.003640293582672493
1 2 10 0.004815496655864875
2 1 10 0.004707320809743139
2 2 10 0.0049719436046327435
1 1 11 0.002935976054938965
1 2 11 0.0033193651590735966
2 1 11 0.0038184446419474035
2 2 11 0.005922796777211832
1 1 12 0.0027227028960292456
1 2 12 0.003829780691448838
2 1 12 0.0023903743399014783
2 2 12 0.0034445472330439713
1 1 13 0.0023288202945680797
1 2 13 0.0030838727991992798
2 1 13 0.0037816827101059694
2 2 13 0.00373380075855227
1 1 14 0.0022751094793990296
1 2 14 0.002540933211459399
2 1 14 0.0024278439450908444
2 2 14 0.0030693379965339405
1 1 15 0.002154303201093262
1 2 15 0.002245563221961253
2 1 15 0.0035379795909825963
2 2 15 0.0027945690692443323
1 1 16 0.0024307852493172556
1 2 16 0.0019438834077538654
2 1 16 0.002149325859971729
2 2 16 0.0026103418247840566
1 1 17 0.0019373864204910991
1 2 17 0.0019929060012192543
2 1 17 0.0028200767764411114
2 2 17 0.002744025244094369
1 1 18 0.0016677917254391754
1 2 18 0.0022990725336685105
2 1 18 0.0023301143077464267
2 2 18 0.0022085123454903257
1 1 19 0.001967292112583549
1 2 19 0.0017891473660855428
2 1 19 0.0022014530566566624
2 2 19 0.002964018996935554
1 1 20 0.0019091300363454089
1 2 20 0.0016126187700047686
2 1 20 0.0019292066097576226
2 2 20 0.0023487480543934926
