W: 3.2
num_iter: 0
[-0.89668697 -0.89668697 -0.88650281 -0.88650281 -0.87556931 -0.87556931
 -0.86306679 -0.86306679 -0.84922665 -0.84922665 -0.83482779 -0.83482779
 -0.81857997 -0.81857997 -0.80127418 -0.80127418 -0.78320893 -0.78320893
 -0.76356657 -0.76356657 -0.7432032  -0.7432032  -0.72132211 -0.72132211
 -0.69822232 -0.69822232 -0.67456123 -0.67456123 -0.64934125 -0.64934125
 -0.62347774 -0.62347774 -0.59569887 -0.59569887 -0.56692264 -0.56692264
 -0.53708376 -0.53708376 -0.50576332 -0.50576332 -0.4732983  -0.4732983
 -0.43916811 -0.43916811 -0.40369463 -0.40369463 -0.36723043 -0.36723043
 -0.32878455 -0.32878455 -0.2895009  -0.2895009  -0.24850285 -0.24850285
 -0.20604532 -0.20604532 -0.16320487 -0.16320487 -0.11868865 -0.11868865
 -0.07359285 -0.07359285 -0.02259783 -0.02259783  0.02260003  0.02260003
  0.07359143  0.07359143  0.1186973   0.1186973   0.16320581  0.16320581
  0.20604109  0.20604109  0.24850317  0.24850317  0.28950174  0.28950174
  0.32878471  0.32878471  0.3672239   0.3672239   0.40369912  0.40369912
  0.43916579  0.43916579  0.47328972  0.47328972  0.50576367  0.50576367
  0.53708191  0.53708191  0.56692098  0.56692098  0.59569403  0.59569403
  0.62347926  0.62347926  0.6493486   0.6493486   0.67457025  0.67457025
  0.69822251  0.69822251  0.72132539  0.72132539  0.74320747  0.74320747
  0.76355648  0.76355648  0.7832087   0.7832087   0.80127641  0.80127641
  0.8185762   0.8185762   0.83482521  0.83482521  0.84923031  0.84923031
  0.86306419  0.86306419  0.87556832  0.87556832  0.88650289  0.88650289
  0.89668911  0.89668911]
localization_length: 1.3828759153507264
1.401574565378159
W_list: [3.2]
L_list: [44.85038609210109]
