W: 2.0
num_iter: 0
[-0.63448821 -0.63448821 -0.62744527 -0.62744527 -0.61892414 -0.61892414
 -0.60914887 -0.60914887 -0.59814411 -0.59814411 -0.58642351 -0.58642351
 -0.5732068  -0.5732068  -0.55968989 -0.55968989 -0.54524252 -0.54524252
 -0.53002501 -0.53002501 -0.51418425 -0.51418425 -0.49735135 -0.49735135
 -0.47976531 -0.47976531 -0.46179719 -0.46179719 -0.4423911  -0.4423911
 -0.42301337 -0.42301337 -0.40244729 -0.40244729 -0.38131336 -0.38131336
 -0.35880946 -0.35880946 -0.33574076 -0.33574076 -0.31157042 -0.31157042
 -0.28678811 -0.28678811 -0.26111356 -0.26111356 -0.2345232  -0.2345232
 -0.20689632 -0.20689632 -0.17867115 -0.17867115 -0.15055283 -0.15055283
 -0.12143723 -0.12143723 -0.09253212 -0.09253212 -0.0638815  -0.0638815
 -0.03536128 -0.03536128 -0.00713911 -0.00713911  0.00714205  0.00714205
  0.03535957  0.03535957  0.06388374  0.06388374  0.09253522  0.09253522
  0.12143496  0.12143496  0.15055521  0.15055521  0.17867373  0.17867373
  0.20690014  0.20690014  0.23452589  0.23452589  0.26111047  0.26111047
  0.28678669  0.28678669  0.3115688   0.3115688   0.3357407   0.3357407
  0.35881061  0.35881061  0.38130861  0.38130861  0.40244342  0.40244342
  0.42300899  0.42300899  0.44239328  0.44239328  0.4617999   0.4617999
  0.47976533  0.47976533  0.49734534  0.49734534  0.51418969  0.51418969
  0.53002541  0.53002541  0.54524227  0.54524227  0.55969084  0.55969084
  0.57320121  0.57320121  0.58642797  0.58642797  0.59814995  0.59814995
  0.60914367  0.60914367  0.6189224   0.6189224   0.62744257  0.62744257
  0.63448999  0.63448999]
localization_length: 4.377293796177646
4.33055284112189
W_list: [2.0]
L_list: [138.5776909159005]
