[-2.41421356 -1.         -1.         -0.41421356  0.41421356  1.
  1.          2.41421356]
W: 3.4
num_iter: 0
[-0.81486479 -0.78730679 -0.75798712 -0.72587342 -0.69244559 -0.6556652
 -0.61629898 -0.57531795 -0.53057935 -0.48345298 -0.43381651 -0.38087739
 -0.32348218 -0.26190823 -0.19267825 -0.1100917   0.11009082  0.19267737
  0.26190308  0.32348933  0.38089261  0.43381859  0.48343863  0.53057837
  0.5753136   0.6162916   0.65566701  0.69245849  0.72587061  0.75798381
  0.78730827  0.81486426]
localization_length: 0.5677130877639252
0.5673841102894669
W_list: [3.4]
L_list: [0.5673841102894669]
[-2.41421356 -1.         -1.         -0.41421356  0.41421356  1.
  1.          2.41421356]
W: 3.4
num_iter: 0
[-0.81417109 -0.78682742 -0.75836516 -0.72681682 -0.69322117 -0.65689088
 -0.61671475 -0.57518698 -0.53100829 -0.48434403 -0.4344503  -0.38099519
 -0.32413744 -0.26211892 -0.19234569 -0.11077873  0.11078051  0.19234016
  0.26211678  0.32411907  0.38099709  0.43445524  0.48434908  0.53100858
  0.5751887   0.61671284  0.65689219  0.69323335  0.72680293  0.7583656
  0.78683309  0.81417766]
localization_length: 0.5641877152302693
0.561283524292032
W_list: [3.4]
L_list: [0.561283524292032]
