W: 1.4
num_iter: 0
[-1.13795133 -1.13795133 -1.12105945 -1.12105945 -1.09784677 -1.09784677
 -1.06785508 -1.06785508 -1.02960732 -1.02960732 -0.98075666 -0.98075666
 -0.91924849 -0.91924849 -0.84095285 -0.84095285 -0.74440642 -0.74440642
 -0.6315477  -0.6315477  -0.50834677 -0.50834677 -0.39156394 -0.39156394
 -0.28831442 -0.28831442 -0.19730933 -0.19730933 -0.11276148 -0.11276148
 -0.02737297 -0.02737297  0.02737606  0.02737606  0.11276122  0.11276122
  0.19730917  0.19730917  0.28831718  0.28831718  0.39156428  0.39156428
  0.5083431   0.5083431   0.63154696  0.63154696  0.7444042   0.7444042
  0.84096026  0.84096026  0.919249    0.919249    0.98075517  0.98075517
  1.02960063  1.02960063  1.06785462  1.06785462  1.09785306  1.09785306
  1.12105912  1.12105912  1.13794695  1.13794695]
localization_length: 2.283274445851305
2.2835146945033213
W_list: [1.4]
L_list: [36.53623511205314]
