[-2.41421356 -1.         -1.         -0.41421356  0.41421356  1.
  1.          2.41421356]
W: 1.7999999999999998
num_iter: 0
[-0.46030735 -0.43296802 -0.40339341 -0.37374046 -0.34394662 -0.31482666
 -0.2859467  -0.25784593 -0.22932676 -0.20124935 -0.17369587 -0.14588405
 -0.11740746 -0.08951877 -0.05975989 -0.03035344  0.03035609  0.05976037
  0.08951387  0.11740545  0.14588752  0.17368531  0.20125522  0.22932113
  0.25783657  0.28595408  0.31482163  0.34395944  0.37374513  0.40339341
  0.43296834  0.46030718]
localization_length: 2.059075017006227
2.035518573497801
W_list: [1.7999999999999998]
L_list: [2.035518573497801]
[-2.41421356 -1.         -1.         -0.41421356  0.41421356  1.
  1.          2.41421356]
W: 1.7999999999999998
num_iter: 0
[-0.46005581 -0.43244304 -0.40351656 -0.37318697 -0.34449727 -0.31494279
 -0.28592379 -0.25688598 -0.22867937 -0.20155394 -0.17331203 -0.14531283
 -0.11748772 -0.0893998  -0.06037388 -0.02984409  0.0298434   0.06035823
  0.08941182  0.11747578  0.14532165  0.17330448  0.20155498  0.22867171
  0.25688075  0.28593536  0.31494714  0.34449361  0.37319758  0.40351056
  0.43245942  0.46004941]
localization_length: 2.094265599114312
2.0617903636369577
W_list: [1.7999999999999998]
L_list: [2.0617903636369577]
