W: 2.6
num_iter: 0
[-0.7374247  -0.7374247  -0.72950073 -0.72950073 -0.72035801 -0.72035801
 -0.70966829 -0.70966829 -0.69811181 -0.69811181 -0.68526267 -0.68526267
 -0.67162029 -0.67162029 -0.65663397 -0.65663397 -0.64078862 -0.64078862
 -0.62431127 -0.62431127 -0.60600634 -0.60600634 -0.58753767 -0.58753767
 -0.56777234 -0.56777234 -0.54695546 -0.54695546 -0.52539817 -0.52539817
 -0.50295356 -0.50295356 -0.47902993 -0.47902993 -0.4543406  -0.4543406
 -0.42875304 -0.42875304 -0.40197803 -0.40197803 -0.37404151 -0.37404151
 -0.34536724 -0.34536724 -0.3148619  -0.3148619  -0.28348316 -0.28348316
 -0.25148067 -0.25148067 -0.21855716 -0.21855716 -0.18447789 -0.18447789
 -0.15019438 -0.15019438 -0.11551528 -0.11551528 -0.08041855 -0.08041855
 -0.04616726 -0.04616726 -0.00954389 -0.00954389  0.00954324  0.00954324
  0.04616649  0.04616649  0.08042217  0.08042217  0.11552111  0.11552111
  0.15019085  0.15019085  0.18447704  0.18447704  0.21855708  0.21855708
  0.25147848  0.25147848  0.28347625  0.28347625  0.31486111  0.31486111
  0.34536256  0.34536256  0.37404054  0.37404054  0.40197576  0.40197576
  0.42875473  0.42875473  0.45433598  0.45433598  0.47902966  0.47902966
  0.50294963  0.50294963  0.52540238  0.52540238  0.54695553  0.54695553
  0.56777357  0.56777357  0.58753532  0.58753532  0.60601105  0.60601105
  0.62431454  0.62431454  0.6407931   0.6407931   0.65663392  0.65663392
  0.67161983  0.67161983  0.68526287  0.68526287  0.69811238  0.69811238
  0.70967285  0.70967285  0.72035893  0.72035893  0.7295001   0.7295001
  0.73742534  0.73742534]
localization_length: 3.2745692631809136
3.302079982329176
W_list: [2.6]
L_list: [105.66655943453364]
