W: 2.2
num_iter: 0
[-0.7252392  -0.7252392  -0.67318093 -0.67318093 -0.60192517 -0.60192517
 -0.51487605 -0.51487605 -0.41563995 -0.41563995 -0.30566667 -0.30566667
 -0.18107363 -0.18107363 -0.04038893 -0.04038893  0.04038866  0.04038866
  0.181071    0.181071    0.30566687  0.30566687  0.41564177  0.41564177
  0.51486974  0.51486974  0.60193129  0.60193129  0.67318336  0.67318336
  0.72523785  0.72523785]
localization_length: 3.094928457682747
3.0474229600900884
W_list: [2.2]
L_list: [24.379383680720707]
