Norm difference: 1.0
Norm difference: 1.0
1 1
1 2
2 1
2 2
1 1
1 2
2 1
2 2
1 1
1 2
2 1
2 2
1 1
1 2
2 1
2 2
1 1
1 2
2 1
2 2
1 1
1 2
2 1
2 2
1 1
1 2
2 1
2 2
1 1
1 2
2 1
2 2
1 1
1 2
2 1
2 2
1 1
1 2
2 1
2 2
1 1
1 2
2 1
2 2
1 1
1 2
2 1
2 2
1 1
1 2
2 1
2 2
1 1
1 2
2 1
2 2
1 1
1 2
2 1
2 2
1 1
1 2
2 1
2 2
1 1
1 2
2 1
2 2
1 1
1 2
2 1
2 2
1 1
1 2
2 1
2 2
1 1
1 2
2 1
2 2
1 1 1 7.0724265764654515e-6
1 2 1 1.5788821808135864e-5
2 1 1 1.0550957201086938e-5
2 2 1 1.3347312579114688e-5
1 1 2 1.6046947871563485e-5
1 2 2 1.4228337617527409e-5
2 1 2 9.70408425186646e-6
2 2 2 1.2636337796852909e-5
1 1 3 1.1236173719842514e-5
1 2 3 1.0659303654792136e-5
2 1 3 1.3058865140000317e-5
2 2 3 1.4853105956294489e-5
1 1 4 6.433340341316607e-6
1 2 4 1.7812602712524032e-5
2 1 4 9.95456737355651e-6
2 2 4 1.2762993012107725e-5
1 1 5 1.5622010118174853e-5
1 2 5 1.4918581488054219e-5
2 1 5 1.6545978740462054e-5
2 2 5 1.2679460600831357e-5
1 1 6 2.728306301975137e-5
1 2 6 1.2869886513042803e-5
2 1 6 1.9894202239109455e-5
2 2 6 1.2523836669336227e-5
1 1 7 2.081672437083478e-5
1 2 7 1.352025603194028e-5
2 1 7 1.7694580202266244e-5
2 2 7 1.7039097257281897e-5
1 1 8 2.3901694786976948e-5
1 2 8 3.314502619237106e-5
2 1 8 1.5521271576184768e-5
2 2 8 3.538201895717808e-5
1 1 9 4.3312085403500984e-5
1 2 9 4.125326475016107e-5
2 1 9 5.069736972369884e-5
2 2 9 3.107811629459734e-5
1 1 10 6.312965039759593e-5
1 2 10 2.2645904265329066e-5
2 1 10 4.6894681425873155e-5
2 2 10 2.103592894817071e-5
1 1 11 3.461816202987346e-5
1 2 11 3.7485692806876224e-5
2 1 11 4.124978805227715e-5
2 2 11 3.249376030612941e-5
1 1 12 9.003564639386012e-5
1 2 12 3.767590242052223e-5
2 1 12 6.0382149158897194e-5
2 2 12 4.137435250150702e-5
1 1 13 3.392951254108451e-5
1 2 13 4.9628893491879896e-5
2 1 13 4.48505731227856e-5
2 2 13 4.5710003136538644e-5
1 1 14 7.734803863851363e-5
1 2 14 3.8590138865295085e-5
2 1 14 4.366131340847471e-5
2 2 14 3.9219147048324904e-5
1 1 15 3.7130350950131754e-5
1 2 15 5.3499432607279966e-5
2 1 15 5.46176974235784e-5
2 2 15 4.8351500818390704e-5
1 1 16 2.8006004430890587e-5
1 2 16 5.125462148093415e-5
2 1 16 3.806958097179961e-5
2 2 16 4.2660289069027275e-5
1 1 17 4.074865295839147e-5
1 2 17 4.122746445059004e-5
2 1 17 4.12454431853805e-5
2 2 17 3.947828515625286e-5
1 1 18 5.5974106557473365e-5
1 2 18 4.271314054863502e-5
2 1 18 4.8371779380675904e-5
2 2 18 4.8002129050951056e-5
1 1 19 4.239531299741249e-5
1 2 19 4.585513992434798e-5
2 1 19 4.8537854596218735e-5
2 2 19 5.3096022342441876e-5
1 1 20 5.8004301903214914e-5
1 2 20 4.322672899791117e-5
2 1 20 5.1127193252790046e-5
2 2 20 3.793517375105325e-5
