Norm difference: 0.9999999999999999
Norm difference: 1.0
1 1
1 2
2 1
2 2
1 1
1 2
2 1
2 2
1 1
1 2
2 1
2 2
1 1
1 2
2 1
2 2
1 1
1 2
2 1
2 2
1 1
1 2
2 1
2 2
1 1
1 2
2 1
2 2
1 1
1 2
2 1
2 2
1 1
1 2
2 1
2 2
1 1
1 2
2 1
2 2
1 1
1 2
2 1
2 2
1 1
1 2
2 1
2 2
1 1
1 2
2 1
2 2
1 1
1 2
2 1
2 2
1 1
1 2
2 1
2 2
1 1
1 2
2 1
2 2
1 1
1 2
2 1
2 2
1 1
1 2
2 1
2 2
1 1
1 2
2 1
2 2
1 1
1 2
2 1
2 2
1 1 1 0.00017151315510244568
1 2 1 0.0001419913234899588
2 1 1 0.00022432376706183212
2 2 1 0.00012131636406738782
1 1 2 0.00016429443410577918
1 2 2 0.00016408350438771398
2 1 2 0.00014072871475424956
2 2 2 0.00016081670258118896
1 1 3 0.0001572715029606125
1 2 3 0.00012551109717103305
2 1 3 0.00019623484429255478
2 2 3 0.00011300824766265448
1 1 4 0.00018800105462048804
1 2 4 0.0001533848702816419
2 1 4 0.00012235352978562044
2 2 4 0.00013462413754270972
1 1 5 0.0001777502101353204
1 2 5 0.00017976203783044248
2 1 5 0.00012191723513256705
2 2 5 0.00013200103280764484
1 1 6 0.00017631223174446439
1 2 6 0.0001426104706999358
2 1 6 0.00013421030526530455
2 2 6 0.00011879330403233349
1 1 7 8.874665532841293e-5
1 2 7 0.00014909613560746754
2 1 7 0.00015600214463161092
2 2 7 9.308020421804392e-5
1 1 8 0.00010141061660017517
1 2 8 7.99526119583538e-5
2 1 8 8.568751974036061e-5
2 2 8 0.00012080570297616966
1 1 9 8.201658188800263e-5
1 2 9 7.986546326064955e-5
2 1 9 7.978740903409854e-5
2 2 9 9.019769940687378e-5
1 1 10 8.333131373168124e-5
1 2 10 7.792004767011169e-5
2 1 10 8.999950530837243e-5
2 2 10 5.619774898462847e-5
1 1 11 0.00011419907584104159
1 2 11 6.808574465157866e-5
2 1 11 7.459766334153145e-5
2 2 11 9.659865018470318e-5
1 1 12 0.00013877743058402395
1 2 12 9.398554568300657e-5
2 1 12 7.554675634112838e-5
2 2 12 0.00010012476564380274
1 1 13 8.194326720318225e-5
1 2 13 0.00012452684166864027
2 1 13 8.872428728874576e-5
2 2 13 8.65795878006863e-5
1 1 14 7.287404273057064e-5
1 2 14 8.197900685021466e-5
2 1 14 7.028666925394832e-5
2 2 14 8.05953438358288e-5
1 1 15 7.197200851991338e-5
1 2 15 5.075072465250566e-5
2 1 15 6.89454875292676e-5
2 2 15 5.886193509981604e-5
1 1 16 3.694439059197364e-5
1 2 16 4.7505393641156014e-5
2 1 16 4.908319639954601e-5
2 2 16 3.282890653591839e-5
1 1 17 3.233239165239774e-5
1 2 17 4.373565761769397e-5
2 1 17 3.8854628915393774e-5
2 2 17 2.307127659527509e-5
1 1 18 2.3537171699475196e-5
1 2 18 3.4146192229373906e-5
2 1 18 2.1772906058233863e-5
2 2 18 3.6313503509221245e-5
1 1 19 2.601320029039926e-5
1 2 19 2.3061119076946574e-5
2 1 19 1.6087831403545324e-5
2 2 19 3.543657153679354e-5
1 1 20 1.8441541665730026e-5
1 2 20 2.3295525361910743e-5
2 1 20 1.8610316485049857e-5
2 2 20 2.1826398156920808e-5
