[-2.41421356 -1.         -1.         -0.41421356  0.41421356  1.
  1.          2.41421356]
W: 3.6
num_iter: 0
[-0.85300717 -0.82607238 -0.79671502 -0.76570889 -0.73191836 -0.69503456
 -0.65504674 -0.61341929 -0.56816848 -0.51906541 -0.46802197 -0.41369906
 -0.3525747  -0.28749291 -0.21341382 -0.12726278  0.12725842  0.21341454
  0.28749676  0.35259068  0.41369374  0.46802913  0.51906075  0.56815915
  0.61341749  0.65504546  0.69504055  0.73191305  0.76570553  0.79671814
  0.82607146  0.85300669]
localization_length: 0.4911266494482437
0.4929791097481966
W_list: [3.6]
L_list: [0.4929791097481966]
[-2.41421356 -1.         -1.         -0.41421356  0.41421356  1.
  1.          2.41421356]
W: 3.6
num_iter: 0
[-0.85241707 -0.82612233 -0.7968552  -0.76562596 -0.73148925 -0.6946965
 -0.65461665 -0.61203089 -0.56779215 -0.51875183 -0.46767883 -0.41207715
 -0.35264619 -0.28725076 -0.2132795  -0.12633633  0.1263437   0.21327394
  0.28724945  0.35264171  0.41207559  0.46768367  0.51875527  0.56778534
  0.61202995  0.65461325  0.6946935   0.73149869  0.76562369  0.79685922
  0.82611848  0.85242116]
localization_length: 0.49471120315251516
0.4886260469331349
W_list: [3.6]
L_list: [0.4886260469331349]
