C_list:
0.0006271314879692842 0.2157387866422305
C_list:
0.0006814344252790212 0.22975384165238683
C_list:
0.0006520265779245035 0.24887078711656443
C_list:
0.000657816284915908 0.2529267948602467
C_list:
0.00067847166190913 0.2735212167830711
C_list:
0.0006346623023792814 0.29432915676355215
ndim2: 60
W_list: [2.3, 2.4, 2.5, 2.5999999999999996, 2.6999999999999997, 2.8]
L_list: [4.635235117264036, 4.352484349371537, 4.018149384208869, 3.953713170455287, 3.656023513499858, 3.397556704867486]
C_list:
0.0005566970902973485 0.1571369498836757
C_list:
0.000561108986885799 0.16566671973858596
C_list:
0.0006145757574179497 0.18533069103225994
C_list:
0.0005588533321228399 0.19452272017123878
C_list:
0.000579736685985187 0.20629524336288058
C_list:
0.0006024192080412875 0.22013873126773056
ndim2: 60
W_list: [2.3, 2.4, 2.5, 2.5999999999999996, 2.6999999999999997, 2.8]
L_list: [6.363875592216048, 6.036215370099386, 5.395760380702045, 5.140787662848318, 4.847421509573853, 4.542590003318452]
C_list:
0.0005210304599382211 0.1316576495936312
C_list:
0.0004995274762363205 0.13839082029483718
C_list:
0.0005089239352477954 0.1515937471182711
C_list:
0.0005619273401037348 0.167061002038902
C_list:
0.0005200723736551068 0.17993011664481165
C_list:
0.0005228891578373216 0.1851244090011706
ndim2: 60
W_list: [2.3, 2.4, 2.5, 2.5999999999999996, 2.6999999999999997, 2.8]
L_list: [7.595456876881494, 7.225912801654996, 6.596578150547433, 5.985837435400627, 5.557713286953707, 5.401772815348605]
