W: 2.6
num_iter: 0
[-0.9698014  -0.9698014  -0.95816957 -0.95816957 -0.94483911 -0.94483911
 -0.93055908 -0.93055908 -0.91409222 -0.91409222 -0.89625288 -0.89625288
 -0.87690565 -0.87690565 -0.85609954 -0.85609954 -0.83359777 -0.83359777
 -0.80954172 -0.80954172 -0.78375863 -0.78375863 -0.75697425 -0.75697425
 -0.72814636 -0.72814636 -0.69863222 -0.69863222 -0.66810144 -0.66810144
 -0.63595779 -0.63595779 -0.60335353 -0.60335353 -0.56949445 -0.56949445
 -0.53554118 -0.53554118 -0.49977873 -0.49977873 -0.46395736 -0.46395736
 -0.42665177 -0.42665177 -0.38917456 -0.38917456 -0.35026778 -0.35026778
 -0.31166595 -0.31166595 -0.2715654  -0.2715654  -0.23145266 -0.23145266
 -0.19017911 -0.19017911 -0.14863235 -0.14863235 -0.1064961  -0.1064961
 -0.06354497 -0.06354497 -0.01705155 -0.01705155  0.01705252  0.01705252
  0.06354326  0.06354326  0.1064964   0.1064964   0.14863285  0.14863285
  0.19017713  0.19017713  0.23145448  0.23145448  0.27156795  0.27156795
  0.31166578  0.31166578  0.35026683  0.35026683  0.38917462  0.38917462
  0.42664949  0.42664949  0.46395076  0.46395076  0.49977476  0.49977476
  0.53553483  0.53553483  0.5694979   0.5694979   0.60335638  0.60335638
  0.63595816  0.63595816  0.66809309  0.66809309  0.69862813  0.69862813
  0.72814753  0.72814753  0.75697825  0.75697825  0.78376298  0.78376298
  0.80954319  0.80954319  0.83359854  0.83359854  0.85610061  0.85610061
  0.87690783  0.87690783  0.89625868  0.89625868  0.91409966  0.91409966
  0.93055844  0.93055844  0.94483895  0.94483895  0.95816792  0.95816792
  0.96979915  0.96979915]
localization_length: 1.8326777881763268
1.8487627202432277
W_list: [2.6]
L_list: [59.16040704778329]
