W: 3.8
num_iter: 0
[-0.94776834 -0.94776834 -0.93810305 -0.93810305 -0.92794828 -0.92794828
 -0.91630936 -0.91630936 -0.90353465 -0.90353465 -0.88985869 -0.88985869
 -0.87531793 -0.87531793 -0.85950108 -0.85950108 -0.84266948 -0.84266948
 -0.82452887 -0.82452887 -0.80511642 -0.80511642 -0.78492496 -0.78492496
 -0.76358274 -0.76358274 -0.74068522 -0.74068522 -0.71654617 -0.71654617
 -0.69113345 -0.69113345 -0.6642811  -0.6642811  -0.63581875 -0.63581875
 -0.60625906 -0.60625906 -0.57451965 -0.57451965 -0.54097439 -0.54097439
 -0.50617701 -0.50617701 -0.46921446 -0.46921446 -0.43042818 -0.43042818
 -0.38889826 -0.38889826 -0.34625041 -0.34625041 -0.30150632 -0.30150632
 -0.2551724  -0.2551724  -0.20677088 -0.20677088 -0.15649145 -0.15649145
 -0.10316471 -0.10316471 -0.04106463 -0.04106463  0.04106401  0.04106401
  0.10316009  0.10316009  0.15649613  0.15649613  0.20676094  0.20676094
  0.25517237  0.25517237  0.30150526  0.30150526  0.34625232  0.34625232
  0.3889028   0.3889028   0.4304285   0.4304285   0.46921613  0.46921613
  0.50618072  0.50618072  0.5409789   0.5409789   0.57452829  0.57452829
  0.60625492  0.60625492  0.63581721  0.63581721  0.66427578  0.66427578
  0.69113423  0.69113423  0.71655     0.71655     0.74068593  0.74068593
  0.76358405  0.76358405  0.78492102  0.78492102  0.80511862  0.80511862
  0.82452934  0.82452934  0.84266903  0.84266903  0.85949632  0.85949632
  0.87532082  0.87532082  0.88985478  0.88985478  0.90353741  0.90353741
  0.91630837  0.91630837  0.9279465   0.9279465   0.93810208  0.93810208
  0.94776748  0.94776748]
localization_length: 0.7610070085289304
0.7645429514872801
W_list: [3.8]
L_list: [24.465374447592964]
