Norm difference: 1.0
Norm difference: 1.0
1 1
1 2
1 3
2 1
2 2
2 3
3 1
3 2
3 3
1 1
1 2
1 3
2 1
2 2
2 3
3 1
3 2
3 3
1 1
1 2
1 3
2 1
2 2
2 3
3 1
3 2
3 3
1 1
1 2
1 3
2 1
2 2
2 3
3 1
3 2
3 3
1 1
1 2
1 3
2 1
2 2
2 3
3 1
3 2
3 3
1 1
1 2
1 3
2 1
2 2
2 3
3 1
3 2
3 3
1 1
1 2
1 3
2 1
2 2
2 3
3 1
3 2
3 3
1 1
1 2
1 3
2 1
2 2
2 3
3 1
3 2
3 3
1 1
1 2
1 3
2 1
2 2
2 3
3 1
3 2
3 3
1 1
1 2
1 3
2 1
2 2
2 3
3 1
3 2
3 3
1 1
1 2
1 3
2 1
2 2
2 3
3 1
3 2
3 3
1 1
1 2
1 3
2 1
2 2
2 3
3 1
3 2
3 3
1 1
1 2
1 3
2 1
2 2
2 3
3 1
3 2
3 3
1 1
1 2
1 3
2 1
2 2
2 3
3 1
3 2
3 3
1 1
1 2
1 3
2 1
2 2
2 3
3 1
3 2
3 3
1 1
1 2
1 3
2 1
2 2
2 3
3 1
3 2
3 3
1 1
1 2
1 3
2 1
2 2
2 3
3 1
3 2
3 3
1 1
1 2
1 3
2 1
2 2
2 3
3 1
3 2
3 3
1 1
1 2
1 3
2 1
2 2
2 3
3 1
3 2
3 3
1 1
1 2
1 3
2 1
2 2
2 3
3 1
3 2
3 3
1 1 1 0.007877739091041166
1 2 1 0.005835863477284884
1 3 1 0.006255815328965771
2 1 1 0.005401241036236565
2 2 1 0.005251972101750763
2 3 1 0.004000573888897507
3 1 1 0.005294597880374159
3 2 1 0.006230215829379377
3 3 1 0.005548426056547988
1 1 2 0.0065563954116863886
1 2 2 0.005410373861150562
1 3 2 0.004524669898093732
2 1 2 0.005856552826571713
2 2 2 0.004247011037408417
2 3 2 0.004624057490227257
3 1 2 0.006511666829435682
3 2 2 0.003764191792649643
3 3 2 0.004263295183872075
1 1 3 0.005011595780237691
1 2 3 0.005469831153416332
1 3 3 0.005818070051090593
2 1 3 0.0039439368925510525
2 2 3 0.004182800490089575
2 3 3 0.0049461548435132015
3 1 3 0.006332010986902998
3 2 3 0.0026341439166342523
3 3 3 0.0043033521791707744
1 1 4 0.00405348624844198
1 2 4 0.005071126541087757
1 3 4 0.00583414893699687
2 1 4 0.005784955179121652
2 2 4 0.0049280153106031665
2 3 4 0.00397221410641556
3 1 4 0.005639455694253151
3 2 4 0.0032941799284600384
3 3 4 0.005018322172700341
1 1 5 0.0054226952266148605
1 2 5 0.005079258038056914
1 3 5 0.005584254849698253
2 1 5 0.004823535881026448
2 2 5 0.005507891802594672
2 3 5 0.004928078814973505
3 1 5 0.005301909845396925
3 2 5 0.003996009374076093
3 3 5 0.00381719979235599
1 1 6 0.006343237438000993
1 2 6 0.0051894333583241805
1 3 6 0.005028445883571266
2 1 6 0.005077098402207413
2 2 6 0.0041847764011186455
2 3 6 0.004854465883915404
3 1 6 0.005434279268330466
3 2 6 0.003030278581120138
3 3 6 0.004056863204664073
1 1 7 0.006597302180776562
1 2 7 0.00502398439305566
1 3 7 0.005386527451563049
2 1 7 0.006159936281843003
2 2 7 0.005711555043989211
2 3 7 0.006885300490488818
3 1 7 0.004436202201817611
3 2 7 0.003213644721507462
3 3 7 0.005722941667186033
1 1 8 0.007588524258728228
1 2 8 0.005131145119208015
1 3 8 0.005764674044477133
2 1 8 0.005207651035289877
2 2 8 0.004995812551611343
2 3 8 0.005913216013236748
3 1 8 0.0054082314212828865
3 2 8 0.0032759714548953726
3 3 8 0.004622664538893357
1 1 9 0.006377030157108212
1 2 9 0.005017839937124649
1 3 9 0.006249332881545963
2 1 9 0.005997624450599019
2 2 9 0.004985244353165277
2 3 9 0.005996504805894724
3 1 9 0.00528897074192102
3 2 9 0.004915765772043093
3 3 9 0.004879979451999252
1 1 10 0.008879379683677486
1 2 10 0.005899256927600344
1 3 10 0.00690308023673263
2 1 10 0.006602267541489237
2 2 10 0.004504260698249191
2 3 10 0.007632002930168161
3 1 10 0.005491695836033649
3 2 10 0.0035951016710142544
3 3 10 0.00466575502678384
1 1 11 0.00924753303327803
1 2 11 0.007384252772247822
1 3 11 0.008490863502697125
2 1 11 0.007005937978902176
2 2 11 0.006029736335019494
2 3 11 0.0061501012416930265
3 1 11 0.007250749589353453
3 2 11 0.004065804161313757
3 3 11 0.005180822101723928
1 1 12 0.00906840174875108
1 2 12 0.007593070036168046
1 3 12 0.0074366219487763075
2 1 12 0.006786249540840729
2 2 12 0.004472350048256434
2 3 12 0.006166559838413738
3 1 12 0.006116412698099786
3 2 12 0.005432997016685834
3 3 12 0.006330172886914402
1 1 13 0.009097760380513112
1 2 13 0.006750139572609756
1 3 13 0.009802845585449832
2 1 13 0.007205670072727224
2 2 13 0.005467026600100218
2 3 13 0.007323703794208086
3 1 13 0.00665948587210948
3 2 13 0.004508514626208164
3 3 13 0.006737223427951747
1 1 14 0.00818107063136775
1 2 14 0.006485584697802038
1 3 14 0.009655678581468537
2 1 14 0.006667270453164863
2 2 14 0.004720457155944513
2 3 14 0.006343962555259963
3 1 14 0.006159478527138264
3 2 14 0.004400773860317088
3 3 14 0.006178145568416658
1 1 15 0.006582122324546658
1 2 15 0.006317446359773318
1 3 15 0.009201842688584863
2 1 15 0.005872566432342702
2 2 15 0.005600177218528004
2 3 15 0.00784510181126225
3 1 15 0.005792505356601926
3 2 15 0.005513354133759666
3 3 15 0.005761015993233391
1 1 16 0.0048555051221247205
1 2 16 0.005788042013573802
1 3 16 0.010101464348658743
2 1 16 0.004230032910038202
2 2 16 0.003698946193183607
2 3 16 0.0063737169855440385
3 1 16 0.0053729525355842075
3 2 16 0.0041436811718776525
3 3 16 0.007909092474799954
1 1 17 0.005428988903076017
1 2 17 0.0058902288460095185
1 3 17 0.00797942999970837
2 1 17 0.004842529299537799
2 2 17 0.005047559890625944
2 3 17 0.006391912320915527
3 1 17 0.0047370187837131195
3 2 17 0.005738810435323706
3 3 17 0.005804123380408284
1 1 18 0.004660490504877
1 2 18 0.005115101272774253
1 3 18 0.006023352024945272
2 1 18 0.0040007231268955005
2 2 18 0.0033415826563748035
2 3 18 0.0054139613768429615
3 1 18 0.0039396412375585586
3 2 18 0.004030144865197455
3 3 18 0.004451391803861851
1 1 19 0.004484359770656874
1 2 19 0.005061643459494896
1 3 19 0.005931573895701839
2 1 19 0.003922355155047854
2 2 19 0.005084750823561505
2 3 19 0.0051423224921288875
3 1 19 0.004132650465441176
3 2 19 0.00460945088196779
3 3 19 0.005782110297550743
1 1 20 0.0038160318546679346
1 2 20 0.004072297756244622
1 3 20 0.0039361453784690454
2 1 20 0.0037863105854705576
2 2 20 0.0029471328147083814
2 3 20 0.0041267528661876425
3 1 20 0.003515729632912796
3 2 20 0.0039617726957185675
3 3 20 0.004866514221406985
