Norm difference: 1.0
Norm difference: 1.0
1 1
1 2
1 3
2 1
2 2
2 3
3 1
3 2
3 3
1 1
1 2
1 3
2 1
2 2
2 3
3 1
3 2
3 3
1 1
1 2
1 3
2 1
2 2
2 3
3 1
3 2
3 3
1 1
1 2
1 3
2 1
2 2
2 3
3 1
3 2
3 3
1 1
1 2
1 3
2 1
2 2
2 3
3 1
3 2
3 3
1 1
1 2
1 3
2 1
2 2
2 3
3 1
3 2
3 3
1 1
1 2
1 3
2 1
2 2
2 3
3 1
3 2
3 3
1 1
1 2
1 3
2 1
2 2
2 3
3 1
3 2
3 3
1 1
1 2
1 3
2 1
2 2
2 3
3 1
3 2
3 3
1 1
1 2
1 3
2 1
2 2
2 3
3 1
3 2
3 3
1 1
1 2
1 3
2 1
2 2
2 3
3 1
3 2
3 3
1 1
1 2
1 3
2 1
2 2
2 3
3 1
3 2
3 3
1 1
1 2
1 3
2 1
2 2
2 3
3 1
3 2
3 3
1 1
1 2
1 3
2 1
2 2
2 3
3 1
3 2
3 3
1 1
1 2
1 3
2 1
2 2
2 3
3 1
3 2
3 3
1 1
1 2
1 3
2 1
2 2
2 3
3 1
3 2
3 3
1 1
1 2
1 3
2 1
2 2
2 3
3 1
3 2
3 3
1 1
1 2
1 3
2 1
2 2
2 3
3 1
3 2
3 3
1 1
1 2
1 3
2 1
2 2
2 3
3 1
3 2
3 3
1 1
1 2
1 3
2 1
2 2
2 3
3 1
3 2
3 3
1 1 1 0.0005982351542145728
1 2 1 0.0006570483394826362
1 3 1 0.0006185075127323648
2 1 1 0.0005448190642027957
2 2 1 0.00048585611308128994
2 3 1 0.0006468642008984352
3 1 1 0.00045688347020888983
3 2 1 0.0004075370912434817
3 3 1 0.00042401914048997846
1 1 2 0.0007099027765117105
1 2 2 0.0005903588646349754
1 3 2 0.0008732202051924742
2 1 2 0.0005086049971656059
2 2 2 0.0004037389849602913
2 3 2 0.0009029382487526456
3 1 2 0.0005206549823205365
3 2 2 0.0004459066604021684
3 3 2 0.0006740884045115268
1 1 3 0.0006811170773873593
1 2 3 0.0007982904379237691
1 3 3 0.0008575318338104393
2 1 3 0.00046391602703023377
2 2 3 0.0006480937955349422
2 3 3 0.0007911665209279978
3 1 3 0.0005837944890656655
3 2 3 0.0006710196525606291
3 3 3 0.00025374343207552647
1 1 4 0.0007834015943146601
1 2 4 0.00036291536551973514
1 3 4 0.0008557645325241283
2 1 4 0.0006626258457789148
2 2 4 0.0005730770591482309
2 3 4 0.0004592405832383871
3 1 4 0.0006457457991908657
3 2 4 0.0003151979089130475
3 3 4 0.00035157743197320086
1 1 5 0.0008316582822398132
1 2 5 0.0007997992104000328
1 3 5 0.0005703824915054582
2 1 5 0.0007664130307900843
2 2 5 0.0005530122768222935
2 3 5 0.000454975559722701
3 1 5 0.0006026486584820801
3 2 5 0.00048263349343107155
3 3 5 0.0003663554216796737
1 1 6 0.0009443436215708185
1 2 6 0.000574227203783574
1 3 6 0.00036486314419722517
2 1 6 0.0008357474173990766
2 2 6 0.0005668921073980753
2 3 6 0.0002602252701077601
3 1 6 0.0006182096509818066
3 2 6 0.0005672574820956035
3 3 6 0.0003331649425712646
1 1 7 0.0008108161184975243
1 2 7 0.0009402387525106568
1 3 7 0.0005041362553894983
2 1 7 0.000641323981440431
2 2 7 0.0008739971611798812
2 3 7 0.00045194543590176074
3 1 7 0.00042445316291276887
3 2 7 0.0007369814732869989
3 3 7 0.00047967702779828334
1 1 8 0.0009456357303452616
1 2 8 0.0008216112364309664
1 3 8 0.0005955663140521252
2 1 8 0.0005384596966790901
2 2 8 0.0008514970398485888
2 3 8 0.0005841453859324475
3 1 8 0.0006513089931187886
3 2 8 0.0005457892426936963
3 3 8 0.0005610004481560423
1 1 9 0.0010529192815718121
1 2 9 0.0007970683295627631
1 3 9 0.0006984132673747
2 1 9 0.0009598704214644642
2 2 9 0.000661190485642447
2 3 9 0.0005965460408519197
3 1 9 0.0010443599516911722
3 2 9 0.00037445336614667
3 3 9 0.0004334671931861177
1 1 10 0.0008065629068837264
1 2 10 0.0009329606494262397
1 3 10 0.0008392851017346781
2 1 10 0.0009679110288734457
2 2 10 0.000514713038145645
2 3 10 0.0005506393989454591
3 1 10 0.0006661735625579337
3 2 10 0.0005258589747291166
3 3 10 0.0005415622368225535
1 1 11 0.0010741325953125924
1 2 11 0.0005878533186268684
1 3 11 0.0006613296247011607
2 1 11 0.0005994353528993947
2 2 11 0.000568321667455016
2 3 11 0.0005317574785615729
3 1 11 0.0006112195314168802
3 2 11 0.0005407011587097584
3 3 11 0.0005365470904547194
1 1 12 0.0007093562731380679
1 2 12 0.0006337697569238202
1 3 12 0.0008732665814841975
2 1 12 0.0004038459679118698
2 2 12 0.0005294052108751354
2 3 12 0.0006826261173920247
3 1 12 0.0006087106265678889
3 2 12 0.00036985385823285345
3 3 12 0.0006180520476874283
1 1 13 0.0006293379377004944
1 2 13 0.0006256470320651742
1 3 13 0.0010541849172984064
2 1 13 0.00041952679726775245
2 2 13 0.000511858426987054
2 3 13 0.000986194413665236
3 1 13 0.0007770900625790035
3 2 13 0.0004407256182305244
3 3 13 0.0008846580981251965
1 1 14 0.0008571568794398948
1 2 14 0.0008199637263748754
1 3 14 0.001464451817290043
2 1 14 0.0007202854086983248
2 2 14 0.0007150788370438012
2 3 14 0.0012789076895267152
3 1 14 0.0009060361190273751
3 2 14 0.0006474509135460671
3 3 14 0.001079979607234455
1 1 15 0.0016181716700020203
1 2 15 0.0008903750796108243
1 3 15 0.001976528250051125
2 1 15 0.0013208537142179865
2 2 15 0.0007630835392744915
2 3 15 0.001538094364261778
3 1 15 0.0015481804960637239
3 2 15 0.0005748634266363164
3 3 15 0.0014331006799457747
1 1 16 0.0014604148045310266
1 2 16 0.0009460676274504435
1 3 16 0.0019137050833866
2 1 16 0.0013847619834127627
2 2 16 0.0007742705717285939
2 3 16 0.0015864608483794212
3 1 16 0.0010174874591792741
3 2 16 0.0006054132713321069
3 3 16 0.0013597594628691912
1 1 17 0.0014937002182994366
1 2 17 0.0011188753784908932
1 3 17 0.001533748443190325
2 1 17 0.0009000123407271906
2 2 17 0.0006710876384175399
2 3 17 0.001196917025624448
3 1 17 0.0007779580019200031
3 2 17 0.0007246854023044444
3 3 17 0.0009606508724968172
1 1 18 0.0012880867019688731
1 2 18 0.0007455649118585656
1 3 18 0.0013033581121938192
2 1 18 0.0006916568296635198
2 2 18 0.0005666343083781916
2 3 18 0.0008415896953861392
3 1 18 0.0010911523747816616
3 2 18 0.0006550389833960127
3 3 18 0.0010103646144363182
1 1 19 0.0012114885038539375
1 2 19 0.0005992666932055531
1 3 19 0.0008969950072434925
2 1 19 0.0008124018098996984
2 2 19 0.0004693317552812657
2 3 19 0.0005626471152323097
3 1 19 0.0013946016979308879
3 2 19 0.0005856662798235012
3 3 19 0.0009385013769477796
1 1 20 0.0006864450216123351
1 2 20 0.0007418434719170672
1 3 20 0.0006932637751252213
2 1 20 0.0006930001329309256
2 2 20 0.000514832850906827
2 3 20 0.0005194820030631189
3 1 20 0.0008853081770786927
3 2 20 0.0008842043048457977
3 3 20 0.0009282262915735754
