W: 3.8
num_iter: 0
[-0.99058304 -0.99058304 -0.97999722 -0.97999722 -0.96864471 -0.96864471
 -0.95598397 -0.95598397 -0.94196382 -0.94196382 -0.92719506 -0.92719506
 -0.91108678 -0.91108678 -0.8940725  -0.8940725  -0.87577502 -0.87577502
 -0.85632406 -0.85632406 -0.83561552 -0.83561552 -0.81361162 -0.81361162
 -0.79076469 -0.79076469 -0.76677503 -0.76677503 -0.74119498 -0.74119498
 -0.71463457 -0.71463457 -0.6863129  -0.6863129  -0.65693973 -0.65693973
 -0.62536848 -0.62536848 -0.59274254 -0.59274254 -0.55857537 -0.55857537
 -0.52239543 -0.52239543 -0.48436218 -0.48436218 -0.44410952 -0.44410952
 -0.40219442 -0.40219442 -0.35885919 -0.35885919 -0.31255883 -0.31255883
 -0.26531414 -0.26531414 -0.21538417 -0.21538417 -0.16374759 -0.16374759
 -0.10870887 -0.10870887 -0.04572474 -0.04572474  0.04572318  0.04572318
  0.10871018  0.10871018  0.16374991  0.16374991  0.2153888   0.2153888
  0.26531686  0.26531686  0.3125624   0.3125624   0.35885554  0.35885554
  0.40219031  0.40219031  0.44410722  0.44410722  0.48436177  0.48436177
  0.52239928  0.52239928  0.55857291  0.55857291  0.59274246  0.59274246
  0.62537314  0.62537314  0.65693634  0.65693634  0.68631768  0.68631768
  0.71463269  0.71463269  0.74119999  0.74119999  0.76677771  0.76677771
  0.79075789  0.79075789  0.81360648  0.81360648  0.83561434  0.83561434
  0.85632052  0.85632052  0.87577076  0.87577076  0.89407351  0.89407351
  0.91108908  0.91108908  0.92719892  0.92719892  0.94196681  0.94196681
  0.95597891  0.95597891  0.96864413  0.96864413  0.97999626  0.97999626
  0.99058472  0.99058472]
localization_length: 0.6834607051809422
0.6755276576278849
W_list: [3.8]
L_list: [21.616885044092317]
