W: 3.2
num_iter: 0
[-1.22776522 -1.22776522 -1.1998684  -1.1998684  -1.16622323 -1.16622323
 -1.12651636 -1.12651636 -1.08021356 -1.08021356 -1.02543345 -1.02543345
 -0.96348257 -0.96348257 -0.89472101 -0.89472101 -0.81764378 -0.81764378
 -0.73508583 -0.73508583 -0.64601628 -0.64601628 -0.55138564 -0.55138564
 -0.45142695 -0.45142695 -0.34569214 -0.34569214 -0.23394738 -0.23394738
 -0.10325887 -0.10325887  0.10326007  0.10326007  0.23395562  0.23395562
  0.34568996  0.34568996  0.45143114  0.45143114  0.55137926  0.55137926
  0.64601179  0.64601179  0.73509154  0.73509154  0.81764649  0.81764649
  0.89472046  0.89472046  0.96347828  0.96347828  1.02542969  1.02542969
  1.08020498  1.08020498  1.12651367  1.12651367  1.16622884  1.16622884
  1.1998752   1.1998752   1.22776368  1.22776368]
localization_length: 0.6052748747988472
0.6068848129408769
W_list: [3.2]
L_list: [9.71015700705403]
