Norm difference: 1.0
Norm difference: 1.0
1 1
1 2
2 1
2 2
1 1
1 2
2 1
2 2
1 1
1 2
2 1
2 2
1 1
1 2
2 1
2 2
1 1
1 2
2 1
2 2
1 1
1 2
2 1
2 2
1 1
1 2
2 1
2 2
1 1
1 2
2 1
2 2
1 1
1 2
2 1
2 2
1 1
1 2
2 1
2 2
1 1
1 2
2 1
2 2
1 1
1 2
2 1
2 2
1 1
1 2
2 1
2 2
1 1
1 2
2 1
2 2
1 1
1 2
2 1
2 2
1 1
1 2
2 1
2 2
1 1
1 2
2 1
2 2
1 1
1 2
2 1
2 2
1 1
1 2
2 1
2 2
1 1
1 2
2 1
2 2
1 1 1 2.7380283587696842e-5
1 2 1 2.6419910690640096e-5
2 1 1 4.985655635688854e-5
2 2 1 4.0964276003069286e-5
1 1 2 5.504960611112204e-5
1 2 2 4.2134791134611734e-5
2 1 2 6.134912112811097e-5
2 2 2 5.6827565613157835e-5
1 1 3 6.796324351292121e-5
1 2 3 6.674536972703303e-5
2 1 3 0.00012118897070618356
2 2 3 5.788814055548161e-5
1 1 4 0.00010420531167233888
1 2 4 0.00010609418423287116
2 1 4 0.0001637879809783114
2 2 4 0.00012465972519767188
1 1 5 0.00019041862967623824
1 2 5 0.00010174733247043856
2 1 5 0.00021213625900237104
2 2 5 0.0001822815152551452
1 1 6 0.00022164131653127197
1 2 6 0.0001627232513165876
2 1 6 0.0002833333251328638
2 2 6 0.00020262845888899137
1 1 7 0.0002344609677141499
1 2 7 0.00022875184653697614
2 1 7 0.00020417106159519643
2 2 7 0.0002880394000789865
1 1 8 0.00018721113650784123
1 2 8 0.0002526662010273256
2 1 8 0.0001820611836964156
2 2 8 0.0002752187390098823
1 1 9 0.00012385132840885658
1 2 9 0.00023289986767999546
2 1 9 0.00024231360021055337
2 2 9 0.00018218391737877962
1 1 10 0.0001425687781205606
1 2 10 0.00012762255708143505
2 1 10 0.0001758434159032817
2 2 10 0.00018003651639923176
1 1 11 0.00013929223910679882
1 2 11 8.268114291658998e-5
2 1 11 0.00012054230016531806
2 2 11 0.00016766841191261686
1 1 12 8.60086246323824e-5
1 2 12 9.885807103279611e-5
2 1 12 0.0001337841575325292
2 2 12 0.0001386059012361536
1 1 13 8.13276375946211e-5
1 2 13 0.00011078291805361605
2 1 13 0.00011939338314876566
2 2 13 0.00010913539762693158
1 1 14 0.00011444185204603691
1 2 14 8.31130977819969e-5
2 1 14 0.00010323807131928765
2 2 14 0.0001357236577007882
1 1 15 0.00010412814309325443
1 2 15 9.169343996253211e-5
2 1 15 9.846494751754664e-5
2 2 15 0.00012689920775939094
1 1 16 0.00010121687997152852
1 2 16 0.00014110835048121366
2 1 16 0.00010771226704881752
2 2 16 0.0001305456132844059
1 1 17 7.38473188364604e-5
1 2 17 0.00013759610877971974
2 1 17 0.00010754203449034956
2 2 17 0.0001420774334349976
1 1 18 0.0001306122594748546
1 2 18 0.00013911830395648778
2 1 18 9.822089921107899e-5
2 2 18 0.0001232112548643826
1 1 19 0.0001051048140663154
1 2 19 0.00010525349212549863
2 1 19 0.000110347177213452
2 2 19 0.0001260934118766976
1 1 20 6.906752147245309e-5
1 2 20 0.00011800190851663382
2 1 20 0.00010369430483393492
2 2 20 0.00013017361522133246
