Norm difference: 1.0
Norm difference: 1.0
1 1
1 2
1 3
2 1
2 2
2 3
3 1
3 2
3 3
1 1
1 2
1 3
2 1
2 2
2 3
3 1
3 2
3 3
1 1
1 2
1 3
2 1
2 2
2 3
3 1
3 2
3 3
1 1
1 2
1 3
2 1
2 2
2 3
3 1
3 2
3 3
1 1
1 2
1 3
2 1
2 2
2 3
3 1
3 2
3 3
1 1
1 2
1 3
2 1
2 2
2 3
3 1
3 2
3 3
1 1
1 2
1 3
2 1
2 2
2 3
3 1
3 2
3 3
1 1
1 2
1 3
2 1
2 2
2 3
3 1
3 2
3 3
1 1
1 2
1 3
2 1
2 2
2 3
3 1
3 2
3 3
1 1
1 2
1 3
2 1
2 2
2 3
3 1
3 2
3 3
1 1
1 2
1 3
2 1
2 2
2 3
3 1
3 2
3 3
1 1
1 2
1 3
2 1
2 2
2 3
3 1
3 2
3 3
1 1
1 2
1 3
2 1
2 2
2 3
3 1
3 2
3 3
1 1
1 2
1 3
2 1
2 2
2 3
3 1
3 2
3 3
1 1
1 2
1 3
2 1
2 2
2 3
3 1
3 2
3 3
1 1
1 2
1 3
2 1
2 2
2 3
3 1
3 2
3 3
1 1
1 2
1 3
2 1
2 2
2 3
3 1
3 2
3 3
1 1
1 2
1 3
2 1
2 2
2 3
3 1
3 2
3 3
1 1
1 2
1 3
2 1
2 2
2 3
3 1
3 2
3 3
1 1
1 2
1 3
2 1
2 2
2 3
3 1
3 2
3 3
1 1 1 0.0018180472703300476
1 2 1 0.0021973182100838854
1 3 1 0.0013242145088867233
2 1 1 0.0021064612726908747
2 2 1 0.0017330394940628796
2 3 1 0.0012661453263439356
3 1 1 0.0018429199644092592
3 2 1 0.0015421653686798751
3 3 1 0.001177492554562748
1 1 2 0.0020292063170389237
1 2 2 0.002095900074874466
1 3 2 0.0011229943978797053
2 1 2 0.0016572827857104986
2 2 2 0.0021430516407952753
2 3 2 0.001394861791300672
3 1 2 0.00178161999802561
3 2 2 0.0017723604157408586
3 3 2 0.001008858540259534
1 1 3 0.001952272942022494
1 2 3 0.0027091149667694174
1 3 3 0.002225579810214904
2 1 3 0.0021125927894376168
2 2 3 0.0020340979022096177
2 3 3 0.0017536187429622132
3 1 3 0.001485113221899133
3 2 3 0.0012852670769839558
3 3 3 0.0011147734207834633
1 1 4 0.0025042396647882185
1 2 4 0.0018684877562566888
1 3 4 0.002317834500142164
2 1 4 0.0017653005992184201
2 2 4 0.00199103518114718
2 3 4 0.0015571049293253095
3 1 4 0.0018606922935158177
3 2 4 0.001748219503899607
3 3 4 0.000874860615698274
1 1 5 0.0023982729917143065
1 2 5 0.002584834936496008
1 3 5 0.0021280928442712495
2 1 5 0.0022671306217319515
2 2 5 0.0022304044945215054
2 3 5 0.001383584175291677
3 1 5 0.0014713426073992974
3 2 5 0.0017370139821030971
3 3 5 0.0016799795997063077
1 1 6 0.0026240955915368376
1 2 6 0.002459002167193776
1 3 6 0.0017377374210522604
2 1 6 0.0014857473197267513
2 2 6 0.0016113697436034677
2 3 6 0.001480836645445514
3 1 6 0.0013744361179722788
3 2 6 0.0012078753701963668
3 3 6 0.0012860019863030498
1 1 7 0.002477355854031096
1 2 7 0.002903533102928781
1 3 7 0.0016946475160778015
2 1 7 0.00220252556829144
2 2 7 0.00243870558437107
2 3 7 0.0013786557872713437
3 1 7 0.0015478227905523522
3 2 7 0.0019440765171434566
3 3 7 0.00154545619001931
1 1 8 0.0021720675908453876
1 2 8 0.0028099692700287397
1 3 8 0.0022322376137550283
2 1 8 0.001370966339995199
2 2 8 0.002043701527622668
2 3 8 0.0018174675671351562
3 1 8 0.001583759562315427
3 2 8 0.0016223731038518604
3 3 8 0.0015615504883896667
1 1 9 0.002502939159296003
1 2 9 0.0027564176943070183
1 3 9 0.0020327721563056073
2 1 9 0.002006082484509008
2 2 9 0.002317573499558248
2 3 9 0.0017794314046748097
3 1 9 0.0017608520864423425
3 2 9 0.0022082163455173194
3 3 9 0.0012706777833881857
1 1 10 0.0023928076449902204
1 2 10 0.0028868195924896638
1 3 10 0.002243827655465634
2 1 10 0.002177199046499552
2 2 10 0.002273307198334285
2 3 10 0.0017006101536877246
3 1 10 0.0017406817465805506
3 2 10 0.0017628235759938945
3 3 10 0.0014485491473178668
1 1 11 0.0027272038467063336
1 2 11 0.003005791244222852
1 3 11 0.0020978721432235465
2 1 11 0.002103352931814648
2 2 11 0.0023018094243077874
2 3 11 0.0015707798927334891
3 1 11 0.001696229874031685
3 2 11 0.0018554999792913993
3 3 11 0.0013959010061333449
1 1 12 0.002428679258028632
1 2 12 0.0037858456116372403
1 3 12 0.002181660611328332
2 1 12 0.002124465526680472
2 2 12 0.0026104073048868596
2 3 12 0.0013985053424005168
3 1 12 0.002047539389771336
3 2 12 0.001988883848657744
3 3 12 0.0012585377658423601
1 1 13 0.0035428767373208146
1 2 13 0.003553501180473334
1 3 13 0.003651793389833424
2 1 13 0.0019362024928551026
2 2 13 0.0023610869508408276
2 3 13 0.002558602095332247
3 1 13 0.0017000639064506744
3 2 13 0.0021573204268599366
3 3 13 0.0017286621702172998
1 1 14 0.003469615739832769
1 2 14 0.0040635402087723
1 3 14 0.0039869503443170405
2 1 14 0.00277726563723901
2 2 14 0.0029397011024422785
2 3 14 0.0026959136232361726
3 1 14 0.0017343554716490919
3 2 14 0.0026490387149797714
3 3 14 0.002149354061750438
1 1 15 0.00442814301547704
1 2 15 0.004337055279440348
1 3 15 0.0031522372024881326
2 1 15 0.002961174756886685
2 2 15 0.0031181067773631255
2 3 15 0.0025242551916859236
3 1 15 0.0028522390213657632
3 2 15 0.002448498444940865
3 3 15 0.0032982584780510077
1 1 16 0.003621288701759779
1 2 16 0.003116686077077377
1 3 16 0.004152342291761301
2 1 16 0.0030335168467514476
2 2 16 0.0024762739870485017
2 3 16 0.002944186227683332
3 1 16 0.003265364848376407
3 2 16 0.0032637975963911046
3 3 16 0.002315990273054103
1 1 17 0.003813311889884573
1 2 17 0.00301381274607657
1 3 17 0.003687930755086078
2 1 17 0.0029260334502438697
2 2 17 0.0029849911978594634
2 3 17 0.0026485191715064265
3 1 17 0.003085785022468657
3 2 17 0.002605732154619942
3 3 17 0.0025809854753114135
1 1 18 0.003350696897456252
1 2 18 0.003360159220400381
1 3 18 0.003604761033363256
2 1 18 0.003316996716944637
2 2 18 0.0026598737612497365
2 3 18 0.0029338554464430682
3 1 18 0.0030160809486398372
3 2 18 0.0021369733660212297
3 3 18 0.002998173625557023
1 1 19 0.003815296162120326
1 2 19 0.002602259348151928
1 3 19 0.0024410899278538884
2 1 19 0.0033038376765559237
2 2 19 0.0027778200600531815
2 3 19 0.0026152092381506358
3 1 19 0.0033089362168210964
3 2 19 0.00283522068677555
3 3 19 0.002315152210185573
1 1 20 0.005222476954432151
1 2 20 0.0033690549990274274
1 3 20 0.005103799916703312
2 1 20 0.0035793047008833194
2 2 20 0.0027783295996606375
2 3 20 0.0033957039036714167
3 1 20 0.0024366501272196682
3 2 20 0.0018851511829800036
3 3 20 0.002159713676670829
