[-2.41421356 -1.         -1.         -0.41421356  0.41421356  1.
  1.          2.41421356]
W: 1.7999999999999998
num_iter: 0
[-0.44926335 -0.38559555 -0.32411564 -0.26761271 -0.2124883  -0.15921688
 -0.10547678 -0.05323497  0.05323035  0.10547712  0.15922168  0.21249565
  0.26760515  0.32411186  0.38560024  0.44926212]
localization_length: 2.348284563110185
2.439782335854233
W_list: [1.7999999999999998]
L_list: [2.439782335854233]
[-2.41421356 -1.         -1.         -0.41421356  0.41421356  1.
  1.          2.41421356]
W: 1.7999999999999998
num_iter: 0
[-0.44986613 -0.38650318 -0.32399042 -0.26693857 -0.21178356 -0.15937319
 -0.10639923 -0.05365555  0.05365542  0.10639794  0.15936892  0.21178737
  0.2669389   0.3239826   0.38651689  0.44986177]
localization_length: 2.329680683061166
2.3365690669189823
W_list: [1.7999999999999998]
L_list: [2.3365690669189823]
