W: 3.6
num_iter: 0
[-1.06647967 -1.06647967 -1.00154729 -1.00154729 -0.91571849 -0.91571849
 -0.80991051 -0.80991051 -0.68244105 -0.68244105 -0.53229108 -0.53229108
 -0.35256964 -0.35256964 -0.1296673  -0.1296673   0.12966756  0.12966756
  0.35256139  0.35256139  0.53228673  0.53228673  0.68244227  0.68244227
  0.80991183  0.80991183  0.91572494  0.91572494  1.00154883  1.00154883
  1.06648147  1.06648147]
localization_length: 0.9640055828054392
0.9666175050853788
W_list: [3.6]
L_list: [7.73294004068303]
