Norm difference: 1.0
Norm difference: 1.0
1 1
1 2
2 1
2 2
1 1
1 2
2 1
2 2
1 1
1 2
2 1
2 2
1 1
1 2
2 1
2 2
1 1
1 2
2 1
2 2
1 1
1 2
2 1
2 2
1 1
1 2
2 1
2 2
1 1
1 2
2 1
2 2
1 1
1 2
2 1
2 2
1 1
1 2
2 1
2 2
1 1
1 2
2 1
2 2
1 1
1 2
2 1
2 2
1 1
1 2
2 1
2 2
1 1
1 2
2 1
2 2
1 1
1 2
2 1
2 2
1 1
1 2
2 1
2 2
1 1
1 2
2 1
2 2
1 1
1 2
2 1
2 2
1 1
1 2
2 1
2 2
1 1
1 2
2 1
2 2
1 1 1 0.0031935442993811835
1 2 1 0.004002308329757719
2 1 1 0.0037289141067616133
2 2 1 0.003965176445328617
1 1 2 0.0014285050139290663
1 2 2 0.0029244399892937823
2 1 2 0.0021368565875540145
2 2 2 0.0036228548674361017
1 1 3 0.003289958192339148
1 2 3 0.003242082820912903
2 1 3 0.0022882381864606795
2 2 3 0.0026170359876855954
1 1 4 0.0011769008825094338
1 2 4 0.0017262538777235645
2 1 4 0.0015223798894085834
2 2 4 0.002259311115641368
1 1 5 0.001415433731982605
1 2 5 0.00238742158338437
2 1 5 0.0016260609442531131
2 2 5 0.0014702574197382288
1 1 6 0.001085311371492066
1 2 6 0.0007609401330193834
2 1 6 0.0006729695433128327
2 2 6 0.0005532524527627014
1 1 7 0.0005999809620140299
1 2 7 0.00033623335609614494
2 1 7 0.0003218825611091294
2 2 7 0.0006057208855831216
1 1 8 0.00031331850769245533
1 2 8 0.00048563789522503947
2 1 8 0.00040674539166663594
2 2 8 0.0003897039697499653
1 1 9 0.0002767265892755241
1 2 9 0.00039327440473452323
2 1 9 0.00033623574533928155
2 2 9 0.00021264386858191537
1 1 10 0.00025975702031542355
1 2 10 0.0002267910158107261
2 1 10 0.00019287938767208226
2 2 10 0.00015563729885316647
1 1 11 0.00018577828267567366
1 2 11 0.00010407058531582425
2 1 11 0.00011340246968130014
2 2 11 0.00019770946732112455
1 1 12 0.0001543161726563152
1 2 12 0.0001501086468414494
2 1 12 0.00013807885014619034
2 2 12 0.00014147188191526112
1 1 13 0.00010361636366444023
1 2 13 0.0001597484139498074
2 1 13 0.00011718124561215701
2 2 13 0.00010612995838101314
1 1 14 0.00012083303172911555
1 2 14 0.00010740244901890925
2 1 14 9.825644152906151e-5
2 2 14 0.00011089160567912394
1 1 15 9.722133490084158e-5
1 2 15 8.608071057621698e-5
2 1 15 9.435892582182623e-5
2 2 15 0.00010300330938347655
1 1 16 8.393510050616853e-5
1 2 16 0.00011376831658375186
2 1 16 7.83377323291497e-5
2 2 16 9.22176347176524e-5
1 1 17 7.739761819578501e-5
1 2 17 0.00010133385013124683
2 1 17 0.00010957893755636505
2 2 17 7.218091775794609e-5
1 1 18 8.23577302682318e-5
1 2 18 7.216950593525741e-5
2 1 18 7.802340712507437e-5
2 2 18 9.085379220031394e-5
1 1 19 8.135580932902364e-5
1 2 19 7.742956605418377e-5
2 1 19 6.509080848187777e-5
2 2 19 8.590064711395113e-5
1 1 20 6.498579301956579e-5
1 2 20 8.468916278461501e-5
2 1 20 7.285965784316452e-5
2 2 20 7.833676658705385e-5
