W: 2.4
num_iter: 0
[-0.76836194 -0.76836194 -0.75924625 -0.75924625 -0.74865664 -0.74865664
 -0.7368083  -0.7368083  -0.72343493 -0.72343493 -0.7092092  -0.7092092
 -0.69354201 -0.69354201 -0.67634379 -0.67634379 -0.65832558 -0.65832558
 -0.63905237 -0.63905237 -0.61910123 -0.61910123 -0.59796478 -0.59796478
 -0.57582346 -0.57582346 -0.55317879 -0.55317879 -0.52892693 -0.52892693
 -0.50479092 -0.50479092 -0.47939463 -0.47939463 -0.45298091 -0.45298091
 -0.42588516 -0.42588516 -0.39819477 -0.39819477 -0.36958254 -0.36958254
 -0.33979081 -0.33979081 -0.30958591 -0.30958591 -0.27838687 -0.27838687
 -0.24625822 -0.24625822 -0.21331276 -0.21331276 -0.17983462 -0.17983462
 -0.14582534 -0.14582534 -0.11155756 -0.11155756 -0.0776618  -0.0776618
 -0.04387934 -0.04387934 -0.00922694 -0.00922694  0.00922825  0.00922825
  0.04388173  0.04388173  0.07766305  0.07766305  0.11155684  0.11155684
  0.14582354  0.14582354  0.1798301   0.1798301   0.21331531  0.21331531
  0.24625729  0.24625729  0.27838853  0.27838853  0.30958599  0.30958599
  0.33979352  0.33979352  0.36958036  0.36958036  0.39819433  0.39819433
  0.42589135  0.42589135  0.45297979  0.45297979  0.47939345  0.47939345
  0.50479142  0.50479142  0.52893461  0.52893461  0.55317945  0.55317945
  0.57582051  0.57582051  0.5979633   0.5979633   0.61909887  0.61909887
  0.63905248  0.63905248  0.65832856  0.65832856  0.67634774  0.67634774
  0.69354261  0.69354261  0.70920382  0.70920382  0.72343103  0.72343103
  0.73680499  0.73680499  0.74865599  0.74865599  0.7592458   0.7592458
  0.76836075  0.76836075]
localization_length: 3.386822244854159
3.4303193650024215
W_list: [2.4]
L_list: [109.77021968007749]
