W: 2.4000000000000004
num_iter: 0
[-1.17228556 -1.17228556 -1.11334713 -1.11334713 -1.02424604 -1.02424604
 -0.89374546 -0.89374546 -0.72139882 -0.72139882 -0.52182184 -0.52182184
 -0.32123625 -0.32123625 -0.10374665 -0.10374665  0.10374624  0.10374624
  0.32123238  0.32123238  0.52181562  0.52181562  0.7214012   0.7214012
  0.89374535  0.89374535  1.02425073  1.02425073  1.11334719  1.11334719
  1.17228906  1.17228906]
localization_length: 1.2048629923847758
1.212955233025145
W_list: [2.4000000000000004]
L_list: [9.70364186420116]
