W: 3.0
num_iter: 0
[-1.22162701 -1.22162701 -1.20929512 -1.20929512 -1.1955242  -1.1955242
 -1.1809207  -1.1809207  -1.16448215 -1.16448215 -1.14650924 -1.14650924
 -1.12680761 -1.12680761 -1.10513122 -1.10513122 -1.0817732  -1.0817732
 -1.05644328 -1.05644328 -1.02908426 -1.02908426 -0.99988041 -0.99988041
 -0.96852681 -0.96852681 -0.93472947 -0.93472947 -0.89902323 -0.89902323
 -0.86202942 -0.86202942 -0.82255273 -0.82255273 -0.78163959 -0.78163959
 -0.7388471  -0.7388471  -0.69494301 -0.69494301 -0.64995575 -0.64995575
 -0.60350537 -0.60350537 -0.55582353 -0.55582353 -0.50757219 -0.50757219
 -0.45756906 -0.45756906 -0.40691644 -0.40691644 -0.35498836 -0.35498836
 -0.30194226 -0.30194226 -0.24735903 -0.24735903 -0.19086903 -0.19086903
 -0.13170748 -0.13170748 -0.06280364 -0.06280364  0.06280704  0.06280704
  0.13170369  0.13170369  0.19086691  0.19086691  0.24735917  0.24735917
  0.30195147  0.30195147  0.35498258  0.35498258  0.40691517  0.40691517
  0.45756071  0.45756071  0.50757266  0.50757266  0.55582135  0.55582135
  0.60349943  0.60349943  0.64994963  0.64994963  0.69494116  0.69494116
  0.73884459  0.73884459  0.78163904  0.78163904  0.82255335  0.82255335
  0.8620344   0.8620344   0.89902211  0.89902211  0.93473452  0.93473452
  0.96853189  0.96853189  0.99989129  0.99989129  1.02908129  1.02908129
  1.05644191  1.05644191  1.08177659  1.08177659  1.10512586  1.10512586
  1.12681275  1.12681275  1.14651617  1.14651617  1.16448031  1.16448031
  1.18092336  1.18092336  1.19552414  1.19552414  1.20929202  1.20929202
  1.22162535  1.22162535]
localization_length: 0.49758262518209545
0.49786686761441146
W_list: [3.0]
L_list: [15.931739763661167]
