W: 4.2
num_iter: 0
[-1.14965612 -1.14965612 -1.12131259 -1.12131259 -1.08937844 -1.08937844
 -1.05187186 -1.05187186 -1.0102179  -1.0102179  -0.96455776 -0.96455776
 -0.91282464 -0.91282464 -0.85634586 -0.85634586 -0.79384584 -0.79384584
 -0.72538604 -0.72538604 -0.64854096 -0.64854096 -0.56366484 -0.56366484
 -0.470244   -0.470244   -0.3679138  -0.3679138  -0.25495902 -0.25495902
 -0.12032487 -0.12032487  0.1203311   0.1203311   0.25495226  0.25495226
  0.36791218  0.36791218  0.4702374   0.4702374   0.56367014  0.56367014
  0.64854119  0.64854119  0.72538226  0.72538226  0.79385493  0.79385493
  0.85634574  0.85634574  0.91282004  0.91282004  0.96455508  0.96455508
  1.01021753  1.01021753  1.05187234  1.05187234  1.08938645  1.08938645
  1.121314    1.121314    1.1496519   1.1496519 ]
localization_length: 0.5194271240745904
0.5209692018533056
W_list: [4.2]
L_list: [8.33550722965289]
