W: 2.0
num_iter: 0
[-0.63175247 -0.63175247 -0.61471698 -0.61471698 -0.59265328 -0.59265328
 -0.56695926 -0.56695926 -0.53790395 -0.53790395 -0.50612049 -0.50612049
 -0.4711519  -0.4711519  -0.43329479 -0.43329479 -0.39247568 -0.39247568
 -0.34784136 -0.34784136 -0.29973615 -0.29973615 -0.24843594 -0.24843594
 -0.19298922 -0.19298922 -0.13602687 -0.13602687 -0.07643452 -0.07643452
 -0.01603249 -0.01603249  0.01603167  0.01603167  0.07643809  0.07643809
  0.13602342  0.13602342  0.19298636  0.19298636  0.24843573  0.24843573
  0.29973854  0.29973854  0.34784149  0.34784149  0.39246988  0.39246988
  0.43330129  0.43330129  0.47114844  0.47114844  0.50611952  0.50611952
  0.53790297  0.53790297  0.56696009  0.56696009  0.59265933  0.59265933
  0.61471342  0.61471342  0.63175508  0.63175508]
localization_length: 3.898532922948493
3.9264509583068996
W_list: [2.0]
L_list: [62.823215332910394]
