Norm difference: 1.0
Norm difference: 1.0
1 1
1 2
1 3
2 1
2 2
2 3
3 1
3 2
3 3
1 1
1 2
1 3
2 1
2 2
2 3
3 1
3 2
3 3
1 1
1 2
1 3
2 1
2 2
2 3
3 1
3 2
3 3
1 1
1 2
1 3
2 1
2 2
2 3
3 1
3 2
3 3
1 1
1 2
1 3
2 1
2 2
2 3
3 1
3 2
3 3
1 1
1 2
1 3
2 1
2 2
2 3
3 1
3 2
3 3
1 1
1 2
1 3
2 1
2 2
2 3
3 1
3 2
3 3
1 1
1 2
1 3
2 1
2 2
2 3
3 1
3 2
3 3
1 1
1 2
1 3
2 1
2 2
2 3
3 1
3 2
3 3
1 1
1 2
1 3
2 1
2 2
2 3
3 1
3 2
3 3
1 1
1 2
1 3
2 1
2 2
2 3
3 1
3 2
3 3
1 1
1 2
1 3
2 1
2 2
2 3
3 1
3 2
3 3
1 1
1 2
1 3
2 1
2 2
2 3
3 1
3 2
3 3
1 1
1 2
1 3
2 1
2 2
2 3
3 1
3 2
3 3
1 1
1 2
1 3
2 1
2 2
2 3
3 1
3 2
3 3
1 1
1 2
1 3
2 1
2 2
2 3
3 1
3 2
3 3
1 1
1 2
1 3
2 1
2 2
2 3
3 1
3 2
3 3
1 1
1 2
1 3
2 1
2 2
2 3
3 1
3 2
3 3
1 1
1 2
1 3
2 1
2 2
2 3
3 1
3 2
3 3
1 1
1 2
1 3
2 1
2 2
2 3
3 1
3 2
3 3
1 1 1 0.006516164650855717
1 2 1 0.007838731389591864
1 3 1 0.00819069892149888
2 1 1 0.008539415872570377
2 2 1 0.010798753614967821
2 3 1 0.013441095180178223
3 1 1 0.00823157834670451
3 2 1 0.011647213821743508
3 3 1 0.01691167877248288
1 1 2 0.008021170544926244
1 2 2 0.009264188963699658
1 3 2 0.012877038538222738
2 1 2 0.01185896543173036
2 2 2 0.011620196966303361
2 3 2 0.01309637447573865
3 1 2 0.010340983062182825
3 2 2 0.011860695436784799
3 3 2 0.014584532277733833
1 1 3 0.010217462879091904
1 2 3 0.007909176108534205
1 3 3 0.008975333972381656
2 1 3 0.00802993331652141
2 2 3 0.01095863277936741
2 3 3 0.011139793009611538
3 1 3 0.008639381009548025
3 2 3 0.012049341848795353
3 3 3 0.009286038785667533
1 1 4 0.009706093121378394
1 2 4 0.007450205156662029
1 3 4 0.010794191788931439
2 1 4 0.010035968381027794
2 2 4 0.011445719613564274
2 3 4 0.012658671401833388
3 1 4 0.008028568524888346
3 2 4 0.012129898778123168
3 3 4 0.010396023859175216
1 1 5 0.007480455591813316
1 2 5 0.006966054770471487
1 3 5 0.00821894256350296
2 1 5 0.007933021373225393
2 2 5 0.008887989655151024
2 3 5 0.009217022898503072
3 1 5 0.008446384068649043
3 2 5 0.010827215595296286
3 3 5 0.00927820677279697
1 1 6 0.006229281388454586
1 2 6 0.008094466533853735
1 3 6 0.00791534786728326
2 1 6 0.008457715486043727
2 2 6 0.010890273446819275
2 3 6 0.010690314007459139
3 1 6 0.009324124174679907
3 2 6 0.00993488506766518
3 3 6 0.008981955838154396
1 1 7 0.004807612520974958
1 2 7 0.007112016112981593
1 3 7 0.008436356959637
2 1 7 0.006724100292715961
2 2 7 0.008829770369128674
2 3 7 0.007497907901003553
3 1 7 0.008019422876606402
3 2 7 0.008253429856487303
3 3 7 0.009396284697442437
1 1 8 0.005199332544192786
1 2 8 0.005698290603618738
1 3 8 0.00809414954550271
2 1 8 0.006805657773293078
2 2 8 0.009606216993955467
2 3 8 0.010810774335616159
3 1 8 0.007543629309987377
3 2 8 0.009641944669893484
3 3 8 0.008259286412907503
1 1 9 0.005715276212958753
1 2 9 0.007045569280066892
1 3 9 0.005383366813790838
2 1 9 0.006057377421977453
2 2 9 0.00709906860019255
2 3 9 0.00829440075229516
3 1 9 0.005060392897887909
3 2 9 0.0073228725313498515
3 3 9 0.007588499705252128
1 1 10 0.004830083366039515
1 2 10 0.005985028048894957
1 3 10 0.006675732182412697
2 1 10 0.006235526601459536
2 2 10 0.007488153188398435
2 3 10 0.007467191153122624
3 1 10 0.0040667091691419435
3 2 10 0.006609558668414473
3 3 10 0.008823888533980011
1 1 11 0.005380865961873012
1 2 11 0.005128527035292856
1 3 11 0.007396106879903648
2 1 11 0.0058674664685422736
2 2 11 0.0065331086226971535
2 3 11 0.00805892140553948
3 1 11 0.005249724211799235
3 2 11 0.006655697044907018
3 3 11 0.006086028184721456
1 1 12 0.004969108113719504
1 2 12 0.005314459265401468
1 3 12 0.006104308606682226
2 1 12 0.004433158749280749
2 2 12 0.005308738566734489
2 3 12 0.008317439053820834
3 1 12 0.004399691512463565
3 2 12 0.004913299627331146
3 3 12 0.006285623234630238
1 1 13 0.0034856497542532032
1 2 13 0.004212953961982163
1 3 13 0.005694192588138916
2 1 13 0.004967130345481596
2 2 13 0.005356395458951554
2 3 13 0.006711300987017185
3 1 13 0.005339361190962871
3 2 13 0.005005502720708427
3 3 13 0.0063498234896445915
1 1 14 0.0033874848122574853
1 2 14 0.0031607564237427902
1 3 14 0.00567496632125912
2 1 14 0.004538806449607519
2 2 14 0.004262611278380588
2 3 14 0.006429787142300629
3 1 14 0.004025648207145584
3 2 14 0.004371545242397802
3 3 14 0.005108465832803251
1 1 15 0.004049582595562934
1 2 15 0.003327573045421789
1 3 15 0.005951414506648054
2 1 15 0.0049574127029309665
2 2 15 0.002893700144389772
2 3 15 0.007721196320056986
3 1 15 0.003707562822913248
3 2 15 0.0034504081251097046
3 3 15 0.006449298175462413
1 1 16 0.0032998645205738536
1 2 16 0.0026846666802187234
1 3 16 0.006006558331892722
2 1 16 0.004453283298126599
2 2 16 0.0028701190572800253
2 3 16 0.006319919851102096
3 1 16 0.003640096227198737
3 2 16 0.002887961198791863
3 3 16 0.00551273305246776
1 1 17 0.0040448032953310994
1 2 17 0.0023969214586703836
1 3 17 0.005481946352304725
2 1 17 0.0036008172673623446
2 2 17 0.002664494912094416
2 3 17 0.0050646291166771395
3 1 17 0.0031436185237458435
3 2 17 0.0026390157665544013
3 3 17 0.004444732816714419
1 1 18 0.0037612708209515872
1 2 18 0.0028327439357206633
1 3 18 0.00493252984108049
2 1 18 0.0032790857897183486
2 2 18 0.0017852823464309686
2 3 18 0.004631639486758921
3 1 18 0.002782267312536048
3 2 18 0.002407209752483361
3 3 18 0.0041998298987152936
1 1 19 0.004330153691315401
1 2 19 0.0021980639040549144
1 3 19 0.004970481717805668
2 1 19 0.0037952862318101598
2 2 19 0.0025334290423335926
2 3 19 0.003821441486828096
3 1 19 0.004458372365363042
3 2 19 0.002065596580911307
3 3 19 0.003432913494532591
1 1 20 0.003930746398523759
1 2 20 0.0027132031597433158
1 3 20 0.004451318114353858
2 1 20 0.003584118454793746
2 2 20 0.0016336834297821644
2 3 20 0.004285169157141616
3 1 20 0.0033929137877385476
3 2 20 0.001738906358415777
3 3 20 0.003434713348678022
