Norm difference: 1.0
Norm difference: 1.0
1 1
1 2
1 3
2 1
2 2
2 3
3 1
3 2
3 3
1 1
1 2
1 3
2 1
2 2
2 3
3 1
3 2
3 3
1 1
1 2
1 3
2 1
2 2
2 3
3 1
3 2
3 3
1 1
1 2
1 3
2 1
2 2
2 3
3 1
3 2
3 3
1 1
1 2
1 3
2 1
2 2
2 3
3 1
3 2
3 3
1 1
1 2
1 3
2 1
2 2
2 3
3 1
3 2
3 3
1 1
1 2
1 3
2 1
2 2
2 3
3 1
3 2
3 3
1 1
1 2
1 3
2 1
2 2
2 3
3 1
3 2
3 3
1 1
1 2
1 3
2 1
2 2
2 3
3 1
3 2
3 3
1 1
1 2
1 3
2 1
2 2
2 3
3 1
3 2
3 3
1 1
1 2
1 3
2 1
2 2
2 3
3 1
3 2
3 3
1 1
1 2
1 3
2 1
2 2
2 3
3 1
3 2
3 3
1 1
1 2
1 3
2 1
2 2
2 3
3 1
3 2
3 3
1 1
1 2
1 3
2 1
2 2
2 3
3 1
3 2
3 3
1 1
1 2
1 3
2 1
2 2
2 3
3 1
3 2
3 3
1 1
1 2
1 3
2 1
2 2
2 3
3 1
3 2
3 3
1 1
1 2
1 3
2 1
2 2
2 3
3 1
3 2
3 3
1 1
1 2
1 3
2 1
2 2
2 3
3 1
3 2
3 3
1 1
1 2
1 3
2 1
2 2
2 3
3 1
3 2
3 3
1 1
1 2
1 3
2 1
2 2
2 3
3 1
3 2
3 3
1 1 1 0.021494250710950905
1 2 1 0.020907156795999998
1 3 1 0.015385353719119888
2 1 1 0.015802127405794557
2 2 1 0.01343992231286512
2 3 1 0.007469949386495031
3 1 1 0.024684033438531282
3 2 1 0.02440134861863134
3 3 1 0.021462836509089082
1 1 2 0.01577435906239055
1 2 2 0.018494718382191327
1 3 2 0.008847695270249135
2 1 2 0.012197094658148869
2 2 2 0.011103423640147641
2 3 2 0.010151050648391764
3 1 2 0.02032137889769248
3 2 2 0.021163602278335268
3 3 2 0.013321452053304586
1 1 3 0.015205212860190127
1 2 3 0.013209428541656448
1 3 3 0.0099792860867142
2 1 3 0.01181931154552396
2 2 3 0.009738949667514114
2 3 3 0.008481429257669731
3 1 3 0.014023199476331136
3 2 3 0.013370799835741336
3 3 3 0.007074079510494109
1 1 4 0.011098392178614278
1 2 4 0.008727512492182335
1 3 4 0.011508427190355639
2 1 4 0.007367427603212294
2 2 4 0.007877445826422459
2 3 4 0.0087391475082482
3 1 4 0.013684047379190118
3 2 4 0.01106972315525929
3 3 4 0.006703888490015103
1 1 5 0.008132044944652394
1 2 5 0.009566681085095336
1 3 5 0.010272267974709313
2 1 5 0.005663045232413026
2 2 5 0.008137719534263897
2 3 5 0.006634338562854353
3 1 5 0.011593030871252198
3 2 5 0.008598805000888433
3 3 5 0.00894123492683134
1 1 6 0.008614779148689406
1 2 6 0.008642194025156997
1 3 6 0.008456339622780772
2 1 6 0.006443495303109739
2 2 6 0.00532391649739118
2 3 6 0.005218255924423267
3 1 6 0.006083275217021797
3 2 6 0.007910128492893341
3 3 6 0.009864526664231993
1 1 7 0.006692640346390007
1 2 7 0.008397091570821589
1 3 7 0.007916356623779692
2 1 7 0.0068305381152926475
2 2 7 0.006371709255179244
2 3 7 0.005766857073162277
3 1 7 0.005996331164113841
3 2 7 0.007994034636672899
3 3 7 0.008628515009885289
1 1 8 0.00835015710800486
1 2 8 0.007143899500814413
1 3 8 0.00579445954449116
2 1 8 0.005673775024275745
2 2 8 0.00635930491261503
2 3 8 0.004346873019593818
3 1 8 0.006824087120460903
3 2 8 0.008026788436465117
3 3 8 0.007706580939977429
1 1 9 0.00829008168737712
1 2 9 0.007864635280403267
1 3 9 0.006676878430662771
2 1 9 0.005803155496966291
2 2 9 0.006367306836695105
2 3 9 0.005284203854089479
3 1 9 0.007292005111208727
3 2 9 0.008125871079836606
3 3 9 0.007325305934426807
1 1 10 0.007128334873830093
1 2 10 0.007915630942263932
1 3 10 0.006521955060713282
2 1 10 0.005303800117367394
2 2 10 0.0052480417396839375
2 3 10 0.00457533612998822
3 1 10 0.006964523995214138
3 2 10 0.00764903014963082
3 3 10 0.00627810292137552
1 1 11 0.0059484243777517005
1 2 11 0.008160861583214768
1 3 11 0.006600251025772568
2 1 11 0.0053826016985499365
2 2 11 0.006391227676571298
2 3 11 0.004682438338433114
3 1 11 0.008318406503171463
3 2 11 0.007686837261509717
3 3 11 0.0058199113664033795
1 1 12 0.005991836629429642
1 2 12 0.007199099093008312
1 3 12 0.007001603223179607
2 1 12 0.004163876031326717
2 2 12 0.006053943261751101
2 3 12 0.005092969529808128
3 1 12 0.006904385055134037
3 2 12 0.007893777679542678
3 3 12 0.005925268463714477
1 1 13 0.006449889001096193
1 2 13 0.007523130975435692
1 3 13 0.006990420873411748
2 1 13 0.003807005528774142
2 2 13 0.005086078818561936
2 3 13 0.00486207969581192
3 1 13 0.005955988252159264
3 2 13 0.0076606878754605714
3 3 13 0.007037028162717167
1 1 14 0.006646213031676907
1 2 14 0.0087696650418907
1 3 14 0.00670280727019511
2 1 14 0.005416586388699602
2 2 14 0.005993447573885166
2 3 14 0.004679024170839806
3 1 14 0.005981680117754124
3 2 14 0.006645173407664075
3 3 14 0.0068284185882801305
1 1 15 0.005603463843251082
1 2 15 0.006268279258076384
1 3 15 0.007344283161238136
2 1 15 0.004116305757322614
2 2 15 0.005861585499028138
2 3 15 0.007398068677977041
3 1 15 0.00593949402781154
3 2 15 0.007486250637869701
3 3 15 0.00799279551161904
1 1 16 0.006709060839048403
1 2 16 0.009435461924790276
1 3 16 0.0060528484718965336
2 1 16 0.00410995383993115
2 2 16 0.00693243970364227
2 3 16 0.007128468657752275
3 1 16 0.005601359609277524
3 2 16 0.007236373439223882
3 3 16 0.007953972500209716
1 1 17 0.0068852697367212615
1 2 17 0.00649203755736161
1 3 17 0.00919149929742762
2 1 17 0.0054390189786291
2 2 17 0.007471818850949616
2 3 17 0.006913661315062908
3 1 17 0.005779753983353969
3 2 17 0.008873501867915393
3 3 17 0.008293732618913061
1 1 18 0.006735324387737153
1 2 18 0.007064629808217449
1 3 18 0.010988396618712691
2 1 18 0.008008026002815725
2 2 18 0.005726285315583682
2 3 18 0.006402450599605336
3 1 18 0.008625471073733262
3 2 18 0.00866846571259542
3 3 18 0.009526411211790866
1 1 19 0.005704445554502178
1 2 19 0.00941170129328565
1 3 19 0.009291618389014149
2 1 19 0.00806311646409472
2 2 19 0.005204134019397647
2 3 19 0.006103295617880559
3 1 19 0.010110643615188663
3 2 19 0.008468170011291232
3 3 19 0.009553352822630107
1 1 20 0.009730585247650404
1 2 20 0.006892946441194156
1 3 20 0.008557298422354611
2 1 20 0.0060092310470659036
2 2 20 0.005618458412244996
2 3 20 0.006418535108461519
3 1 20 0.008200083235161177
3 2 20 0.007130099024869063
3 3 20 0.00972181103792441
