W: 2.4
num_iter: 0
[-0.69274519 -0.69274519 -0.64659151 -0.64659151 -0.5848842  -0.5848842
 -0.50843802 -0.50843802 -0.41781418 -0.41781418 -0.31085889 -0.31085889
 -0.18641313 -0.18641313 -0.04261312 -0.04261312  0.04261095  0.04261095
  0.18641445  0.18641445  0.31085564  0.31085564  0.41781608  0.41781608
  0.50843919  0.50843919  0.58488515  0.58488515  0.64658972  0.64658972
  0.69274706  0.69274706]
localization_length: 2.9335185283450973
2.9654753632644693
W_list: [2.4]
L_list: [23.723802906115754]
