W: 2.0
num_iter: 0
[-1.16779493 -1.16779493 -1.15856366 -1.15856366 -1.148202   -1.148202
 -1.13641685 -1.13641685 -1.12278937 -1.12278937 -1.10795346 -1.10795346
 -1.09081795 -1.09081795 -1.0717355  -1.0717355  -1.05039616 -1.05039616
 -1.02648181 -1.02648181 -1.00006443 -1.00006443 -0.97089906 -0.97089906
 -0.93849927 -0.93849927 -0.90298323 -0.90298323 -0.86368664 -0.86368664
 -0.82135432 -0.82135432 -0.77498602 -0.77498602 -0.72577321 -0.72577321
 -0.6746122  -0.6746122  -0.62137388 -0.62137388 -0.56776055 -0.56776055
 -0.51424842 -0.51424842 -0.46169296 -0.46169296 -0.40963347 -0.40963347
 -0.35969138 -0.35969138 -0.31074797 -0.31074797 -0.26287745 -0.26287745
 -0.21543735 -0.21543735 -0.16854702 -0.16854702 -0.12256952 -0.12256952
 -0.07498312 -0.07498312 -0.02283643 -0.02283643  0.02283895  0.02283895
  0.07498747  0.07498747  0.12257108  0.12257108  0.16854619  0.16854619
  0.21543724  0.21543724  0.26287852  0.26287852  0.31075396  0.31075396
  0.35969522  0.35969522  0.40963139  0.40963139  0.46169533  0.46169533
  0.51424761  0.51424761  0.56776138  0.56776138  0.62136615  0.62136615
  0.67461636  0.67461636  0.72577189  0.72577189  0.77498893  0.77498893
  0.82135589  0.82135589  0.86368951  0.86368951  0.90297446  0.90297446
  0.9385002   0.9385002   0.97089354  0.97089354  1.00005439  1.00005439
  1.02649219  1.02649219  1.05039459  1.05039459  1.07173429  1.07173429
  1.09082537  1.09082537  1.10794917  1.10794917  1.12278919  1.12278919
  1.13640774  1.13640774  1.14820441  1.14820441  1.15856512  1.15856512
  1.16779186  1.16779186]
localization_length: 1.36842752074854
1.3889253523533016
W_list: [2.0]
L_list: [44.44561127530565]
