C_list:
0.0006784840107351131 0.21919968502233722
C_list:
0.0006456936721163847 0.2250554174107168
C_list:
0.000575901427177861 0.24115023586873838
C_list:
0.0006374710937485355 0.2629184949203566
C_list:
0.0006309234927569013 0.28075994551144884
C_list:
0.0006149570981504145 0.28603721239776586
ndim2: 60
W_list: [2.3, 2.4, 2.5, 2.5999999999999996, 2.6999999999999997, 2.8]
L_list: [4.562050351021702, 4.4433500490905375, 4.146792543650319, 3.8034600810525725, 3.561761625855644, 3.4960486141551095]
C_list:
0.0005689962040962506 0.1532976340262884
C_list:
0.0006088936591912871 0.16881814693624497
C_list:
0.0006270394205395766 0.1852309809530998
C_list:
0.0006177240108033589 0.1992015592942907
C_list:
0.0005720598519426953 0.2063297154100344
C_list:
0.0005577836143071496 0.22031533531289083
ndim2: 60
W_list: [2.3, 2.4, 2.5, 2.5999999999999996, 2.6999999999999997, 2.8]
L_list: [6.523257885562108, 5.9235338033751495, 5.398664925567707, 5.020041025495431, 4.846611638138126, 4.53894867817442]
C_list:
0.0005399385438014266 0.13466904349557082
C_list:
0.0005396236591204299 0.14134356053514036
C_list:
0.0005730525233070863 0.15303834869319952
C_list:
0.0005260606461048165 0.1645337112778718
C_list:
0.0004923867018499438 0.17326894876305785
C_list:
0.0005107450533991303 0.1936813877702889
ndim2: 60
W_list: [2.3, 2.4, 2.5, 2.5999999999999996, 2.6999999999999997, 2.8]
L_list: [7.425611514296449, 7.074959737917338, 6.534309919958228, 6.077781824972973, 5.771374543095323, 5.163118725615626]
