[-2.41421356 -1.         -1.         -0.41421356  0.41421356  1.
  1.          2.41421356]
W: 4.0
num_iter: 0
[-0.91075165 -0.8525492  -0.78501046 -0.70384133 -0.61199178 -0.50271238
 -0.37497288 -0.21770374  0.21770502  0.37496807  0.50271151  0.6119882
  0.70384667  0.78501662  0.85254889  0.91074844]
localization_length: 0.5741747845978293
0.5718849930611248
W_list: [4.0]
L_list: [0.5718849930611248]
[-2.41421356 -1.         -1.         -0.41421356  0.41421356  1.
  1.          2.41421356]
W: 4.0
num_iter: 0
[-0.9107627  -0.85316187 -0.78405736 -0.70424673 -0.61092647 -0.5024512
 -0.3759723  -0.21912539  0.21912222  0.37597098  0.50245082  0.61092798
  0.70425056  0.78405861  0.8531557   0.91076714]
localization_length: 0.5704578909234774
0.5704247440608541
W_list: [4.0]
L_list: [0.5704247440608541]
