W: 3.8
num_iter: 0
[-0.94735709 -0.94735709 -0.93789635 -0.93789635 -0.92719795 -0.92719795
 -0.91588961 -0.91588961 -0.90325905 -0.90325905 -0.88985247 -0.88985247
 -0.87505023 -0.87505023 -0.85931529 -0.85931529 -0.84225613 -0.84225613
 -0.82412064 -0.82412064 -0.80521955 -0.80521955 -0.78474903 -0.78474903
 -0.76308882 -0.76308882 -0.74042857 -0.74042857 -0.71635668 -0.71635668
 -0.69113065 -0.69113065 -0.66432456 -0.66432456 -0.63595743 -0.63595743
 -0.60587669 -0.60587669 -0.57396593 -0.57396593 -0.54069351 -0.54069351
 -0.50568752 -0.50568752 -0.46858958 -0.46858958 -0.42932259 -0.42932259
 -0.38877661 -0.38877661 -0.34604685 -0.34604685 -0.30163891 -0.30163891
 -0.2545954  -0.2545954  -0.20570274 -0.20570274 -0.15539018 -0.15539018
 -0.10232385 -0.10232385 -0.04125671 -0.04125671  0.04125036  0.04125036
  0.10232709  0.10232709  0.15538993  0.15538993  0.20569849  0.20569849
  0.25459971  0.25459971  0.30163736  0.30163736  0.34604062  0.34604062
  0.38877677  0.38877677  0.42931959  0.42931959  0.46858973  0.46858973
  0.50568304  0.50568304  0.54068501  0.54068501  0.57396464  0.57396464
  0.60587106  0.60587106  0.63596362  0.63596362  0.6643229   0.6643229
  0.69112996  0.69112996  0.71636318  0.71636318  0.74042181  0.74042181
  0.76309241  0.76309241  0.78474876  0.78474876  0.80521782  0.80521782
  0.82413131  0.82413131  0.8422589   0.8422589   0.85931964  0.85931964
  0.87504891  0.87504891  0.88985687  0.88985687  0.90325997  0.90325997
  0.91589272  0.91589272  0.92719287  0.92719287  0.93790042  0.93790042
  0.94736167  0.94736167]
localization_length: 0.7575690647571426
0.7651661969433371
W_list: [3.8]
L_list: [24.485318302186787]
