Norm difference: 1.0
Norm difference: 1.0
1 1
1 2
2 1
2 2
1 1
1 2
2 1
2 2
1 1
1 2
2 1
2 2
1 1
1 2
2 1
2 2
1 1
1 2
2 1
2 2
1 1
1 2
2 1
2 2
1 1
1 2
2 1
2 2
1 1
1 2
2 1
2 2
1 1
1 2
2 1
2 2
1 1
1 2
2 1
2 2
1 1
1 2
2 1
2 2
1 1
1 2
2 1
2 2
1 1
1 2
2 1
2 2
1 1
1 2
2 1
2 2
1 1
1 2
2 1
2 2
1 1
1 2
2 1
2 2
1 1
1 2
2 1
2 2
1 1
1 2
2 1
2 2
1 1
1 2
2 1
2 2
1 1
1 2
2 1
2 2
1 1 1 0.0029044502229835256
1 2 1 0.0033234379895490974
2 1 1 0.004601840573623441
2 2 1 0.003961120693181584
1 1 2 0.003332576407503221
1 2 2 0.0030636195634674984
2 1 2 0.00426686219219943
2 2 2 0.0036955099532537733
1 1 3 0.0034981878751277284
1 2 3 0.00406814141623986
2 1 3 0.003918447293785141
2 2 3 0.002709401897656635
1 1 4 0.0030878361105142462
1 2 4 0.0032073480998278275
2 1 4 0.003623262497916216
2 2 4 0.004888033062832257
1 1 5 0.00358131213998126
1 2 5 0.0037185588385702283
2 1 5 0.003063830208928696
2 2 5 0.004101702488728682
1 1 6 0.00278766336240745
1 2 6 0.00383974985975056
2 1 6 0.0038866854937567976
2 2 6 0.0025731989689454053
1 1 7 0.0033644239243568845
1 2 7 0.0027207603825454597
2 1 7 0.0038425186250091877
2 2 7 0.0026760751603833307
1 1 8 0.003722440521659467
1 2 8 0.002518315640542838
2 1 8 0.003256371023438362
2 2 8 0.003509672230107154
1 1 9 0.0036955860072699874
1 2 9 0.0030308017546685113
2 1 9 0.0035040487671665413
2 2 9 0.0037535246852228726
1 1 10 0.003422349875309722
1 2 10 0.003629135960770819
2 1 10 0.0028644136516192535
2 2 10 0.0031302970180159726
1 1 11 0.0030776265497166433
1 2 11 0.002842193846642897
2 1 11 0.003277284987393328
2 2 11 0.003192131787826001
1 1 12 0.0030293438276342145
1 2 12 0.003210315398711391
2 1 12 0.003336777428841975
2 2 12 0.002260958265987367
1 1 13 0.0027665671888778736
1 2 13 0.0025095986553902187
2 1 13 0.003792511454942301
2 2 13 0.002931339385862301
1 1 14 0.0032665282733030563
1 2 14 0.003001310366026589
2 1 14 0.0036745371342974302
2 2 14 0.003170888268544717
1 1 15 0.0029866833636938875
1 2 15 0.0027484524356760297
2 1 15 0.003482777584343552
2 2 15 0.003625611556370508
1 1 16 0.003058606649322972
1 2 16 0.003368645310603366
2 1 16 0.0034728011058244856
2 2 16 0.0035230148645663964
1 1 17 0.0037153044286686735
1 2 17 0.0026863404349699604
2 1 17 0.0031068461737782504
2 2 17 0.003441929435567822
1 1 18 0.003220155548346533
1 2 18 0.0035388093379159465
2 1 18 0.0035748331166711423
2 2 18 0.0032089443370454584
1 1 19 0.0027131236181148328
1 2 19 0.003602628693626135
2 1 19 0.002979592139305814
2 2 19 0.003219579876248103
1 1 20 0.0030005502836636905
1 2 20 0.0030242063960703525
2 1 20 0.0031748405506151177
2 2 20 0.0032823598470168207
