Norm difference: 1.0
Norm difference: 1.0
1 1
1 2
1 3
2 1
2 2
2 3
3 1
3 2
3 3
1 1
1 2
1 3
2 1
2 2
2 3
3 1
3 2
3 3
1 1
1 2
1 3
2 1
2 2
2 3
3 1
3 2
3 3
1 1
1 2
1 3
2 1
2 2
2 3
3 1
3 2
3 3
1 1
1 2
1 3
2 1
2 2
2 3
3 1
3 2
3 3
1 1
1 2
1 3
2 1
2 2
2 3
3 1
3 2
3 3
1 1
1 2
1 3
2 1
2 2
2 3
3 1
3 2
3 3
1 1
1 2
1 3
2 1
2 2
2 3
3 1
3 2
3 3
1 1
1 2
1 3
2 1
2 2
2 3
3 1
3 2
3 3
1 1
1 2
1 3
2 1
2 2
2 3
3 1
3 2
3 3
1 1
1 2
1 3
2 1
2 2
2 3
3 1
3 2
3 3
1 1
1 2
1 3
2 1
2 2
2 3
3 1
3 2
3 3
1 1
1 2
1 3
2 1
2 2
2 3
3 1
3 2
3 3
1 1
1 2
1 3
2 1
2 2
2 3
3 1
3 2
3 3
1 1
1 2
1 3
2 1
2 2
2 3
3 1
3 2
3 3
1 1
1 2
1 3
2 1
2 2
2 3
3 1
3 2
3 3
1 1
1 2
1 3
2 1
2 2
2 3
3 1
3 2
3 3
1 1
1 2
1 3
2 1
2 2
2 3
3 1
3 2
3 3
1 1
1 2
1 3
2 1
2 2
2 3
3 1
3 2
3 3
1 1
1 2
1 3
2 1
2 2
2 3
3 1
3 2
3 3
1 1 1 0.027684707935771324
1 2 1 0.01566900036566015
1 3 1 0.02159473969434709
2 1 1 0.016463008143739778
2 2 1 0.015612058881944984
2 3 1 0.00888740145095884
3 1 1 0.01930961799464839
3 2 1 0.014770927925610236
3 3 1 0.012977610820912745
1 1 2 0.029497433310555394
1 2 2 0.016813721548975046
1 3 2 0.016383705985950577
2 1 2 0.018677309763980132
2 2 2 0.010780942971104112
2 3 2 0.007043810742275428
3 1 2 0.015661577096478533
3 2 2 0.011795912916906435
3 3 2 0.007973243550708942
1 1 3 0.025237436763588205
1 2 3 0.012043292947869025
1 3 3 0.015084890993291319
2 1 3 0.020325356148742313
2 2 3 0.00923869152847869
2 3 3 0.012332168586122483
3 1 3 0.016210151456366916
3 2 3 0.010082905661053566
3 3 3 0.008201194761776593
1 1 4 0.026024273767989065
1 2 4 0.013649921358980854
1 3 4 0.01434324322355302
2 1 4 0.017667759793437685
2 2 4 0.010144894088608377
2 3 4 0.016594989831766202
3 1 4 0.01627698859792253
3 2 4 0.007003521287543979
3 3 4 0.010561150441503015
1 1 5 0.02721622306703967
1 2 5 0.010191770050817797
1 3 5 0.017658710013795036
2 1 5 0.019728308152061502
2 2 5 0.008087012044032166
2 3 5 0.012967209797808276
3 1 5 0.01685155384113733
3 2 5 0.009258437947592721
3 3 5 0.01218244112179065
1 1 6 0.024597751896550956
1 2 6 0.015419520012650739
1 3 6 0.021057391824988617
2 1 6 0.016459549472849604
2 2 6 0.010520322449181016
2 3 6 0.012516592092851308
3 1 6 0.014956931616850053
3 2 6 0.006486000089674327
3 3 6 0.00976433818683561
1 1 7 0.02340146669599601
1 2 7 0.01245502818305928
1 3 7 0.015673811112833946
2 1 7 0.01643309931688046
2 2 7 0.01276890589967374
2 3 7 0.009494977396740647
3 1 7 0.011453454989453762
3 2 7 0.006237930466979192
3 3 7 0.008398829525300187
1 1 8 0.020002249006326977
1 2 8 0.01400413211853881
1 3 8 0.013544662842604577
2 1 8 0.016879059372528225
2 2 8 0.01187140022384488
2 3 8 0.011010936006226144
3 1 8 0.0117642202173823
3 2 8 0.00925145748121145
3 3 8 0.007372264940414271
1 1 9 0.018703359563714203
1 2 9 0.01103482083549061
1 3 9 0.00994941053029892
2 1 9 0.01697309169443632
2 2 9 0.010664535964159822
2 3 9 0.011763057259961759
3 1 9 0.01211799558362785
3 2 9 0.009119910406819304
3 3 9 0.00913870054980727
1 1 10 0.01767479803627398
1 2 10 0.010261233787944824
1 3 10 0.012845612816509372
2 1 10 0.016574601277355716
2 2 10 0.009194770896329077
2 3 10 0.008901650977458424
3 1 10 0.011935527321656706
3 2 10 0.008013600795063757
3 3 10 0.0074387216218136515
1 1 11 0.014320070611659
1 2 11 0.009588189198447433
1 3 11 0.010792637879722929
2 1 11 0.010023769218342695
2 2 11 0.0064703344926523
2 3 11 0.006768530339375883
3 1 11 0.011189914300868197
3 2 11 0.007330580961704344
3 3 11 0.006381145581561891
1 1 12 0.011537877683600518
1 2 12 0.00896790018315502
1 3 12 0.009709386329440833
2 1 12 0.00888124858759028
2 2 12 0.006561862438796547
2 3 12 0.006601754369790959
3 1 12 0.0074750889635028335
3 2 12 0.005198451397914706
3 3 12 0.0047962535919358305
1 1 13 0.007822266635896037
1 2 13 0.007201641527524769
1 3 13 0.006434517179460857
2 1 13 0.007681608776434293
2 2 13 0.005678881917229152
2 3 13 0.005922584241973136
3 1 13 0.006193485352931733
3 2 13 0.004028915209877757
3 3 13 0.004325281778267518
1 1 14 0.007874919219942551
1 2 14 0.00718467629482402
1 3 14 0.00547599978293661
2 1 14 0.005819766886817419
2 2 14 0.005334651476461089
2 3 14 0.003959065885724618
3 1 14 0.004851415010584156
3 2 14 0.003989510550651191
3 3 14 0.0037571449197660533
1 1 15 0.006796940568128598
1 2 15 0.005070060469862151
1 3 15 0.005786954799736203
2 1 15 0.00481302627310719
2 2 15 0.004452465595462555
2 3 15 0.004427319688728035
3 1 15 0.004869734664647363
3 2 15 0.0035983253815931988
3 3 15 0.0030785896953745926
1 1 16 0.00631025736533686
1 2 16 0.004838479034056908
1 3 16 0.004916411544626053
2 1 16 0.004891422224673182
2 2 16 0.003229779686494323
2 3 16 0.0045280480937441945
3 1 16 0.003672341737032403
3 2 16 0.002955046772601624
3 3 16 0.002730780382050993
1 1 17 0.005091068006519853
1 2 17 0.0034796144386193503
1 3 17 0.004183827036053751
2 1 17 0.003804372100568211
2 2 17 0.002707226583763567
2 3 17 0.0034939424539361776
3 1 17 0.0030692637488757735
3 2 17 0.0029166676536002854
3 3 17 0.0026331106082677458
1 1 18 0.003564778989245293
1 2 18 0.0036724846002199204
1 3 18 0.0040898868060636655
2 1 18 0.00285565560467665
2 2 18 0.002606461659946882
2 3 18 0.0034153952081607667
3 1 18 0.003235736321573943
3 2 18 0.0019398960805044763
3 3 18 0.002503719295974714
1 1 19 0.0035751842063342074
1 2 19 0.002522272258686145
1 3 19 0.0031073389142971097
2 1 19 0.0029775358832218645
2 2 19 0.001905926352677433
2 3 19 0.0018894141658968987
3 1 19 0.002278422219099418
3 2 19 0.0017791150356375987
3 3 19 0.002322884912067413
1 1 20 0.0027040440517277294
1 2 20 0.0020296862519514625
1 3 20 0.002265799163210157
2 1 20 0.0028714576655059754
2 2 20 0.001797521648374959
2 3 20 0.0023084250939198405
3 1 20 0.00210487463821616
3 2 20 0.001721822223169497
3 3 20 0.0025899685397845706
