W: 2.6
num_iter: 0
[-1.18191168 -1.18191168 -1.12117014 -1.12117014 -1.02906609 -1.02906609
 -0.89996285 -0.89996285 -0.73240298 -0.73240298 -0.54025835 -0.54025835
 -0.3399689  -0.3399689  -0.11649752 -0.11649752  0.11649876  0.11649876
  0.33996846  0.33996846  0.54025346  0.54025346  0.7323987   0.7323987
  0.89996915  0.89996915  1.02906846  1.02906846  1.12117223  1.12117223
  1.18190929  1.18190929]
localization_length: 1.07298420070054
1.0667010893246278
W_list: [2.6]
L_list: [8.533608714597023]
