[-2.41421356 -1.         -1.         -0.41421356  0.41421356  1.
  1.          2.41421356]
W: 3.8000000000000003
num_iter: 0
[-0.85411232 -0.70265421 -0.51093147 -0.28629163  0.28628831  0.51094707
  0.70263986  0.8541144 ]
localization_length: 0.8732455900509245
0.8686959110379026
num_iter: 1
[-0.85400879 -0.70208388 -0.51092849 -0.28320598  0.28320683  0.51093055
  0.70208109  0.85400867]
localization_length: 0.8827497065933828
0.881958209035832
num_iter: 2
[-0.85489716 -0.70117314 -0.51242866 -0.28335895  0.28336252  0.51242421
  0.70116888  0.8549023 ]
localization_length: 0.8822731671735193
0.880374311668641
W_list: [3.8000000000000003]
L_list: [0.8770094772474586]
[-2.41421356 -1.         -1.         -0.41421356  0.41421356  1.
  1.          2.41421356]
W: 3.8000000000000003
num_iter: 0
[-0.85368762 -0.70133977 -0.51218693 -0.28384236  0.28383705  0.51219436
  0.70133872  0.85368654]
localization_length: 0.8807870595784306
0.881404685161312
num_iter: 1
[-0.85418638 -0.70265364 -0.51323925 -0.28323031  0.28322545  0.5132394
  0.70264587  0.85419886]
localization_length: 0.8826890500614604
0.8827529567665694
num_iter: 2
[-0.85402478 -0.70182431 -0.51259795 -0.28421715  0.28423346  0.51258359
  0.70182289  0.85402424]
localization_length: 0.8796091403844962
0.8818493711389936
W_list: [3.8000000000000003]
L_list: [0.8820023376889583]
