Norm difference: 1.0
Norm difference: 0.9999999999999999
1 1
1 2
1 3
2 1
2 2
2 3
3 1
3 2
3 3
1 1
1 2
1 3
2 1
2 2
2 3
3 1
3 2
3 3
1 1
1 2
1 3
2 1
2 2
2 3
3 1
3 2
3 3
1 1
1 2
1 3
2 1
2 2
2 3
3 1
3 2
3 3
1 1
1 2
1 3
2 1
2 2
2 3
3 1
3 2
3 3
1 1
1 2
1 3
2 1
2 2
2 3
3 1
3 2
3 3
1 1
1 2
1 3
2 1
2 2
2 3
3 1
3 2
3 3
1 1
1 2
1 3
2 1
2 2
2 3
3 1
3 2
3 3
1 1
1 2
1 3
2 1
2 2
2 3
3 1
3 2
3 3
1 1
1 2
1 3
2 1
2 2
2 3
3 1
3 2
3 3
1 1
1 2
1 3
2 1
2 2
2 3
3 1
3 2
3 3
1 1
1 2
1 3
2 1
2 2
2 3
3 1
3 2
3 3
1 1
1 2
1 3
2 1
2 2
2 3
3 1
3 2
3 3
1 1
1 2
1 3
2 1
2 2
2 3
3 1
3 2
3 3
1 1
1 2
1 3
2 1
2 2
2 3
3 1
3 2
3 3
1 1
1 2
1 3
2 1
2 2
2 3
3 1
3 2
3 3
1 1
1 2
1 3
2 1
2 2
2 3
3 1
3 2
3 3
1 1
1 2
1 3
2 1
2 2
2 3
3 1
3 2
3 3
1 1
1 2
1 3
2 1
2 2
2 3
3 1
3 2
3 3
1 1
1 2
1 3
2 1
2 2
2 3
3 1
3 2
3 3
1 1 1 9.691232501627955e-5
1 2 1 7.759104829621628e-5
1 3 1 7.793927594530479e-5
2 1 1 0.00010566223933186763
2 2 1 0.00013102093322044095
2 3 1 0.00011427110900692449
3 1 1 9.630962065739946e-5
3 2 1 0.00011197344555787248
3 3 1 0.00010296388287873298
1 1 2 0.00012682995135467333
1 2 2 0.0001752701846317795
1 3 2 0.00014791059891930267
2 1 2 0.00016675460934632535
2 2 2 0.00014246703492205073
2 3 2 8.990084442494547e-5
3 1 2 0.00014223028448600157
3 2 2 0.0001247780721998896
3 3 2 0.00010359609741122239
1 1 3 0.00012559596589912947
1 2 3 0.00011804652230761343
1 3 3 0.00011511345963970617
2 1 3 0.00012481780338392386
2 2 3 0.00015680418609765288
2 3 3 0.0001221947980018889
3 1 3 0.00014632873494518084
3 2 3 0.0001377673412030295
3 3 3 9.942770300453388e-5
1 1 4 0.0001700413003869121
1 2 4 0.00010081231095806123
1 3 4 0.00014847803995753176
2 1 4 0.00019283624088377267
2 2 4 0.00017183651053242455
2 3 4 0.00015341498884523765
3 1 4 0.000190881590834078
3 2 4 0.00010389516288155631
3 3 4 6.891303031057189e-5
1 1 5 0.00013610532987679908
1 2 5 0.0001684814024706381
1 3 5 0.00012999883800625064
2 1 5 0.00015466957964348406
2 2 5 0.00012888419472215144
2 3 5 0.00012718256671944198
3 1 5 0.00014853986978410633
3 2 5 0.00010832821709742093
3 3 5 0.00013621965813232121
1 1 6 0.0002481479224188318
1 2 6 0.0001402543211837572
1 3 6 0.00020125076725160878
2 1 6 0.00018480358582633627
2 2 6 0.00011490131588836068
2 3 6 0.00011354318483926443
3 1 6 0.00018472501452396943
3 2 6 0.00012794848991943544
3 3 6 0.0001469691209775466
1 1 7 0.00019730590263326498
1 2 7 0.0001334963687763786
1 3 7 0.00014213754434896654
2 1 7 0.00018555908136986854
2 2 7 0.00012785024900806172
2 3 7 0.00014071452106418785
3 1 7 0.00017991479241168825
3 2 7 8.928285127927441e-5
3 3 7 0.0001352242010759778
1 1 8 0.00017382849918438982
1 2 8 0.0001178680435176621
1 3 8 0.00010633112650274384
2 1 8 0.00019074031906930313
2 2 8 0.0001224455903764886
2 3 8 0.00019208760242536978
3 1 8 0.00013817103813346235
3 2 8 0.0001232990342056194
3 3 8 0.00016242679178533952
1 1 9 0.00017527670752385147
1 2 9 8.085272972407764e-5
1 3 9 0.00013496933402846605
2 1 9 0.00016574961973866493
2 2 9 8.412973276723202e-5
2 3 9 0.00015139953169987505
3 1 9 0.00017844259293790335
3 2 9 8.623108344499712e-5
3 3 9 0.00014446135698302016
1 1 10 0.00019105277754446454
1 2 10 0.00011920678609989442
1 3 10 0.00021162311630856687
2 1 10 0.00011917391614408444
2 2 10 0.00014235424346336327
2 3 10 0.00014635111922448103
3 1 10 0.00017115543149420266
3 2 10 0.00013006999138177704
3 3 10 0.0001703593614309189
1 1 11 0.00017979662959257146
1 2 11 0.00015236295132739055
1 3 11 0.00010237293848991764
2 1 11 0.0002159377687534793
2 2 11 8.840476602006349e-5
2 3 11 0.00013017238879369793
3 1 11 0.00020338023324064755
3 2 11 0.00012445875443759896
3 3 11 0.00019701209781461957
1 1 12 0.00017693759167817076
1 2 12 0.00015263410604080224
1 3 12 0.00015635661311995283
2 1 12 0.00014875634560802478
2 2 12 0.00012821220373403496
2 3 12 0.0001541477602734945
3 1 12 0.00016866264813766098
3 2 12 0.00013682128239291905
3 3 12 0.00012107132487710548
1 1 13 0.00017053112852008522
1 2 13 0.00013075574600011035
1 3 13 0.00014572326863478025
2 1 13 0.000246852091965121
2 2 13 0.00019696004501292545
2 3 13 0.00013885963940418178
3 1 13 0.00019799101179873208
3 2 13 0.00010954464099369007
3 3 13 0.00011898593210310497
1 1 14 0.00017096274770202696
1 2 14 0.0001401979932442956
1 3 14 0.0002132955325624351
2 1 14 0.0003304316156515079
2 2 14 0.00013436318820676671
2 3 14 0.0002861965888603311
3 1 14 0.00024193380182637152
3 2 14 0.00014567152448295654
3 3 14 0.00019260361198201168
1 1 15 0.0002686651071851211
1 2 15 0.0001686190827374173
1 3 15 0.00022652336898731448
2 1 15 0.000263654866552592
2 2 15 0.00014035203749609336
2 3 15 0.0002698383398341167
3 1 15 0.0002753944542323983
3 2 15 0.0001333945284399836
3 3 15 0.00021948725990188095
1 1 16 0.0003017138327703913
1 2 16 0.00010724203727055246
1 3 16 0.00028075702894784143
2 1 16 0.0002586459535187871
2 2 16 0.00015173044570978054
2 3 16 0.00023227947172685406
3 1 16 0.00024281351445262924
3 2 16 0.00014561399479553013
3 3 16 0.00024223613869350655
1 1 17 0.0002521576241211343
1 2 17 0.00012987556755995633
1 3 17 0.0002245099828813169
2 1 17 0.00039010486269340993
2 2 17 0.000162111294409094
2 3 17 0.0003599384840902901
3 1 17 0.0002689325900288072
3 2 17 0.00013656467132758861
3 3 17 0.0002906492297344289
1 1 18 0.00024250075542475136
1 2 18 0.0001176078534229092
1 3 18 0.0001971382914509311
2 1 18 0.00028887147265149347
2 2 18 0.0001828966991562727
2 3 18 0.0004039030645015118
3 1 18 0.0002395282282680933
3 2 18 0.00012574479655918277
3 3 18 0.00031349564990379165
1 1 19 0.0002594651361037415
1 2 19 0.0001628723331606619
1 3 19 0.00032051711865186034
2 1 19 0.0002816121058238713
2 2 19 0.00016926583098071893
2 3 19 0.00034914287590693795
3 1 19 0.00021310196776194845
3 2 19 0.00012650693458700715
3 3 19 0.00028562888737347777
1 1 20 0.00017728367622754881
1 2 20 0.00015559613715833624
1 3 20 0.0003381525099218336
2 1 20 0.00032388680327052156
2 2 20 0.00018572115636070332
2 3 20 0.0003186751094694978
3 1 20 0.00023581828561885775
3 2 20 0.00017680789700705112
3 3 20 0.0002585233274755317
