W: 2.6
num_iter: 0
[-1.19838805 -1.19838805 -1.18757612 -1.18757612 -1.1748001  -1.1748001
 -1.16111941 -1.16111941 -1.14572122 -1.14572122 -1.12888816 -1.12888816
 -1.10996266 -1.10996266 -1.08911644 -1.08911644 -1.0661928  -1.0661928
 -1.04120417 -1.04120417 -1.01351177 -1.01351177 -0.9840974  -0.9840974
 -0.95139502 -0.95139502 -0.91627126 -0.91627126 -0.8791783  -0.8791783
 -0.83943082 -0.83943082 -0.79719679 -0.79719679 -0.75377894 -0.75377894
 -0.70837284 -0.70837284 -0.66128899 -0.66128899 -0.6131319  -0.6131319
 -0.5645364  -0.5645364  -0.51555435 -0.51555435 -0.46640271 -0.46640271
 -0.41692234 -0.41692234 -0.36684282 -0.36684282 -0.31715068 -0.31715068
 -0.26569679 -0.26569679 -0.21431003 -0.21431003 -0.16176746 -0.16176746
 -0.10676783 -0.10676783 -0.04434309 -0.04434309  0.04434059  0.04434059
  0.10676385  0.10676385  0.16177021  0.16177021  0.21431785  0.21431785
  0.26569852  0.26569852  0.31715181  0.31715181  0.36685132  0.36685132
  0.4169234   0.4169234   0.46640608  0.46640608  0.51555858  0.51555858
  0.56454077  0.56454077  0.61313729  0.61313729  0.66129483  0.66129483
  0.70837392  0.70837392  0.7537795   0.7537795   0.79719336  0.79719336
  0.83942543  0.83942543  0.87917169  0.87917169  0.91627238  0.91627238
  0.95139233  0.95139233  0.98409211  0.98409211  1.01351386  1.01351386
  1.04120244  1.04120244  1.06619459  1.06619459  1.08911585  1.08911585
  1.10996335  1.10996335  1.12888117  1.12888117  1.14571508  1.14571508
  1.16111861  1.16111861  1.1747968   1.1747968   1.18757663  1.18757663
  1.19838339  1.19838339]
localization_length: 0.7047718058835226
0.6983254569306052
W_list: [2.6]
L_list: [22.346414621779367]
