Norm difference: 1.0
Norm difference: 1.0
1 1
1 2
1 3
2 1
2 2
2 3
3 1
3 2
3 3
1 1
1 2
1 3
2 1
2 2
2 3
3 1
3 2
3 3
1 1
1 2
1 3
2 1
2 2
2 3
3 1
3 2
3 3
1 1
1 2
1 3
2 1
2 2
2 3
3 1
3 2
3 3
1 1
1 2
1 3
2 1
2 2
2 3
3 1
3 2
3 3
1 1
1 2
1 3
2 1
2 2
2 3
3 1
3 2
3 3
1 1
1 2
1 3
2 1
2 2
2 3
3 1
3 2
3 3
1 1
1 2
1 3
2 1
2 2
2 3
3 1
3 2
3 3
1 1
1 2
1 3
2 1
2 2
2 3
3 1
3 2
3 3
1 1
1 2
1 3
2 1
2 2
2 3
3 1
3 2
3 3
1 1
1 2
1 3
2 1
2 2
2 3
3 1
3 2
3 3
1 1
1 2
1 3
2 1
2 2
2 3
3 1
3 2
3 3
1 1
1 2
1 3
2 1
2 2
2 3
3 1
3 2
3 3
1 1
1 2
1 3
2 1
2 2
2 3
3 1
3 2
3 3
1 1
1 2
1 3
2 1
2 2
2 3
3 1
3 2
3 3
1 1
1 2
1 3
2 1
2 2
2 3
3 1
3 2
3 3
1 1
1 2
1 3
2 1
2 2
2 3
3 1
3 2
3 3
1 1
1 2
1 3
2 1
2 2
2 3
3 1
3 2
3 3
1 1
1 2
1 3
2 1
2 2
2 3
3 1
3 2
3 3
1 1
1 2
1 3
2 1
2 2
2 3
3 1
3 2
3 3
1 1 1 0.011233545935996809
1 2 1 0.010074164946917905
1 3 1 0.00862501521668259
2 1 1 0.009379143812961368
2 2 1 0.008393154990699042
2 3 1 0.008642386202158969
3 1 1 0.007682902023119012
3 2 1 0.006878514736714772
3 3 1 0.008050115662365376
1 1 2 0.009588409744291036
1 2 2 0.007974731017517223
1 3 2 0.010094747110379568
2 1 2 0.008481129266437175
2 2 2 0.009409069444145554
2 3 2 0.01142661632799771
3 1 2 0.009140132398231993
3 2 2 0.009119644145999615
3 3 2 0.007099220722775086
1 1 3 0.008824160334073733
1 2 3 0.006175583846288925
1 3 3 0.009274343942132415
2 1 3 0.007294751520193118
2 2 3 0.0064189292061575184
2 3 3 0.0075927239501440424
3 1 3 0.011081184866783566
3 2 3 0.009944016360028365
3 3 3 0.006252849856467799
1 1 4 0.008663161042839197
1 2 4 0.008197943367625818
1 3 4 0.008181434341129074
2 1 4 0.008352528043849365
2 2 4 0.007392050138816854
2 3 4 0.0070121024584367695
3 1 4 0.009120478484437314
3 2 4 0.007689828071992841
3 3 4 0.006928201456990501
1 1 5 0.009587780474333544
1 2 5 0.007547038252685143
1 3 5 0.007397398112111181
2 1 5 0.009579734799849266
2 2 5 0.009457532357247157
2 3 5 0.006965502334440372
3 1 5 0.007646665522421732
3 2 5 0.009086171213909967
3 3 5 0.008331309019429887
1 1 6 0.008734317552174442
1 2 6 0.0093488857778737
1 3 6 0.007059758796176131
2 1 6 0.006636029326456029
2 2 6 0.007185541831206734
2 3 6 0.006699232408692875
3 1 6 0.006321287752624441
3 2 6 0.006261298174778669
3 3 6 0.0077562977425415635
1 1 7 0.006808819420439085
1 2 7 0.007799575375288985
1 3 7 0.006932510080813667
2 1 7 0.008434974606373864
2 2 7 0.008485347242162437
2 3 7 0.00878607944370722
3 1 7 0.0066493812722547676
3 2 7 0.006940133653406888
3 3 7 0.008018803939183953
1 1 8 0.007439611318478439
1 2 8 0.006373117742758623
1 3 8 0.007345948570622748
2 1 8 0.008194700371668785
2 2 8 0.008057809749462441
2 3 8 0.007171022912983957
3 1 8 0.006788820359210278
3 2 8 0.006553907314382041
3 3 8 0.00478301249276688
1 1 9 0.005890898433410275
1 2 9 0.0071284797968135805
1 3 9 0.005856235626224488
2 1 9 0.006306231789268783
2 2 9 0.007136272221975867
2 3 9 0.007240320282518453
3 1 9 0.007536467816783844
3 2 9 0.0064850775826478385
3 3 9 0.006185254035466685
1 1 10 0.0046254739767854465
1 2 10 0.005589255001433249
1 3 10 0.00489831230451605
2 1 10 0.006642491760494358
2 2 10 0.005678211836191816
2 3 10 0.006191402801417357
3 1 10 0.00689747118657384
3 2 10 0.007548698757157494
3 3 10 0.005821055861377758
1 1 11 0.003682738848861506
1 2 11 0.004675486561401791
1 3 11 0.0046445058201390185
2 1 11 0.005007658143675146
2 2 11 0.003826918893558532
2 3 11 0.006070406342673893
3 1 11 0.005809664789144282
3 2 11 0.005885098394902064
3 3 11 0.006086585871529577
1 1 12 0.0045080023155727195
1 2 12 0.00582357754351481
1 3 12 0.0040055660241430455
2 1 12 0.004485402592694652
2 2 12 0.006149660429875583
2 3 12 0.003906066759447422
3 1 12 0.0039635877190430996
3 2 12 0.005434995254059491
3 3 12 0.005987735633807834
1 1 13 0.0037243713454849932
1 2 13 0.0039131372173571224
1 3 13 0.0036110523514311563
2 1 13 0.003291494615420619
2 2 13 0.0044972056903403055
2 3 13 0.004164992638140659
3 1 13 0.004265878106873426
3 2 13 0.00418249233053848
3 3 13 0.004611584939798593
1 1 14 0.004589325174817795
1 2 14 0.005388192435301676
1 3 14 0.004024445596309009
2 1 14 0.0036291744877197255
2 2 14 0.003932361325652448
2 3 14 0.004967269705956763
3 1 14 0.0033682078925639284
3 2 14 0.004885935190062221
3 3 14 0.004786268472625232
1 1 15 0.00390145897149001
1 2 15 0.003752034029018962
1 3 15 0.003189866874660049
2 1 15 0.0038459872779958715
2 2 15 0.003560017709881489
2 3 15 0.0032922382400888592
3 1 15 0.0036469038858088403
3 2 15 0.004428280484424054
3 3 15 0.0032522163740597125
1 1 16 0.00418483285604937
1 2 16 0.004205572696083844
1 3 16 0.003928980376887394
2 1 16 0.003028391493324533
2 2 16 0.0048234370916276584
2 3 16 0.003936019052823504
3 1 16 0.0029746670308286186
3 2 16 0.00342657901613721
3 3 16 0.003842168629881521
1 1 17 0.0032006484372694363
1 2 17 0.0038182066393253264
1 3 17 0.002937416111736626
2 1 17 0.0036843125574044385
2 2 17 0.003293290044145052
2 3 17 0.002205415672960567
3 1 17 0.003433594947798767
3 2 17 0.0037863163831407852
3 3 17 0.002800042325828041
1 1 18 0.0032571282404872796
1 2 18 0.0039046881432870106
1 3 18 0.002905722350103488
2 1 18 0.0029566997230905893
2 2 18 0.003188867270649009
2 3 18 0.0032044627898491634
3 1 18 0.0031095657485608846
3 2 18 0.003896026982002126
3 3 18 0.0025599948974195964
1 1 19 0.0025840040289382663
1 2 19 0.0031624181274313287
1 3 19 0.002970829205037691
2 1 19 0.0029691738797362993
2 2 19 0.0029305118495194685
2 3 19 0.002515683001028933
3 1 19 0.002928635368935764
3 2 19 0.002872595178085237
3 3 19 0.0031312152451467706
1 1 20 0.0025254316261703437
1 2 20 0.0032726126366231442
1 3 20 0.0034916659501914764
2 1 20 0.00312570426006002
2 2 20 0.0030505578488759628
2 3 20 0.002502673045857914
3 1 20 0.0029843548490376673
3 2 20 0.002400742059440389
3 3 20 0.0030529605648935937
