W: 4.0
num_iter: 0
[-1.11398451 -1.11398451 -1.04896563 -1.04896563 -0.96550532 -0.96550532
 -0.8613711  -0.8613711  -0.73534596 -0.73534596 -0.58339763 -0.58339763
 -0.39940148 -0.39940148 -0.16199084 -0.16199084  0.1619924   0.1619924
  0.39939831  0.39939831  0.58339762  0.58339762  0.73534662  0.73534662
  0.86136645  0.86136645  0.96550776  0.96550776  1.04896876  1.04896876
  1.11398455  1.11398455]
localization_length: 0.7716485778591062
0.7703227749933099
W_list: [4.0]
L_list: [6.162582199946479]
