[-2.41421356 -1.         -1.         -0.41421356  0.41421356  1.
  1.          2.41421356]
W: 3.0
num_iter: 0
[-0.73354472 -0.70731035 -0.6775416  -0.64580197 -0.61203075 -0.57595689
 -0.53783541 -0.49830322 -0.4566994  -0.41341596 -0.36745965 -0.31883454
 -0.26830296 -0.21332245 -0.15320971 -0.08435313  0.08435446  0.15320481
  0.21333682  0.26829444  0.31883458  0.36745713  0.41342247  0.45668908
  0.49831774  0.53783538  0.57595417  0.61202304  0.64580423  0.67753254
  0.70731288  0.73354894]
localization_length: 0.7409328056264337
0.7418596719817376
W_list: [3.0]
L_list: [0.7418596719817376]
[-2.41421356 -1.         -1.         -0.41421356  0.41421356  1.
  1.          2.41421356]
W: 3.0
num_iter: 0
[-0.73343597 -0.70602404 -0.67679955 -0.64555543 -0.61232386 -0.57674829
 -0.53853105 -0.49859982 -0.45741706 -0.41293784 -0.36725522 -0.32019371
 -0.26841668 -0.21392682 -0.15423317 -0.08433952  0.08433691  0.1542197
  0.2139375   0.26841813  0.32021186  0.36725252  0.41294111  0.45740878
  0.49859289  0.53852594  0.57674535  0.61233582  0.64555204  0.67680224
  0.70600875  0.73344848]
localization_length: 0.7410752897832263
0.7378340481165612
W_list: [3.0]
L_list: [0.7378340481165612]
