W: 3.0
num_iter: 0
[-0.80519006 -0.80519006 -0.78590514 -0.78590514 -0.76190745 -0.76190745
 -0.73314206 -0.73314206 -0.70059785 -0.70059785 -0.6635326  -0.6635326
 -0.62199028 -0.62199028 -0.57583659 -0.57583659 -0.52562765 -0.52562765
 -0.47014308 -0.47014308 -0.40910642 -0.40910642 -0.34425224 -0.34425224
 -0.27277481 -0.27277481 -0.19825116 -0.19825116 -0.1187362  -0.1187362
 -0.03059205 -0.03059205  0.03059105  0.03059105  0.11873356  0.11873356
  0.19824837  0.19824837  0.27277351  0.27277351  0.34425197  0.34425197
  0.40910404  0.40910404  0.47014228  0.47014228  0.52562892  0.52562892
  0.57583843  0.57583843  0.62198779  0.62198779  0.66353182  0.66353182
  0.70059536  0.70059536  0.73314676  0.73314676  0.76191202  0.76191202
  0.78590905  0.78590905  0.80519072  0.80519072]
localization_length: 2.043081231171675
2.018151568048136
W_list: [3.0]
L_list: [32.29042508877018]
