Norm difference: 1.0
Norm difference: 1.0
1 1
1 2
2 1
2 2
1 1
1 2
2 1
2 2
1 1
1 2
2 1
2 2
1 1
1 2
2 1
2 2
1 1
1 2
2 1
2 2
1 1
1 2
2 1
2 2
1 1
1 2
2 1
2 2
1 1
1 2
2 1
2 2
1 1
1 2
2 1
2 2
1 1
1 2
2 1
2 2
1 1
1 2
2 1
2 2
1 1
1 2
2 1
2 2
1 1
1 2
2 1
2 2
1 1
1 2
2 1
2 2
1 1
1 2
2 1
2 2
1 1
1 2
2 1
2 2
1 1
1 2
2 1
2 2
1 1
1 2
2 1
2 2
1 1
1 2
2 1
2 2
1 1
1 2
2 1
2 2
1 1 1 0.0018401385551646194
1 2 1 0.0029044316392849655
2 1 1 0.002282048403717694
2 2 1 0.002679740177823141
1 1 2 0.002300784318918146
1 2 2 0.0020124337311285684
2 1 2 0.002362099406530917
2 2 2 0.002186663806265812
1 1 3 0.0017430753867264657
1 2 3 0.0022771289830422503
2 1 3 0.002187184345432968
2 2 3 0.0016907171780309149
1 1 4 0.00144872919598531
1 2 4 0.001667765562120083
2 1 4 0.0015097370175855963
2 2 4 0.0018028186214465052
1 1 5 0.0018424727636176617
1 2 5 0.0013332144009465291
2 1 5 0.0014144241861520704
2 2 5 0.0019204077444592098
1 1 6 0.001014557569836193
1 2 6 0.001966689321166305
2 1 6 0.001408539568567207
2 2 6 0.0013285183841758963
1 1 7 0.0011851908124549328
1 2 7 0.0011583352265432517
2 1 7 0.001225383468665666
2 2 7 0.0011396724234481186
1 1 8 0.0014569007878695995
1 2 8 0.0009561804956249064
2 1 8 0.0009620161399349726
2 2 8 0.0010021071449750672
1 1 9 0.0008224880783734521
1 2 9 0.0009283949044243302
2 1 9 0.001129698952682184
2 2 9 0.0009966310189006683
1 1 10 0.0010284459721969113
1 2 10 0.0008297896200978479
2 1 10 0.0010479728467430549
2 2 10 0.0010059688863264088
1 1 11 0.0008585450875718811
1 2 11 0.0009053186466086094
2 1 11 0.0010441224817159822
2 2 11 0.0005646725865567105
1 1 12 0.0008205279365886258
1 2 12 0.0006256842968066218
2 1 12 0.0009814518456448436
2 2 12 0.0007461483502023341
1 1 13 0.0008676353305969795
1 2 13 0.0005786842018117513
2 1 13 0.0006409325977934658
2 2 13 0.0005544595960971354
1 1 14 0.0005378294605266171
1 2 14 0.0004545913774067434
2 1 14 0.0007602160084830401
2 2 14 0.0006783872254407907
1 1 15 0.000670873340227956
1 2 15 0.0005296800900862248
2 1 15 0.0006910055931683684
2 2 15 0.0005041837204215048
1 1 16 0.000601245238024665
1 2 16 0.0005201461234363488
2 1 16 0.00044571591294796637
2 2 16 0.00046580555098289344
1 1 17 0.0003697605681549319
1 2 17 0.00047607066886768177
2 1 17 0.000527120968989304
2 2 17 0.0004806564210925419
1 1 18 0.00039474195936977307
1 2 18 0.0004739492068780465
2 1 18 0.00044613646241395844
2 2 18 0.0004378416739956515
1 1 19 0.00041845956744873333
1 2 19 0.0003082290408945574
2 1 19 0.0003601825312423564
2 2 19 0.0005286070186555239
1 1 20 0.000295486192643854
1 2 20 0.00039585328262142967
2 1 20 0.0004864622941383809
2 2 20 0.0005001131978163234
