W: 2.2
num_iter: 0
[-0.92569672 -0.92569672 -0.91458874 -0.91458874 -0.90177072 -0.90177072
 -0.88762462 -0.88762462 -0.87183484 -0.87183484 -0.85401735 -0.85401735
 -0.8343667  -0.8343667  -0.81301821 -0.81301821 -0.7900067  -0.7900067
 -0.76530441 -0.76530441 -0.73905249 -0.73905249 -0.71084613 -0.71084613
 -0.68141822 -0.68141822 -0.65068159 -0.65068159 -0.61907599 -0.61907599
 -0.58635295 -0.58635295 -0.55333486 -0.55333486 -0.51892479 -0.51892479
 -0.48465118 -0.48465118 -0.45001934 -0.45001934 -0.41450988 -0.41450988
 -0.37860762 -0.37860762 -0.34276035 -0.34276035 -0.3066684  -0.3066684
 -0.27014783 -0.27014783 -0.23323121 -0.23323121 -0.19661191 -0.19661191
 -0.15935626 -0.15935626 -0.12226338 -0.12226338 -0.08543425 -0.08543425
 -0.04898376 -0.04898376 -0.01115068 -0.01115068  0.01115089  0.01115089
  0.04898672  0.04898672  0.08543904  0.08543904  0.12225976  0.12225976
  0.1593564   0.1593564   0.19661352  0.19661352  0.2332277   0.2332277
  0.2701515   0.2701515   0.30666561  0.30666561  0.34274815  0.34274815
  0.37860685  0.37860685  0.4145123   0.4145123   0.45001617  0.45001617
  0.48464611  0.48464611  0.51892951  0.51892951  0.5533359   0.5533359
  0.58635527  0.58635527  0.61907152  0.61907152  0.65068302  0.65068302
  0.68142092  0.68142092  0.71084664  0.71084664  0.7390558   0.7390558
  0.76529834  0.76529834  0.79001008  0.79001008  0.81301823  0.81301823
  0.83436176  0.83436176  0.85401724  0.85401724  0.87184041  0.87184041
  0.88762552  0.88762552  0.9017732   0.9017732   0.91459408  0.91459408
  0.92569395  0.92569395]
localization_length: 2.802520219345754
2.8468869665659287
W_list: [2.2]
L_list: [91.10038293010972]
