Norm difference: 1.0
Norm difference: 1.0
1 1
1 2
2 1
2 2
1 1
1 2
2 1
2 2
1 1
1 2
2 1
2 2
1 1
1 2
2 1
2 2
1 1
1 2
2 1
2 2
1 1
1 2
2 1
2 2
1 1
1 2
2 1
2 2
1 1
1 2
2 1
2 2
1 1
1 2
2 1
2 2
1 1
1 2
2 1
2 2
1 1
1 2
2 1
2 2
1 1
1 2
2 1
2 2
1 1
1 2
2 1
2 2
1 1
1 2
2 1
2 2
1 1
1 2
2 1
2 2
1 1
1 2
2 1
2 2
1 1
1 2
2 1
2 2
1 1
1 2
2 1
2 2
1 1
1 2
2 1
2 2
1 1
1 2
2 1
2 2
1 1 1 0.00916363976970867
1 2 1 0.00947860851791449
2 1 1 0.009039453857771664
2 2 1 0.005884876830976045
1 1 2 0.009408939636416291
1 2 2 0.00845564544048763
2 1 2 0.007340546464905904
2 2 2 0.005634577402590973
1 1 3 0.00896878006535049
1 2 3 0.006307389838107696
2 1 3 0.005779424174418016
2 2 3 0.006552425774282796
1 1 4 0.007109550408217644
1 2 4 0.006928271183447599
2 1 4 0.005450250204395167
2 2 4 0.00462642288608075
1 1 5 0.006114127997325746
1 2 5 0.008191302487206675
2 1 5 0.004296358516187459
2 2 5 0.004570272344274774
1 1 6 0.006467931328561878
1 2 6 0.00397989800042939
2 1 6 0.003551441176506799
2 2 6 0.003362743530353115
1 1 7 0.005341896637240872
1 2 7 0.005071038458456983
2 1 7 0.002549824623111076
2 2 7 0.0028072117155211124
1 1 8 0.004014818254380609
1 2 8 0.005183738927914247
2 1 8 0.0028074696895151754
2 2 8 0.0025586077478292344
1 1 9 0.0037773326446644807
1 2 9 0.0028792984619380765
2 1 9 0.0019493634923926488
2 2 9 0.0025065569937205963
1 1 10 0.002267217662121839
1 2 10 0.0026712413661937754
2 1 10 0.001541111424952555
2 2 10 0.0015384217912087575
1 1 11 0.0017762431727053316
1 2 11 0.0024632495623965194
2 1 11 0.0016826616322263399
2 2 11 0.0015336961766592998
1 1 12 0.0016154080503378299
1 2 12 0.0016771706040124557
2 1 12 0.0008106495529591679
2 2 12 0.0014329909889553194
1 1 13 0.0016604856423130577
1 2 13 0.0016444109915641036
2 1 13 0.0011875649007831524
2 2 13 0.001077269605620821
1 1 14 0.0014074791760438849
1 2 14 0.0016620667083994596
2 1 14 0.0009588650497930146
2 2 14 0.0009485560518081509
1 1 15 0.0014314437035810087
1 2 15 0.0010622239296951917
2 1 15 0.0007740686549943422
2 2 15 0.0009730761199542488
1 1 16 0.0013638652572737985
1 2 16 0.0013789558817157955
2 1 16 0.0007632230390244914
2 2 16 0.0008732252328014428
1 1 17 0.0009018838863251068
1 2 17 0.0013361279645540804
2 1 17 0.0009266031136242109
2 2 17 0.0007243541172418471
1 1 18 0.0010212802155620095
1 2 18 0.001060867279012577
2 1 18 0.000678762002907507
2 2 18 0.0005903530109920133
1 1 19 0.0008872202591414791
1 2 19 0.0007985875010486455
2 1 19 0.000627613319813246
2 2 19 0.0007826654195282115
1 1 20 0.0008681124900603574
1 2 20 0.0008565480731363356
2 1 20 0.000782041380467423
2 2 20 0.0006824191952296076
