W: 4.0
num_iter: 0
[-0.98056064 -0.98056064 -0.97112849 -0.97112849 -0.96030338 -0.96030338
 -0.94861883 -0.94861883 -0.93588404 -0.93588404 -0.92224203 -0.92224203
 -0.90739565 -0.90739565 -0.89126779 -0.89126779 -0.87456866 -0.87456866
 -0.85644308 -0.85644308 -0.83741292 -0.83741292 -0.81701209 -0.81701209
 -0.79531788 -0.79531788 -0.77254551 -0.77254551 -0.74827613 -0.74827613
 -0.72266705 -0.72266705 -0.69558321 -0.69558321 -0.66698367 -0.66698367
 -0.63700071 -0.63700071 -0.60471194 -0.60471194 -0.57066994 -0.57066994
 -0.53489226 -0.53489226 -0.49708381 -0.49708381 -0.45732091 -0.45732091
 -0.41559811 -0.41559811 -0.3715056  -0.3715056  -0.3252412  -0.3252412
 -0.27696117 -0.27696117 -0.22644101 -0.22644101 -0.17318062 -0.17318062
 -0.11686489 -0.11686489 -0.05161565 -0.05161565  0.05161882  0.05161882
  0.11685334  0.11685334  0.17318773  0.17318773  0.22644055  0.22644055
  0.27695803  0.27695803  0.32524504  0.32524504  0.37149864  0.37149864
  0.41560004  0.41560004  0.45732708  0.45732708  0.49707883  0.49707883
  0.53489156  0.53489156  0.57067146  0.57067146  0.60471735  0.60471735
  0.63699277  0.63699277  0.66698506  0.66698506  0.69557082  0.69557082
  0.72266561  0.72266561  0.7482812   0.7482812   0.772545    0.772545
  0.79531802  0.79531802  0.81701578  0.81701578  0.83741378  0.83741378
  0.85644084  0.85644084  0.87457277  0.87457277  0.8912643   0.8912643
  0.90739584  0.90739584  0.92224666  0.92224666  0.93588431  0.93588431
  0.94862435  0.94862435  0.96030702  0.96030702  0.97112321  0.97112321
  0.98056309  0.98056309]
localization_length: 0.6054364872649829
0.6025199200843223
W_list: [4.0]
L_list: [19.280637442698314]
