Norm difference: 1.0
Norm difference: 1.0
1 1
1 2
2 1
2 2
1 1
1 2
2 1
2 2
1 1
1 2
2 1
2 2
1 1
1 2
2 1
2 2
1 1
1 2
2 1
2 2
1 1
1 2
2 1
2 2
1 1
1 2
2 1
2 2
1 1
1 2
2 1
2 2
1 1
1 2
2 1
2 2
1 1
1 2
2 1
2 2
1 1
1 2
2 1
2 2
1 1
1 2
2 1
2 2
1 1
1 2
2 1
2 2
1 1
1 2
2 1
2 2
1 1
1 2
2 1
2 2
1 1
1 2
2 1
2 2
1 1
1 2
2 1
2 2
1 1
1 2
2 1
2 2
1 1
1 2
2 1
2 2
1 1
1 2
2 1
2 2
1 1 1 0.007158485393456579
1 2 1 0.010320432643577206
2 1 1 0.012592646191769552
2 2 1 0.01016107673407113
1 1 2 0.007208719974158966
1 2 2 0.010214385218905612
2 1 2 0.012278697661554542
2 2 2 0.00889450128951583
1 1 3 0.007964666637818226
1 2 3 0.007286938927154291
2 1 3 0.006786251183722008
2 2 3 0.008121554161841942
1 1 4 0.005984646283326631
1 2 4 0.00717125011994456
2 1 4 0.006698364263499531
2 2 4 0.007210591360409557
1 1 5 0.007478635201497945
1 2 5 0.0073086159140317
2 1 5 0.006197220395891356
2 2 5 0.006642382108620224
1 1 6 0.0060143732117420075
1 2 6 0.005585161574772765
2 1 6 0.005804558445506461
2 2 6 0.006893672142096405
1 1 7 0.005663257242353214
1 2 7 0.00660406154610556
2 1 7 0.005581107718943531
2 2 7 0.005150847004806535
1 1 8 0.004329207841227067
1 2 8 0.004461931512649698
2 1 8 0.005214077771509903
2 2 8 0.004657728618751557
1 1 9 0.004637613874191993
1 2 9 0.005143719871761148
2 1 9 0.00414782638668435
2 2 9 0.00515633691607252
1 1 10 0.004309175396611806
1 2 10 0.004368145866868001
2 1 10 0.0038412283568968774
2 2 10 0.0036439011559006628
1 1 11 0.0036501465731022934
1 2 11 0.004815616473558713
2 1 11 0.004540264104342025
2 2 11 0.004844533674253406
1 1 12 0.003630891890852931
1 2 12 0.003937226847365657
2 1 12 0.003531529139398002
2 2 12 0.003975620436630941
1 1 13 0.004390490458032468
1 2 13 0.004185135224164938
2 1 13 0.0038402879292256343
2 2 13 0.005303049706563553
1 1 14 0.0032698573179994832
1 2 14 0.004726261696165901
2 1 14 0.0038539763365126934
2 2 14 0.003920007500619449
1 1 15 0.003978496730639978
1 2 15 0.0039578909612256125
2 1 15 0.00505669148920222
2 2 15 0.0037921460552080635
1 1 16 0.004477595526754039
1 2 16 0.0047495248073492514
2 1 16 0.0032749389182115487
2 2 16 0.004261736018765812
1 1 17 0.003821849746084869
1 2 17 0.003424019416745893
2 1 17 0.003961659697909197
2 2 17 0.004430490102914394
1 1 18 0.004353628378973777
1 2 18 0.004968717727583111
2 1 18 0.004173594515868468
2 2 18 0.004421061837755286
1 1 19 0.004238177917444443
1 2 19 0.0033921090912691562
2 1 19 0.003400629588032243
2 2 19 0.0031629951937626292
1 1 20 0.004111029221642086
1 2 20 0.004232459201095341
2 1 20 0.0035553959738959173
2 2 20 0.004306688862231444
