Norm difference: 1.0
Norm difference: 0.9999999999999999
1 1
1 2
2 1
2 2
1 1
1 2
2 1
2 2
1 1
1 2
2 1
2 2
1 1
1 2
2 1
2 2
1 1
1 2
2 1
2 2
1 1
1 2
2 1
2 2
1 1
1 2
2 1
2 2
1 1
1 2
2 1
2 2
1 1
1 2
2 1
2 2
1 1
1 2
2 1
2 2
1 1
1 2
2 1
2 2
1 1
1 2
2 1
2 2
1 1
1 2
2 1
2 2
1 1
1 2
2 1
2 2
1 1
1 2
2 1
2 2
1 1
1 2
2 1
2 2
1 1
1 2
2 1
2 2
1 1
1 2
2 1
2 2
1 1
1 2
2 1
2 2
1 1
1 2
2 1
2 2
1 1 1 0.0001511456674083686
1 2 1 0.00023390169242990672
2 1 1 0.0002208398482857395
2 2 1 0.00014661895981015334
1 1 2 0.00020936750607092571
1 2 2 0.0001795154745559332
2 1 2 0.0002608115253194934
2 2 2 0.0001973588604467294
1 1 3 0.0002339102934524418
1 2 3 0.00014949674970995283
2 1 3 0.00030617269039197835
2 2 3 0.00021727416564012238
1 1 4 0.00024689587727641174
1 2 4 0.00018423837752617125
2 1 4 0.00028652657943038193
2 2 4 0.0003180991997665295
1 1 5 0.00021277487234945756
1 2 5 0.0002689907121006584
2 1 5 0.0002571958879527318
2 2 5 0.00037444033097928654
1 1 6 0.00018354881000941247
1 2 6 0.0002890341604719587
2 1 6 0.00024289715090765248
2 2 6 0.00037234542014149354
1 1 7 0.00019554237652301523
1 2 7 0.00026189188007340894
2 1 7 0.00020048560600256657
2 2 7 0.00019403686432074938
1 1 8 0.0001854922100194811
1 2 8 0.0001246601158754444
2 1 8 0.0002461042576727956
2 2 8 0.00017606696000584108
1 1 9 0.00018682235341827087
1 2 9 0.00014445475640636064
2 1 9 0.00018798780770931355
2 2 9 0.00014157202241734773
1 1 10 0.0001225831939440254
1 2 10 0.00016541957373325766
2 1 10 0.00014630602693712022
2 2 10 0.00014025872990956604
1 1 11 0.0001124626047468537
1 2 11 0.0001343649211287008
2 1 11 0.0001072188035143036
2 2 11 0.00015732406522260832
1 1 12 0.00013607387476219753
1 2 12 0.0001605141942866715
2 1 12 0.00012683793170953388
2 2 12 0.00015366168043487254
1 1 13 0.00013680203191913492
1 2 13 0.00011818468351026373
2 1 13 0.00015859455128865247
2 2 13 0.00013118698075341786
1 1 14 0.0001523366957594881
1 2 14 0.00011434159286806498
2 1 14 0.00015093505135362946
2 2 14 0.0001139463675256977
1 1 15 0.00012038960705246957
1 2 15 0.00010571167757212141
2 1 15 0.00015595197391779403
2 2 15 0.00013101831469068434
1 1 16 0.0001212237906808702
1 2 16 0.0001147383881672755
2 1 16 0.0001271690996025969
2 2 16 0.0001233913403082393
1 1 17 0.00010760247997774748
1 2 17 0.00012904258465094718
2 1 17 0.00013131887647206824
2 2 17 0.0001608356224140953
1 1 18 0.00012715958978691482
1 2 18 0.0001311253293079621
2 1 18 0.00017124404267962836
2 2 18 0.00013222017570910642
1 1 19 0.0001404952304143254
1 2 19 0.00012519719661164983
2 1 19 0.0001342046965524068
2 2 19 0.0001654603856200042
1 1 20 0.00013826167957858997
1 2 20 0.00015067837887663044
2 1 20 0.00015967495555658774
2 2 20 0.00019931697706872175
