W: 2.2
num_iter: 0
[-0.65938419 -0.65938419 -0.61400133 -0.61400133 -0.55396119 -0.55396119
 -0.48010054 -0.48010054 -0.39335522 -0.39335522 -0.29264444 -0.29264444
 -0.17383907 -0.17383907 -0.03859299 -0.03859299  0.03859509  0.03859509
  0.17383735  0.17383735  0.29264387  0.29264387  0.39335229  0.39335229
  0.48010666  0.48010666  0.55396136  0.55396136  0.61400313  0.61400313
  0.6593792   0.6593792 ]
localization_length: 3.2389305437246416
3.266332142079111
W_list: [2.2]
L_list: [26.130657136632887]
