[-2.41421356 -1.         -1.         -0.41421356  0.41421356  1.
  1.          2.41421356]
W: 2.8
num_iter: 0
[-0.69107251 -0.66374617 -0.63454354 -0.60324945 -0.57066607 -0.53465532
 -0.49784455 -0.46012868 -0.41926018 -0.37784539 -0.33413584 -0.28905907
 -0.24069736 -0.19054173 -0.13440918 -0.07278274  0.072779    0.13441419
  0.1905409   0.24070463  0.28905981  0.33412687  0.37786144  0.4192497
  0.46012403  0.49785217  0.5346537   0.57066667  0.60324507  0.6345396
  0.66374731  0.69107268]
localization_length: 0.8587642435559425
0.8659095962765512
W_list: [2.8]
L_list: [0.8659095962765512]
[-2.41421356 -1.         -1.         -0.41421356  0.41421356  1.
  1.          2.41421356]
W: 2.8
num_iter: 0
[-0.69126255 -0.66409559 -0.63535949 -0.60337874 -0.57067129 -0.53476611
 -0.49774845 -0.45925636 -0.41969673 -0.3771756  -0.33405234 -0.28889477
 -0.24082811 -0.1901076  -0.13461807 -0.07191173  0.07190821  0.13462445
  0.1901043   0.24082326  0.2888955   0.33403933  0.37717205  0.41970021
  0.45926239  0.49774598  0.53478446  0.57067165  0.60337452  0.63535898
  0.6640942   0.69126402]
localization_length: 0.8691636247936091
0.87636635387748
W_list: [2.8]
L_list: [0.87636635387748]
