[-2.41421356 -1.         -1.         -0.41421356  0.41421356  1.
  1.          2.41421356]
W: 1.7999999999999998
num_iter: 0
[-0.45808132 -0.31823973 -0.19145098 -0.08985262  0.08984703  0.19145679
  0.31823943  0.4580814 ]
localization_length: 2.782507079695731
2.798128957658876
num_iter: 1
[-0.45763497 -0.31713966 -0.19153743 -0.09095685  0.09095507  0.19153808
  0.31714353  0.45763223]
localization_length: 2.748609934699065
2.7354089856002477
num_iter: 2
[-0.45819342 -0.31830731 -0.19155293 -0.08958058  0.08956647  0.19157458
  0.31830244  0.45819073]
localization_length: 2.7912231135309202
2.7873797348722142
W_list: [1.7999999999999998]
L_list: [2.7736392260437794]
[-2.41421356 -1.         -1.         -0.41421356  0.41421356  1.
  1.          2.41421356]
W: 1.7999999999999998
num_iter: 0
[-0.45756132 -0.31875724 -0.19111819 -0.09060005  0.09059227  0.19112847
  0.31875842  0.45755764]
localization_length: 2.7596172814209337
2.7845625594703804
num_iter: 1
[-0.45833232 -0.31828885 -0.19059349 -0.09033031  0.0903243   0.19061204
  0.31827356  0.45833507]
localization_length: 2.767804592251078
2.7354799176109528
num_iter: 2
[-0.4576606  -0.31749368 -0.19158437 -0.09081681  0.09083025  0.19158127
  0.31749003  0.45765391]
localization_length: 2.7527943482167947
2.804510610128379
W_list: [1.7999999999999998]
L_list: [2.774851029069904]
