W: 3.0
num_iter: 0
[-0.86042925 -0.86042925 -0.8382162  -0.8382162  -0.81127383 -0.81127383
 -0.77940352 -0.77940352 -0.74293614 -0.74293614 -0.70174437 -0.70174437
 -0.6559624  -0.6559624  -0.60661705 -0.60661705 -0.55226355 -0.55226355
 -0.49402171 -0.49402171 -0.42960368 -0.42960368 -0.3612224  -0.3612224
 -0.28761726 -0.28761726 -0.20955069 -0.20955069 -0.1269998  -0.1269998
 -0.03462355 -0.03462355  0.03462596  0.03462596  0.12699802  0.12699802
  0.20954604  0.20954604  0.28762037  0.28762037  0.36122484  0.36122484
  0.42960673  0.42960673  0.49401917  0.49401917  0.55226333  0.55226333
  0.60661714  0.60661714  0.6559639   0.6559639   0.70174644  0.70174644
  0.74293489  0.74293489  0.77939739  0.77939739  0.81127841  0.81127841
  0.83821476  0.83821476  0.860428    0.860428  ]
localization_length: 1.8051295334508182
1.8082056029638511
W_list: [3.0]
L_list: [28.931289647421618]
