Norm difference: 1.0
Norm difference: 1.0
1 1
1 2
2 1
2 2
1 1
1 2
2 1
2 2
1 1
1 2
2 1
2 2
1 1
1 2
2 1
2 2
1 1
1 2
2 1
2 2
1 1
1 2
2 1
2 2
1 1
1 2
2 1
2 2
1 1
1 2
2 1
2 2
1 1
1 2
2 1
2 2
1 1
1 2
2 1
2 2
1 1
1 2
2 1
2 2
1 1
1 2
2 1
2 2
1 1
1 2
2 1
2 2
1 1
1 2
2 1
2 2
1 1
1 2
2 1
2 2
1 1
1 2
2 1
2 2
1 1
1 2
2 1
2 2
1 1
1 2
2 1
2 2
1 1
1 2
2 1
2 2
1 1
1 2
2 1
2 2
1 1 1 0.016447385581535665
1 2 1 0.012035428967491157
2 1 1 0.00756791546018421
2 2 1 0.01686932805301122
1 1 2 0.012642285670700656
1 2 2 0.014728307366927217
2 1 2 0.01048198686985874
2 2 2 0.014034583252725594
1 1 3 0.008706814763707799
1 2 3 0.013767545473656223
2 1 3 0.012120910250902738
2 2 3 0.01054840011717079
1 1 4 0.009528198687388578
1 2 4 0.012380952119347971
2 1 4 0.00903464970128983
2 2 4 0.009564330388859815
1 1 5 0.010743482584044763
1 2 5 0.010133802723066548
2 1 5 0.008816684809373693
2 2 5 0.00877447423160854
1 1 6 0.008528588251971954
1 2 6 0.010564797140476746
2 1 6 0.006927482012096246
2 2 6 0.008616464009338454
1 1 7 0.008435888675827471
1 2 7 0.00992706854842418
2 1 7 0.0060621869201621815
2 2 7 0.008675684558497699
1 1 8 0.007395265608724831
1 2 8 0.00781399113162699
2 1 8 0.0054030375127328755
2 2 8 0.006827964542789297
1 1 9 0.007643581105531082
1 2 9 0.009752130212472818
2 1 9 0.005009558829159089
2 2 9 0.007015945840876841
1 1 10 0.005037271176985327
1 2 10 0.006457281811407435
2 1 10 0.004385503974281649
2 2 10 0.004620660139854115
1 1 11 0.00405201007087406
1 2 11 0.005914670169283515
2 1 11 0.004032162232574849
2 2 11 0.003694062898105878
1 1 12 0.004649400672091338
1 2 12 0.0044937793552449
2 1 12 0.003523375722510001
2 2 12 0.003730627299796052
1 1 13 0.0032764962632188346
1 2 13 0.003419000443448908
2 1 13 0.0028202107074092727
2 2 13 0.0031503549538902235
1 1 14 0.003420235393636203
1 2 14 0.004003468818760746
2 1 14 0.002775612003174817
2 2 14 0.002743879374830718
1 1 15 0.0022042534327574013
1 2 15 0.0031007109172997605
2 1 15 0.0019205371594535486
2 2 15 0.002556881894580189
1 1 16 0.0027235557896261647
1 2 16 0.0032200163239254247
2 1 16 0.0018698072772935753
2 2 16 0.002182705777650313
1 1 17 0.0019160976238401825
1 2 17 0.0017346506655655843
2 1 17 0.0012407178275792058
2 2 17 0.0014384411650935826
1 1 18 0.0018932539986102539
1 2 18 0.0023065918169152674
2 1 18 0.0012909843596225494
2 2 18 0.0012945503516319362
1 1 19 0.0010771689822197867
1 2 19 0.0012302320855135836
2 1 19 0.0010806878498653954
2 2 19 0.0006724191034233258
1 1 20 0.0016741546380590038
1 2 20 0.000995716498287685
2 1 20 0.0009044351659283601
2 2 20 0.0006234428513618778
