Norm difference: 1.0
Norm difference: 1.0
1 1
1 2
1 3
2 1
2 2
2 3
3 1
3 2
3 3
1 1
1 2
1 3
2 1
2 2
2 3
3 1
3 2
3 3
1 1
1 2
1 3
2 1
2 2
2 3
3 1
3 2
3 3
1 1
1 2
1 3
2 1
2 2
2 3
3 1
3 2
3 3
1 1
1 2
1 3
2 1
2 2
2 3
3 1
3 2
3 3
1 1
1 2
1 3
2 1
2 2
2 3
3 1
3 2
3 3
1 1
1 2
1 3
2 1
2 2
2 3
3 1
3 2
3 3
1 1
1 2
1 3
2 1
2 2
2 3
3 1
3 2
3 3
1 1
1 2
1 3
2 1
2 2
2 3
3 1
3 2
3 3
1 1
1 2
1 3
2 1
2 2
2 3
3 1
3 2
3 3
1 1
1 2
1 3
2 1
2 2
2 3
3 1
3 2
3 3
1 1
1 2
1 3
2 1
2 2
2 3
3 1
3 2
3 3
1 1
1 2
1 3
2 1
2 2
2 3
3 1
3 2
3 3
1 1
1 2
1 3
2 1
2 2
2 3
3 1
3 2
3 3
1 1
1 2
1 3
2 1
2 2
2 3
3 1
3 2
3 3
1 1
1 2
1 3
2 1
2 2
2 3
3 1
3 2
3 3
1 1
1 2
1 3
2 1
2 2
2 3
3 1
3 2
3 3
1 1
1 2
1 3
2 1
2 2
2 3
3 1
3 2
3 3
1 1
1 2
1 3
2 1
2 2
2 3
3 1
3 2
3 3
1 1
1 2
1 3
2 1
2 2
2 3
3 1
3 2
3 3
1 1 1 0.007388973564461543
1 2 1 0.006343953369066205
1 3 1 0.006435686526318275
2 1 1 0.006174644721552604
2 2 1 0.005852618998666836
2 3 1 0.006093059877915211
3 1 1 0.005982077914642352
3 2 1 0.005095986207354136
3 3 1 0.005849692739053356
1 1 2 0.007914634949412068
1 2 2 0.006145594448283827
1 3 2 0.004201775778700403
2 1 2 0.0055819801780247836
2 2 2 0.005140405081625583
2 3 2 0.004232384732433418
3 1 2 0.005142258564027787
3 2 2 0.004152306418617537
3 3 2 0.00398322543943004
1 1 3 0.006281682439866905
1 2 3 0.00584968136457018
1 3 3 0.00686096300998464
2 1 3 0.005200890259092949
2 2 3 0.004915117660553347
2 3 3 0.005115386138662785
3 1 3 0.006166671803844935
3 2 3 0.004391925375862927
3 3 3 0.005970126327877819
1 1 4 0.006141726687504677
1 2 4 0.00491030137524764
1 3 4 0.007852632990358304
2 1 4 0.005477312153060209
2 2 4 0.004359583765680077
2 3 4 0.005521012497957244
3 1 4 0.006110145203412645
3 2 4 0.003643901662622441
3 3 4 0.006080192620869655
1 1 5 0.0069653757693485
1 2 5 0.004176786087865721
1 3 5 0.007747492070308379
2 1 5 0.005117126025249168
2 2 5 0.003781012991463254
2 3 5 0.005882278361973229
3 1 5 0.00559052622339018
3 2 5 0.0029696768191015883
3 3 5 0.004473744018492991
1 1 6 0.006463436854239464
1 2 6 0.004371202226593173
1 3 6 0.006318884713261777
2 1 6 0.00620125027344111
2 2 6 0.003697563809380486
2 3 6 0.004315286361782157
3 1 6 0.005741853995796836
3 2 6 0.0030045250220904597
3 3 6 0.0048792121554622064
1 1 7 0.007088683291190305
1 2 7 0.004295363766860724
1 3 7 0.007034903760208129
2 1 7 0.004959362054127546
2 2 7 0.0032249849855978474
2 3 7 0.004850996385281617
3 1 7 0.005532955063256251
3 2 7 0.003102586925186745
3 3 7 0.005825389268751645
1 1 8 0.00830013026943753
1 2 8 0.0042322499439364555
1 3 8 0.006949275329582472
2 1 8 0.00600548636406014
2 2 8 0.0031143141134151167
2 3 8 0.004694307241993325
3 1 8 0.004682671684322948
3 2 8 0.0026731251344153393
3 3 8 0.0050296722952664595
1 1 9 0.006652907762411606
1 2 9 0.003387985467242794
1 3 9 0.006284849464908149
2 1 9 0.004732899908488907
2 2 9 0.002737986319680725
2 3 9 0.004388960200135337
3 1 9 0.004597672465802708
3 2 9 0.0023931125935448536
3 3 9 0.004494169187582992
1 1 10 0.006352928798877171
1 2 10 0.003022370207916251
1 3 10 0.00476621343694592
2 1 10 0.004200835390858333
2 2 10 0.0024021930730620607
2 3 10 0.0032535358439520273
3 1 10 0.004072558061624699
3 2 10 0.0019396267355722505
3 3 10 0.004549850779297171
1 1 11 0.005494241778195831
1 2 11 0.0031941331661337015
1 3 11 0.006132060020542384
2 1 11 0.004408260690540598
2 2 11 0.0022347110418437163
2 3 11 0.004572316607413182
3 1 11 0.003582007721006463
3 2 11 0.0021566739878817543
3 3 11 0.004199516840915357
1 1 12 0.0049128484223394785
1 2 12 0.0028165668194268193
1 3 12 0.005611661494858685
2 1 12 0.0030252494987010456
2 2 12 0.0019340205868254342
2 3 12 0.004025634681180598
3 1 12 0.0026487128823477453
3 2 12 0.0020395889543559304
3 3 12 0.004103950770646305
1 1 13 0.00391007796807865
1 2 13 0.0018835729867933125
1 3 13 0.004418045946236268
2 1 13 0.0023547474803849123
2 2 13 0.001498980597332492
2 3 13 0.003314331885723442
3 1 13 0.003025791359771037
3 2 13 0.0015435005026592113
3 3 13 0.0036961439393253604
1 1 14 0.0032742749147281745
1 2 14 0.0019021733711387888
1 3 14 0.00406764169764383
2 1 14 0.0026087764529757525
2 2 14 0.0012517172758921024
2 3 14 0.0029371392369833844
3 1 14 0.00321273141134572
3 2 14 0.0013373442569705738
3 3 14 0.003106803467011975
1 1 15 0.0025779563508476133
1 2 15 0.0016044023772627436
1 3 15 0.0036645054561781397
2 1 15 0.0025501232353968874
2 2 15 0.0012910223528732503
2 3 15 0.0033425327219002558
3 1 15 0.002085110521773558
3 2 15 0.0017090350637698735
3 3 15 0.002641881834042259
1 1 16 0.0020198141053537405
1 2 16 0.0011695428982658861
1 3 16 0.003068151443483797
2 1 16 0.002109893336300492
2 2 16 0.0009033216439065736
2 3 16 0.0025036658481035743
3 1 16 0.0018520252964401233
3 2 16 0.0012272604475225793
3 3 16 0.0023635002197812333
1 1 17 0.002641931827757769
1 2 17 0.0014396599398132158
1 3 17 0.003460325696084181
2 1 17 0.0018900918034538596
2 2 17 0.001071339572430483
2 3 17 0.0028236127595568485
3 1 17 0.0023064205384861224
3 2 17 0.0006938773051609977
3 3 17 0.0019919442184871744
1 1 18 0.0027437149761811714
1 2 18 0.0011074123704711077
1 3 18 0.003156943778559404
2 1 18 0.0023353075219142007
2 2 18 0.0008209858459233613
2 3 18 0.0025392090906379817
3 1 18 0.0018120436695598454
3 2 18 0.0010610305172506901
3 3 18 0.001870550570470545
1 1 19 0.0019870238536349484
1 2 19 0.0014178020146414188
1 3 19 0.002556178748531662
2 1 19 0.002128697125803628
2 2 19 0.0009164065955294884
2 3 19 0.002115347591273063
3 1 19 0.0011208716524529548
3 2 19 0.0009159828380955904
3 3 19 0.0015533381560220887
1 1 20 0.001698325981697767
1 2 20 0.0010756171290630472
1 3 20 0.00189299713480866
2 1 20 0.001477714082307954
2 2 20 0.0008760388277696294
2 3 20 0.0015842230803010892
3 1 20 0.0009513596059546239
3 2 20 0.0005475949743209161
3 3 20 0.0014095518094755166
