W: 3.2
num_iter: 0
[-1.23439834 -1.23439834 -1.22091967 -1.22091967 -1.20712038 -1.20712038
 -1.19178151 -1.19178151 -1.17496    -1.17496    -1.15654014 -1.15654014
 -1.13677715 -1.13677715 -1.11527132 -1.11527132 -1.09169203 -1.09169203
 -1.06655089 -1.06655089 -1.03946808 -1.03946808 -1.01064673 -1.01064673
 -0.97945634 -0.97945634 -0.9468459  -0.9468459  -0.91195759 -0.91195759
 -0.87540174 -0.87540174 -0.83729198 -0.83729198 -0.79726836 -0.79726836
 -0.75586312 -0.75586312 -0.71325482 -0.71325482 -0.66861557 -0.66861557
 -0.62227827 -0.62227827 -0.57535891 -0.57535891 -0.52650093 -0.52650093
 -0.47681131 -0.47681131 -0.42535948 -0.42535948 -0.37321719 -0.37321719
 -0.31904495 -0.31904495 -0.26372781 -0.26372781 -0.20563818 -0.20563818
 -0.14422443 -0.14422443 -0.07303391 -0.07303391  0.07303525  0.07303525
  0.14421724  0.14421724  0.20564659  0.20564659  0.2637376   0.2637376
  0.3190403   0.3190403   0.37321958  0.37321958  0.42536277  0.42536277
  0.47681015  0.47681015  0.52649939  0.52649939  0.57535995  0.57535995
  0.62227924  0.62227924  0.66861149  0.66861149  0.71325791  0.71325791
  0.75585769  0.75585769  0.79726651  0.79726651  0.8372986   0.8372986
  0.87540942  0.87540942  0.91195494  0.91195494  0.9468495   0.9468495
  0.97946105  0.97946105  1.01064754  1.01064754  1.03946366  1.03946366
  1.0665334   1.0665334   1.09168763  1.09168763  1.11527015  1.11527015
  1.13677176  1.13677176  1.15654668  1.15654668  1.17495763  1.17495763
  1.19178224  1.19178224  1.20712558  1.20712558  1.22092452  1.22092452
  1.2343911   1.2343911 ]
localization_length: 0.42788341605993385
0.42929981490538716
W_list: [3.2]
L_list: [13.737594076972389]
