[-2.41421356 -1.         -1.         -0.41421356  0.41421356  1.
  1.          2.41421356]
W: 2.2
num_iter: 0
[-0.54331383 -0.48166418 -0.4180042  -0.35113705 -0.28555445 -0.21722903
 -0.14756398 -0.075037    0.07502969  0.14757282  0.21722898  0.28555988
  0.35114288  0.41799413  0.48166354  0.5433118 ]
localization_length: 1.6660071848064648
1.671746537750944
W_list: [2.2]
L_list: [1.671746537750944]
[-2.41421356 -1.         -1.         -0.41421356  0.41421356  1.
  1.          2.41421356]
W: 2.2
num_iter: 0
[-0.54325574 -0.48198078 -0.41657645 -0.35060102 -0.2843581  -0.21705348
 -0.14714164 -0.07495179  0.07494895  0.1471286   0.2170693   0.28436878
  0.35058842  0.41658988  0.48197285  0.54325221]
localization_length: 1.6678018769258933
1.6805569037622359
W_list: [2.2]
L_list: [1.6805569037622359]
