Norm difference: 1.0
Norm difference: 1.0
1 1
1 2
1 3
2 1
2 2
2 3
3 1
3 2
3 3
1 1
1 2
1 3
2 1
2 2
2 3
3 1
3 2
3 3
1 1
1 2
1 3
2 1
2 2
2 3
3 1
3 2
3 3
1 1
1 2
1 3
2 1
2 2
2 3
3 1
3 2
3 3
1 1
1 2
1 3
2 1
2 2
2 3
3 1
3 2
3 3
1 1
1 2
1 3
2 1
2 2
2 3
3 1
3 2
3 3
1 1
1 2
1 3
2 1
2 2
2 3
3 1
3 2
3 3
1 1
1 2
1 3
2 1
2 2
2 3
3 1
3 2
3 3
1 1
1 2
1 3
2 1
2 2
2 3
3 1
3 2
3 3
1 1
1 2
1 3
2 1
2 2
2 3
3 1
3 2
3 3
1 1
1 2
1 3
2 1
2 2
2 3
3 1
3 2
3 3
1 1
1 2
1 3
2 1
2 2
2 3
3 1
3 2
3 3
1 1
1 2
1 3
2 1
2 2
2 3
3 1
3 2
3 3
1 1
1 2
1 3
2 1
2 2
2 3
3 1
3 2
3 3
1 1
1 2
1 3
2 1
2 2
2 3
3 1
3 2
3 3
1 1
1 2
1 3
2 1
2 2
2 3
3 1
3 2
3 3
1 1
1 2
1 3
2 1
2 2
2 3
3 1
3 2
3 3
1 1
1 2
1 3
2 1
2 2
2 3
3 1
3 2
3 3
1 1
1 2
1 3
2 1
2 2
2 3
3 1
3 2
3 3
1 1
1 2
1 3
2 1
2 2
2 3
3 1
3 2
3 3
1 1 1 0.019522900422585816
1 2 1 0.018462531573569838
1 3 1 0.018400764340646247
2 1 1 0.016847646203895717
2 2 1 0.01146298598231243
2 3 1 0.01798599653589913
3 1 1 0.021402658569048553
3 2 1 0.017734166109227623
3 3 1 0.016271606542476648
1 1 2 0.024409682089058596
1 2 2 0.01788360564254512
1 3 2 0.018349818243225777
2 1 2 0.01768008635271499
2 2 2 0.015931453376150578
2 3 2 0.014513467973635983
3 1 2 0.016416962578437805
3 2 2 0.013357524464622576
3 3 2 0.016731943972056646
1 1 3 0.021867476767901947
1 2 3 0.01688280002545483
1 3 3 0.016823867484503912
2 1 3 0.01445638029323445
2 2 3 0.010034676294586948
2 3 3 0.012962619389453195
3 1 3 0.018047252373984336
3 2 3 0.01422101089817213
3 3 3 0.013929450582860645
1 1 4 0.01692768421314788
1 2 4 0.017544992682422236
1 3 4 0.015880469850016656
2 1 4 0.01655226777983588
2 2 4 0.015650375909077707
2 3 4 0.013853792602235914
3 1 4 0.015001192730002954
3 2 4 0.011649631767066414
3 3 4 0.010472256808090106
1 1 5 0.017577509091320637
1 2 5 0.016835269335464337
1 3 5 0.015405156422644428
2 1 5 0.013550335482343499
2 2 5 0.010474221751489333
2 3 5 0.012655976384539112
3 1 5 0.010153214788471723
3 2 5 0.012600100870540466
3 3 5 0.012773540357985624
1 1 6 0.018001571163841337
1 2 6 0.018071900894471794
1 3 6 0.01423261311580494
2 1 6 0.012370652407712821
2 2 6 0.01429422803988067
2 3 6 0.010492212949438987
3 1 6 0.01097889516384577
3 2 6 0.011210416164358684
3 3 6 0.009972246458784775
1 1 7 0.014484662987730625
1 2 7 0.014658943641654648
1 3 7 0.01738568591204944
2 1 7 0.010695678496603661
2 2 7 0.010420519427385918
2 3 7 0.01136780373737114
3 1 7 0.009728141112268067
3 2 7 0.012635041986298171
3 3 7 0.010161764804778019
1 1 8 0.014785058851603472
1 2 8 0.015409622033057
1 3 8 0.011206774552002818
2 1 8 0.01064231993862098
2 2 8 0.012327214476607992
2 3 8 0.009233275299476002
3 1 8 0.009776469797099674
3 2 8 0.01038301444647383
3 3 8 0.010372058853621144
1 1 9 0.011580452708146161
1 2 9 0.012378109212574168
1 3 9 0.011486691403206963
2 1 9 0.009890756879255665
2 2 9 0.009801632878825264
2 3 9 0.009647618517793098
3 1 9 0.010868182712424394
3 2 9 0.010834793145547032
3 3 9 0.007687836962623639
1 1 10 0.011461746044809911
1 2 10 0.012984663244347095
1 3 10 0.010558004222161885
2 1 10 0.008428275266876974
2 2 10 0.009929802527847715
2 3 10 0.005662457160980572
3 1 10 0.007983367088525338
3 2 10 0.009381467262012857
3 3 10 0.007540703041524542
1 1 11 0.010480922864670087
1 2 11 0.009893130575059122
1 3 11 0.006830282125294849
2 1 11 0.006490604483943385
2 2 11 0.007759053404701749
2 3 11 0.007242237001102721
3 1 11 0.006679329954742667
3 2 11 0.008921140814468691
3 3 11 0.007525829870747293
1 1 12 0.006371202079546667
1 2 12 0.010396342568274755
1 3 12 0.0065709163880227975
2 1 12 0.005405919716421688
2 2 12 0.00816805108475082
2 3 12 0.005628469201017661
3 1 12 0.007236259052859935
3 2 12 0.00780735188138245
3 3 12 0.0045076834851916405
1 1 13 0.006784642357318081
1 2 13 0.009231969338890929
1 3 13 0.0048423729375829455
2 1 13 0.0046436043213483255
2 2 13 0.006803683690980842
2 3 13 0.005466209353675278
3 1 13 0.00395812387770482
3 2 13 0.006939567508767533
3 3 13 0.005403003483079235
1 1 14 0.005909608830030389
1 2 14 0.009592116608465404
1 3 14 0.0059116820268415166
2 1 14 0.003688336806363103
2 2 14 0.007657443012777422
2 3 14 0.005403657682707371
3 1 14 0.005268293410982942
3 2 14 0.007463895689406623
3 3 14 0.0044264867742254636
1 1 15 0.005105837407357569
1 2 15 0.007892998496750857
1 3 15 0.0059742016095941115
2 1 15 0.003932828063293446
2 2 15 0.005925076739358633
2 3 15 0.004320178684108941
3 1 15 0.003862329436775616
3 2 15 0.006133225578711679
3 3 15 0.004306545678094355
1 1 16 0.004291145781164994
1 2 16 0.00800585595008178
1 3 16 0.005995256637503827
2 1 16 0.0038676873163831136
2 2 16 0.006769130064419977
2 3 16 0.004947516480238326
3 1 16 0.0037739633183694237
3 2 16 0.006270039474924371
3 3 16 0.0038726445599225985
1 1 17 0.003990896520369659
1 2 17 0.007852016545529372
1 3 17 0.00607330323604334
2 1 17 0.0036432869397544586
2 2 17 0.005503426894875405
2 3 17 0.0037454923209584547
3 1 17 0.003639360055453661
3 2 17 0.005879316956750613
3 3 17 0.004261469392619935
1 1 18 0.0034125544437261512
1 2 18 0.007461857131456794
1 3 18 0.00601525146838255
2 1 18 0.0037539918055416966
2 2 18 0.006482598673435836
2 3 18 0.0043271153625523
3 1 18 0.0033146255310816442
3 2 18 0.006008953452287986
3 3 18 0.004661926202600458
1 1 19 0.004925698877565052
1 2 19 0.007437546780415381
1 3 19 0.005551359358607214
2 1 19 0.0036266375733517127
2 2 19 0.005190387185280332
2 3 19 0.0037248537356626074
3 1 19 0.0031304956331831774
3 2 19 0.005082887791836644
3 3 19 0.004874612665631058
1 1 20 0.0031059590982714875
1 2 20 0.006184671195030821
1 3 20 0.004368315606489109
2 1 20 0.0032467707495109272
2 2 20 0.005331980328808506
2 3 20 0.00371503316897571
3 1 20 0.003191339583591858
3 2 20 0.005277718516190768
3 3 20 0.003827878954227372
