W: 3.8
num_iter: 0
[-0.94731032 -0.94731032 -0.93815718 -0.93815718 -0.92762629 -0.92762629
 -0.91601051 -0.91601051 -0.90362372 -0.90362372 -0.89002955 -0.89002955
 -0.87514869 -0.87514869 -0.85946406 -0.85946406 -0.84267598 -0.84267598
 -0.8247239  -0.8247239  -0.80518592 -0.80518592 -0.78506593 -0.78506593
 -0.76348757 -0.76348757 -0.74048006 -0.74048006 -0.7164499  -0.7164499
 -0.69103433 -0.69103433 -0.66412593 -0.66412593 -0.63559602 -0.63559602
 -0.6055239  -0.6055239  -0.57397775 -0.57397775 -0.54059214 -0.54059214
 -0.50538644 -0.50538644 -0.46845389 -0.46845389 -0.42937736 -0.42937736
 -0.38868631 -0.38868631 -0.34641614 -0.34641614 -0.30211572 -0.30211572
 -0.25510477 -0.25510477 -0.20706728 -0.20706728 -0.15615938 -0.15615938
 -0.10310345 -0.10310345 -0.04121646 -0.04121646  0.04121695  0.04121695
  0.10310212  0.10310212  0.15616205  0.15616205  0.20707076  0.20707076
  0.25510578  0.25510578  0.30211373  0.30211373  0.34641279  0.34641279
  0.38868775  0.38868775  0.42937685  0.42937685  0.46845164  0.46845164
  0.50538701  0.50538701  0.54058704  0.54058704  0.57397864  0.57397864
  0.60552056  0.60552056  0.63559791  0.63559791  0.66412109  0.66412109
  0.69103847  0.69103847  0.71645514  0.71645514  0.74048162  0.74048162
  0.76348741  0.76348741  0.78506707  0.78506707  0.8051893   0.8051893
  0.82471687  0.82471687  0.84266994  0.84266994  0.8594717   0.8594717
  0.87514229  0.87514229  0.89003335  0.89003335  0.90362672  0.90362672
  0.91600915  0.91600915  0.92762955  0.92762955  0.93815693  0.93815693
  0.94730866  0.94730866]
localization_length: 0.7581922778058602
0.7512127051071913
W_list: [3.8]
L_list: [24.03880656343012]
