Norm difference: 1.0
Norm difference: 1.0
1 1
1 2
2 1
2 2
1 1
1 2
2 1
2 2
1 1
1 2
2 1
2 2
1 1
1 2
2 1
2 2
1 1
1 2
2 1
2 2
1 1
1 2
2 1
2 2
1 1
1 2
2 1
2 2
1 1
1 2
2 1
2 2
1 1
1 2
2 1
2 2
1 1
1 2
2 1
2 2
1 1
1 2
2 1
2 2
1 1
1 2
2 1
2 2
1 1
1 2
2 1
2 2
1 1
1 2
2 1
2 2
1 1
1 2
2 1
2 2
1 1
1 2
2 1
2 2
1 1
1 2
2 1
2 2
1 1
1 2
2 1
2 2
1 1
1 2
2 1
2 2
1 1
1 2
2 1
2 2
1 1 1 1.4094961303010717e-5
1 2 1 2.6972990956030014e-5
2 1 1 2.3215108314449986e-5
2 2 1 2.7676987911353506e-5
1 1 2 2.2354416755420802e-5
1 2 2 2.87045383890302e-5
2 1 2 3.10128809104096e-5
2 2 2 3.540395834427529e-5
1 1 3 2.301022611516572e-5
1 2 3 2.4909232920390493e-5
2 1 3 3.002363220911751e-5
2 2 3 3.683439284423035e-5
1 1 4 2.8383979266110942e-5
1 2 4 3.308953736676824e-5
2 1 4 3.635687221052837e-5
2 2 4 5.7472341749777025e-5
1 1 5 2.4045640029080896e-5
1 2 5 3.1730361851604184e-5
2 1 5 3.1337238836840016e-5
2 2 5 4.0451924075081865e-5
1 1 6 3.2850604319943776e-5
1 2 6 5.379850968028153e-5
2 1 6 6.391461670246848e-5
2 2 6 6.831619313043307e-5
1 1 7 3.5968948403142375e-5
1 2 7 3.4442799332992123e-5
2 1 7 5.8480966172368574e-5
2 2 7 4.320793031432896e-5
1 1 8 5.429602614158216e-5
1 2 8 6.547572440218088e-5
2 1 8 4.358445639595511e-5
2 2 8 0.00011512065646896779
1 1 9 5.68409592585534e-5
1 2 9 5.590319877940967e-5
2 1 9 0.00010690580008312026
2 2 9 9.08119053739429e-5
1 1 10 5.0255784643764634e-5
1 2 10 0.0001137894877490057
2 1 10 0.00012163983381317225
2 2 10 0.00013965025150763192
1 1 11 9.431252110656388e-5
1 2 11 8.223407920399044e-5
2 1 11 0.0001484099595831767
2 2 11 9.144645434663095e-5
1 1 12 0.00011237047719967583
1 2 12 0.00010244812418386845
2 1 12 0.00011394886724007981
2 2 12 0.00010423171827596351
1 1 13 0.00011017625079146534
1 2 13 7.26167344727894e-5
2 1 13 0.00010301628598951301
2 2 13 0.00010902414187256215
1 1 14 7.458945021833885e-5
1 2 14 8.544415946642472e-5
2 1 14 0.0001006216042596147
2 2 14 9.68408713180096e-5
1 1 15 8.323482009392263e-5
1 2 15 7.494082888307158e-5
2 1 15 9.921159258807477e-5
2 2 15 9.570910488562521e-5
1 1 16 8.642665294558007e-5
1 2 16 5.1960687714531424e-5
2 1 16 0.00010090765709497053
2 2 16 8.098309778237285e-5
1 1 17 8.405963807142457e-5
1 2 17 4.702242476734542e-5
2 1 17 9.557206220379687e-5
2 2 17 6.376813342493242e-5
1 1 18 7.03595146985821e-5
1 2 18 4.9186165548158535e-5
2 1 18 9.309026875872914e-5
2 2 18 6.508397425849976e-5
1 1 19 6.716190113936121e-5
1 2 19 5.861955029312802e-5
2 1 19 8.450663278004865e-5
2 2 19 5.5530239049428356e-5
1 1 20 7.07653310626298e-5
1 2 20 6.186067938282168e-5
2 1 20 8.653313327382202e-5
2 2 20 5.939558146113515e-5
