Norm difference: 1.0
Norm difference: 1.0
1 1
1 2
1 3
2 1
2 2
2 3
3 1
3 2
3 3
1 1
1 2
1 3
2 1
2 2
2 3
3 1
3 2
3 3
1 1
1 2
1 3
2 1
2 2
2 3
3 1
3 2
3 3
1 1
1 2
1 3
2 1
2 2
2 3
3 1
3 2
3 3
1 1
1 2
1 3
2 1
2 2
2 3
3 1
3 2
3 3
1 1
1 2
1 3
2 1
2 2
2 3
3 1
3 2
3 3
1 1
1 2
1 3
2 1
2 2
2 3
3 1
3 2
3 3
1 1
1 2
1 3
2 1
2 2
2 3
3 1
3 2
3 3
1 1
1 2
1 3
2 1
2 2
2 3
3 1
3 2
3 3
1 1
1 2
1 3
2 1
2 2
2 3
3 1
3 2
3 3
1 1
1 2
1 3
2 1
2 2
2 3
3 1
3 2
3 3
1 1
1 2
1 3
2 1
2 2
2 3
3 1
3 2
3 3
1 1
1 2
1 3
2 1
2 2
2 3
3 1
3 2
3 3
1 1
1 2
1 3
2 1
2 2
2 3
3 1
3 2
3 3
1 1
1 2
1 3
2 1
2 2
2 3
3 1
3 2
3 3
1 1
1 2
1 3
2 1
2 2
2 3
3 1
3 2
3 3
1 1
1 2
1 3
2 1
2 2
2 3
3 1
3 2
3 3
1 1
1 2
1 3
2 1
2 2
2 3
3 1
3 2
3 3
1 1
1 2
1 3
2 1
2 2
2 3
3 1
3 2
3 3
1 1
1 2
1 3
2 1
2 2
2 3
3 1
3 2
3 3
1 1 1 0.019285120731808082
1 2 1 0.01308153843814796
1 3 1 0.01725024335996752
2 1 1 0.013427023031236694
2 2 1 0.009601599228740498
2 3 1 0.01293575823014687
3 1 1 0.021336229924575668
3 2 1 0.013778347723962464
3 3 1 0.01910712486292943
1 1 2 0.01874762868700002
1 2 2 0.008405878166484856
1 3 2 0.01599321995581644
2 1 2 0.011643624502379612
2 2 2 0.0072583531207043635
2 3 2 0.012037035751997398
3 1 2 0.02038414491437581
3 2 2 0.012401909151343114
3 3 2 0.016451236497079556
1 1 3 0.0146778887555695
1 2 3 0.011460432857344707
1 3 3 0.01410814420174269
2 1 3 0.009600331128279306
2 2 3 0.008501517536103946
2 3 3 0.008409963209125574
3 1 3 0.018897303477661533
3 2 3 0.010249464874973477
3 3 3 0.014214730616376736
1 1 4 0.012912957071173573
1 2 4 0.008824177213389474
1 3 4 0.015023205330014212
2 1 4 0.008887554923227315
2 2 4 0.0052011824831917
2 3 4 0.007223048903904782
3 1 4 0.015053521099780264
3 2 4 0.009261020963160446
3 3 4 0.014049613660553706
1 1 5 0.011195921730939326
1 2 5 0.007077000774900373
1 3 5 0.015060214300342111
2 1 5 0.007553724122911323
2 2 5 0.00542988501619734
2 3 5 0.008009057724888604
3 1 5 0.01184125184199423
3 2 5 0.007765272200166061
3 3 5 0.014683668874898817
1 1 6 0.010875591745264326
1 2 6 0.006511648728593139
1 3 6 0.011752781560540054
2 1 6 0.007423635574628942
2 2 6 0.0028751253025838083
2 3 6 0.007021310542785833
3 1 6 0.012037922323904498
3 2 6 0.007748235957267677
3 3 6 0.012872065208825893
1 1 7 0.012662790526080676
1 2 7 0.006307480470921484
1 3 7 0.009307112072971847
2 1 7 0.005017037905315615
2 2 7 0.003737624441922037
2 3 7 0.004474166014520066
3 1 7 0.012117004916858496
3 2 7 0.00802758087283683
3 3 7 0.010882680893086489
1 1 8 0.009673881877934012
1 2 8 0.006087808792167247
1 3 8 0.009916028062225253
2 1 8 0.005887893331894666
2 2 8 0.0037325447502328845
2 3 8 0.004883061715936464
3 1 8 0.011158754882321518
3 2 8 0.0058181934525745665
3 3 8 0.011703310565988752
1 1 9 0.009923527803109287
1 2 9 0.005442829875528639
1 3 9 0.008927364018913678
2 1 9 0.00618167355078349
2 2 9 0.002728209719651915
2 3 9 0.0052024271299881365
3 1 9 0.010554475698109609
3 2 9 0.005541906126824726
3 3 9 0.008964824983276973
1 1 10 0.009896270726435246
1 2 10 0.007148606534356712
1 3 10 0.00976798502551179
2 1 10 0.00392393665387762
2 2 10 0.002569640821510629
2 3 10 0.0041826765686935165
3 1 10 0.011051345112164625
3 2 10 0.007606296303152976
3 3 10 0.007138496907021286
1 1 11 0.008113567797235838
1 2 11 0.00750755692457928
1 3 11 0.01021691083200241
2 1 11 0.004256166070947416
2 2 11 0.0019203690454338731
2 3 11 0.0054792826658987635
3 1 11 0.008249669791066038
3 2 11 0.00719906458482329
3 3 11 0.006585923962966922
1 1 12 0.008647047322119319
1 2 12 0.005840151619963851
1 3 12 0.010384028763963887
2 1 12 0.0047846944052299546
2 2 12 0.003684321374950813
2 3 12 0.004802796983342814
3 1 12 0.006829809595552769
3 2 12 0.004976534183939496
3 3 12 0.008127171819057092
1 1 13 0.008094993757016703
1 2 13 0.005908798506443492
1 3 13 0.00848391604264336
2 1 13 0.00417888227274815
2 2 13 0.00305488253290542
2 3 13 0.004221667477365422
3 1 13 0.007039871677997916
3 2 13 0.004985626914526335
3 3 13 0.008516157196502625
1 1 14 0.008719071588748094
1 2 14 0.005834254650614099
1 3 14 0.007452528425709844
2 1 14 0.003978443783438411
2 2 14 0.0018907528720973087
2 3 14 0.005325180152492
3 1 14 0.007297573622276279
3 2 14 0.006186872467462358
3 3 14 0.0069934979851178445
1 1 15 0.006915833133194581
1 2 15 0.006267855763602022
1 3 15 0.005392173722121968
2 1 15 0.004673564858594433
2 2 15 0.0025052748589743305
2 3 15 0.0031603654876628945
3 1 15 0.005280992660763939
3 2 15 0.005366968635322314
3 3 15 0.005314837052261848
1 1 16 0.006352726246176081
1 2 16 0.0052947444610310585
1 3 16 0.004211689748280581
2 1 16 0.004788865344344651
2 2 16 0.0033219947765738772
2 3 16 0.002745777659842177
3 1 16 0.0043220434211546825
3 2 16 0.003091588641945912
3 3 16 0.003406845012687644
1 1 17 0.0038915305022867454
1 2 17 0.004982617414658131
1 3 17 0.00428620020498297
2 1 17 0.0020876344650274698
2 2 17 0.002841289191242014
2 3 17 0.0027919746606009086
3 1 17 0.0039534501500987215
3 2 17 0.0031392225120881493
3 3 17 0.0025715103120984946
1 1 18 0.003159135264245999
1 2 18 0.004750438133262387
1 3 18 0.0035745880728018445
2 1 18 0.0028018650494272186
2 2 18 0.0021002885696626114
2 3 18 0.0019189844898768779
3 1 18 0.002742546988980293
3 2 18 0.0037022389830205253
3 3 18 0.0026741302137670924
1 1 19 0.0019893508698428314
1 2 19 0.003813661519425088
1 3 19 0.003005531698979453
2 1 19 0.001686400571427217
2 2 19 0.0028502996135650184
2 3 19 0.0022244484842917443
3 1 19 0.001916664459387686
3 2 19 0.003096733314025332
3 3 19 0.002455606488830482
1 1 20 0.0014850034687255865
1 2 20 0.002738207519525331
1 3 20 0.002363046025581495
2 1 20 0.0008840637116415138
2 2 20 0.0022080616195713837
2 3 20 0.0016882617549903174
3 1 20 0.0012611536089779728
3 2 20 0.0017481526999446884
3 3 20 0.0020448881171915246
