W: 4.2
num_iter: 0
[-0.99934963 -0.99934963 -0.9485526  -0.9485526  -0.87987637 -0.87987637
 -0.79363061 -0.79363061 -0.68440901 -0.68440901 -0.54622429 -0.54622429
 -0.37430835 -0.37430835 -0.14731222 -0.14731222  0.14731312  0.14731312
  0.37430829  0.37430829  0.5462269   0.5462269   0.68441114  0.68441114
  0.7936258   0.7936258   0.87987805  0.87987805  0.94855168  0.94855168
  0.99934811  0.99934811]
localization_length: 0.8485378663297025
0.8489595978431025
W_list: [4.2]
L_list: [6.79167678274482]
