Norm difference: 1.0
Norm difference: 0.9999999999999999
1 1
1 2
2 1
2 2
1 1
1 2
2 1
2 2
1 1
1 2
2 1
2 2
1 1
1 2
2 1
2 2
1 1
1 2
2 1
2 2
1 1
1 2
2 1
2 2
1 1
1 2
2 1
2 2
1 1
1 2
2 1
2 2
1 1
1 2
2 1
2 2
1 1
1 2
2 1
2 2
1 1
1 2
2 1
2 2
1 1
1 2
2 1
2 2
1 1
1 2
2 1
2 2
1 1
1 2
2 1
2 2
1 1
1 2
2 1
2 2
1 1
1 2
2 1
2 2
1 1
1 2
2 1
2 2
1 1
1 2
2 1
2 2
1 1
1 2
2 1
2 2
1 1
1 2
2 1
2 2
1 1 1 0.020336170714934952
1 2 1 0.01660832788002142
2 1 1 0.019271262668404683
2 2 1 0.01827356126427761
1 1 2 0.01867146904008921
1 2 2 0.015440182596654412
2 1 2 0.018041533594697658
2 2 2 0.013439038800479756
1 1 3 0.0156314971397922
1 2 3 0.014277898766186537
2 1 3 0.015227305821206022
2 2 3 0.009079554926952484
1 1 4 0.012172467141140546
1 2 4 0.011652669588212709
2 1 4 0.012625025671873676
2 2 4 0.011601312770579457
1 1 5 0.01266402055879814
1 2 5 0.008355529149632545
2 1 5 0.010607777040802164
2 2 5 0.011800862902917075
1 1 6 0.008946553813406876
1 2 6 0.009485623878334558
2 1 6 0.010226823751160425
2 2 6 0.009163662181859353
1 1 7 0.007441364200906053
1 2 7 0.008485323692020616
2 1 7 0.009893966076783719
2 2 7 0.005519288143567971
1 1 8 0.007921726053778114
1 2 8 0.006049928310300141
2 1 8 0.006666504081830162
2 2 8 0.006044138594057127
1 1 9 0.00588607759402974
1 2 9 0.0041138687883216125
2 1 9 0.005218287440698929
2 2 9 0.005783655938792987
1 1 10 0.004339593307028224
1 2 10 0.0032128690662008184
2 1 10 0.004685024888473868
2 2 10 0.004118189290346914
1 1 11 0.002827488302310602
1 2 11 0.002704694046253206
2 1 11 0.0034501875028470673
2 2 11 0.0018619602766723406
1 1 12 0.0021080932257869834
1 2 12 0.0018709390229701586
2 1 12 0.002203532809489918
2 2 12 0.0010518743675578856
1 1 13 0.001551421261354857
1 2 13 0.0010443760443670218
2 1 13 0.0009062560137070499
2 2 13 0.0010087820426080752
1 1 14 0.0008999858277076234
1 2 14 0.0006838610742034457
2 1 14 0.0005695763069278191
2 2 14 0.0010072920868871345
1 1 15 0.0004941586964741162
1 2 15 0.0006268630434696438
2 1 15 0.0005744728492316635
2 2 15 0.0006000273442818308
1 1 16 0.00030795244017843906
1 2 16 0.0005054244118152501
2 1 16 0.0005066438229768397
2 2 16 0.0003476376110553406
1 1 17 0.00031424904288920516
1 2 17 0.00030522169545292463
2 1 17 0.00023428865181776402
2 2 17 0.0002836044947837716
1 1 18 0.0002322720839922884
1 2 18 0.00017898552033078814
2 1 18 0.00011509528214087012
2 2 18 0.00024328178446801456
1 1 19 0.00011367189736995764
1 2 19 0.00015161311199139282
2 1 19 0.00014156279856833973
2 2 19 0.00012954010600056565
1 1 20 9.180002431885686e-5
1 2 20 0.00011886916196832768
2 1 20 0.00011622205370034455
2 2 20 7.46243867929653e-5
