W: 2.8
num_iter: 0
[-0.76228707 -0.76228707 -0.71480845 -0.71480845 -0.65058566 -0.65058566
 -0.56966613 -0.56966613 -0.47110068 -0.47110068 -0.35398453 -0.35398453
 -0.21766567 -0.21766567 -0.05527949 -0.05527949  0.05527809  0.05527809
  0.21766182  0.21766182  0.35398387  0.35398387  0.47110529  0.47110529
  0.56966247  0.56966247  0.65058752  0.65058752  0.71481191  0.71481191
  0.76228669  0.76228669]
localization_length: 2.2612937416444745
2.236515937298639
W_list: [2.8]
L_list: [17.89212749838911]
