W: 3.8
num_iter: 0
[-0.94299607 -0.94299607 -0.92194058 -0.92194058 -0.89659611 -0.89659611
 -0.86754421 -0.86754421 -0.83398817 -0.83398817 -0.79556249 -0.79556249
 -0.75227526 -0.75227526 -0.70396287 -0.70396287 -0.64981868 -0.64981868
 -0.59027177 -0.59027177 -0.52417173 -0.52417173 -0.45005119 -0.45005119
 -0.36826491 -0.36826491 -0.2781002  -0.2781002  -0.18113832 -0.18113832
 -0.06622851 -0.06622851  0.06622611  0.06622611  0.18114092  0.18114092
  0.2781003   0.2781003   0.36826428  0.36826428  0.45005139  0.45005139
  0.52417697  0.52417697  0.59027295  0.59027295  0.6498243   0.6498243
  0.7039598   0.7039598   0.75227469  0.75227469  0.79555615  0.79555615
  0.8339855   0.8339855   0.86754521  0.86754521  0.89659641  0.89659641
  0.92193795  0.92193795  0.94299813  0.94299813]
localization_length: 0.9437365626577465
0.940678721714285
W_list: [3.8]
L_list: [15.05085954742856]
