W: 4.2
num_iter: 0
[-1.05165882 -1.05165882 -1.04048387 -1.04048387 -1.02895828 -1.02895828
 -1.01587917 -1.01587917 -1.00195525 -1.00195525 -0.98678306 -0.98678306
 -0.9710683  -0.9710683  -0.95398914 -0.95398914 -0.9356314  -0.9356314
 -0.91653069 -0.91653069 -0.89596533 -0.89596533 -0.8743667  -0.8743667
 -0.85150832 -0.85150832 -0.82768337 -0.82768337 -0.8019685  -0.8019685
 -0.77543006 -0.77543006 -0.74689804 -0.74689804 -0.71684422 -0.71684422
 -0.68548383 -0.68548383 -0.6522341  -0.6522341  -0.61666109 -0.61666109
 -0.57990514 -0.57990514 -0.54053793 -0.54053793 -0.49888067 -0.49888067
 -0.45522656 -0.45522656 -0.40928265 -0.40928265 -0.36044424 -0.36044424
 -0.30999844 -0.30999844 -0.25616733 -0.25616733 -0.20034296 -0.20034296
 -0.14008372 -0.14008372 -0.06956396 -0.06956396  0.06956306  0.06956306
  0.14008266  0.14008266  0.20034434  0.20034434  0.25617034  0.25617034
  0.30999951  0.30999951  0.36044684  0.36044684  0.4092766   0.4092766
  0.45521799  0.45521799  0.49888062  0.49888062  0.54054014  0.54054014
  0.57991324  0.57991324  0.616664    0.616664    0.65224448  0.65224448
  0.68549084  0.68549084  0.7168461   0.7168461   0.74689214  0.74689214
  0.77542633  0.77542633  0.80196229  0.80196229  0.8276817   0.8276817
  0.8515073   0.8515073   0.87436483  0.87436483  0.89597617  0.89597617
  0.91652941  0.91652941  0.93563015  0.93563015  0.95399171  0.95399171
  0.97106467  0.97106467  0.98678231  0.98678231  1.00195892  1.00195892
  1.0158774   1.0158774   1.02895274  1.02895274  1.04048161  1.04048161
  1.05165464  1.05165464]
localization_length: 0.4492326809086376
0.4511167298335906
W_list: [4.2]
L_list: [14.435735354674899]
