Norm difference: 1.0
Norm difference: 1.0
1 1
1 2
2 1
2 2
1 1
1 2
2 1
2 2
1 1
1 2
2 1
2 2
1 1
1 2
2 1
2 2
1 1
1 2
2 1
2 2
1 1
1 2
2 1
2 2
1 1
1 2
2 1
2 2
1 1
1 2
2 1
2 2
1 1
1 2
2 1
2 2
1 1
1 2
2 1
2 2
1 1
1 2
2 1
2 2
1 1
1 2
2 1
2 2
1 1
1 2
2 1
2 2
1 1
1 2
2 1
2 2
1 1
1 2
2 1
2 2
1 1
1 2
2 1
2 2
1 1
1 2
2 1
2 2
1 1
1 2
2 1
2 2
1 1
1 2
2 1
2 2
1 1
1 2
2 1
2 2
1 1 1 0.008607433218769067
1 2 1 0.010211230603549623
2 1 1 0.012229995274763397
2 2 1 0.011810677134883764
1 1 2 0.010181066254758722
1 2 2 0.01351765464507794
2 1 2 0.012006336703835526
2 2 2 0.010170954814377953
1 1 3 0.010187348396358913
1 2 3 0.009768273538771556
2 1 3 0.009870762443414194
2 2 3 0.009798643940828213
1 1 4 0.007841270775402726
1 2 4 0.006354929178101772
2 1 4 0.010154955178147056
2 2 4 0.010185243464644745
1 1 5 0.008229443206457562
1 2 5 0.00791528563056215
2 1 5 0.00836362782596918
2 2 5 0.008370626598811118
1 1 6 0.008736889347201415
1 2 6 0.006690414265000039
2 1 6 0.008649476523886387
2 2 6 0.007318357106337434
1 1 7 0.006910997995692081
1 2 7 0.007909860079350762
2 1 7 0.008283799062905658
2 2 7 0.007836598305068696
1 1 8 0.005744707548479953
1 2 8 0.007783259705505111
2 1 8 0.006350632324994271
2 2 8 0.006979778603943089
1 1 9 0.0073640013568437605
1 2 9 0.005845009917724072
2 1 9 0.005770420594172815
2 2 9 0.006211836065551842
1 1 10 0.005696418704407254
1 2 10 0.004325392657066939
2 1 10 0.005972059542894108
2 2 10 0.005241364024463982
1 1 11 0.00496300913478384
1 2 11 0.004582043774713965
2 1 11 0.00564717230746798
2 2 11 0.005290206225578929
1 1 12 0.004759801115965926
1 2 12 0.004569224635286633
2 1 12 0.0054386793341718
2 2 12 0.004670375587850957
1 1 13 0.004410024911674069
1 2 13 0.004124867581074403
2 1 13 0.005237835497302008
2 2 13 0.004008382290499646
1 1 14 0.0030238096311602956
1 2 14 0.004470529788514045
2 1 14 0.0046399648193172684
2 2 14 0.0042106316788124475
1 1 15 0.004338118979222308
1 2 15 0.003225696322160419
2 1 15 0.0032981584227004387
2 2 15 0.004815176681596161
1 1 16 0.0033195616548620925
1 2 16 0.00226263618059241
2 1 16 0.003549310627073178
2 2 16 0.004051688029252671
1 1 17 0.0018955307947233484
1 2 17 0.0024075737554668936
2 1 17 0.0033135395912931792
2 2 17 0.0021790806647729076
1 1 18 0.0016416042121185207
1 2 18 0.0026303515631961897
2 1 18 0.0026508820467666594
2 2 18 0.0017588803280133465
1 1 19 0.001809920601721499
1 2 19 0.0014624771970193277
2 1 19 0.001094766793748155
2 2 19 0.0023179591636382797
1 1 20 0.0017573380376006223
1 2 20 0.001143842708936447
2 1 20 0.001787796106366285
2 2 20 0.0018590749421238336
