W: 4.0
num_iter: 0
[-0.98048901 -0.98048901 -0.97072755 -0.97072755 -0.96048405 -0.96048405
 -0.94863026 -0.94863026 -0.93625483 -0.93625483 -0.92268343 -0.92268343
 -0.90776838 -0.90776838 -0.89171294 -0.89171294 -0.87494609 -0.87494609
 -0.85688372 -0.85688372 -0.83743957 -0.83743957 -0.81731176 -0.81731176
 -0.79580649 -0.79580649 -0.77294217 -0.77294217 -0.74822765 -0.74822765
 -0.72270881 -0.72270881 -0.69583163 -0.69583163 -0.6671964  -0.6671964
 -0.63654913 -0.63654913 -0.60467442 -0.60467442 -0.57082352 -0.57082352
 -0.53483359 -0.53483359 -0.49741358 -0.49741358 -0.45683642 -0.45683642
 -0.41506441 -0.41506441 -0.37148487 -0.37148487 -0.32524534 -0.32524534
 -0.27686482 -0.27686482 -0.22596019 -0.22596019 -0.17272689 -0.17272689
 -0.11664806 -0.11664806 -0.05100367 -0.05100367  0.0510072   0.0510072
  0.11665259  0.11665259  0.17271886  0.17271886  0.22596382  0.22596382
  0.27686221  0.27686221  0.32524267  0.32524267  0.37149141  0.37149141
  0.41507172  0.41507172  0.45683574  0.45683574  0.49740753  0.49740753
  0.53483328  0.53483328  0.57082862  0.57082862  0.60467417  0.60467417
  0.63654563  0.63654563  0.66719553  0.66719553  0.69583247  0.69583247
  0.72270823  0.72270823  0.74822529  0.74822529  0.77294349  0.77294349
  0.7957993   0.7957993   0.81730878  0.81730878  0.83743357  0.83743357
  0.85688537  0.85688537  0.87494688  0.87494688  0.89171834  0.89171834
  0.90777709  0.90777709  0.92269275  0.92269275  0.93625713  0.93625713
  0.94862231  0.94862231  0.96048012  0.96048012  0.97072497  0.97072497
  0.98048659  0.98048659]
localization_length: 0.6127009495158197
0.6243674703566156
W_list: [4.0]
L_list: [19.979759051411698]
