W: 1.8
num_iter: 0
[-1.15823579 -1.15823579 -1.14965711 -1.14965711 -1.13976357 -1.13976357
 -1.12854457 -1.12854457 -1.11560978 -1.11560978 -1.10139478 -1.10139478
 -1.08486896 -1.08486896 -1.06692855 -1.06692855 -1.04649778 -1.04649778
 -1.02308591 -1.02308591 -0.99732979 -0.99732979 -0.96831915 -0.96831915
 -0.93611427 -0.93611427 -0.90057856 -0.90057856 -0.86102148 -0.86102148
 -0.81786682 -0.81786682 -0.77106601 -0.77106601 -0.72096533 -0.72096533
 -0.66672661 -0.66672661 -0.61226288 -0.61226288 -0.55577286 -0.55577286
 -0.49994625 -0.49994625 -0.44587802 -0.44587802 -0.39310403 -0.39310403
 -0.34293087 -0.34293087 -0.2941691  -0.2941691  -0.24680494 -0.24680494
 -0.20098548 -0.20098548 -0.15548688 -0.15548688 -0.11138807 -0.11138807
 -0.06664418 -0.06664418 -0.01909504 -0.01909504  0.019094    0.019094
  0.0666399   0.0666399   0.11139268  0.11139268  0.15549451  0.15549451
  0.20097698  0.20097698  0.24680192  0.24680192  0.29416544  0.29416544
  0.34292923  0.34292923  0.3931025   0.3931025   0.44588165  0.44588165
  0.49994265  0.49994265  0.55577709  0.55577709  0.61226252  0.61226252
  0.66672533  0.66672533  0.72096382  0.72096382  0.77106943  0.77106943
  0.81786712  0.81786712  0.86100913  0.86100913  0.90058107  0.90058107
  0.93611648  0.93611648  0.96831938  0.96831938  0.99732881  0.99732881
  1.02308519  1.02308519  1.04649783  1.04649783  1.06693386  1.06693386
  1.08487033  1.08487033  1.10140042  1.10140042  1.11560822  1.11560822
  1.12854874  1.12854874  1.13976067  1.13976067  1.14965823  1.14965823
  1.15823825  1.15823825]
localization_length: 1.636640069840791
1.6146109186735957
W_list: [1.8]
L_list: [51.667549397555064]
