W: 4.2
num_iter: 0
[-1.1555209  -1.1555209  -1.14240588 -1.14240588 -1.12836453 -1.12836453
 -1.11356853 -1.11356853 -1.09727903 -1.09727903 -1.08027829 -1.08027829
 -1.06158389 -1.06158389 -1.04181076 -1.04181076 -1.02099823 -1.02099823
 -0.9988948  -0.9988948  -0.97580237 -0.97580237 -0.95144652 -0.95144652
 -0.92601286 -0.92601286 -0.89896517 -0.89896517 -0.87031242 -0.87031242
 -0.84068874 -0.84068874 -0.80949118 -0.80949118 -0.77657355 -0.77657355
 -0.74238349 -0.74238349 -0.70621031 -0.70621031 -0.66804601 -0.66804601
 -0.62778609 -0.62778609 -0.5861029  -0.5861029  -0.54184445 -0.54184445
 -0.49555528 -0.49555528 -0.44672625 -0.44672625 -0.39528862 -0.39528862
 -0.34114088 -0.34114088 -0.2851311  -0.2851311  -0.22614565 -0.22614565
 -0.1625748  -0.1625748  -0.08835258 -0.08835258  0.08835004  0.08835004
  0.16258076  0.16258076  0.22613816  0.22613816  0.28513175  0.28513175
  0.3411331   0.3411331   0.39529197  0.39529197  0.44672754  0.44672754
  0.49555917  0.49555917  0.54184295  0.54184295  0.58610327  0.58610327
  0.62778876  0.62778876  0.66804348  0.66804348  0.70620677  0.70620677
  0.74238502  0.74238502  0.77656716  0.77656716  0.80948614  0.80948614
  0.84068163  0.84068163  0.87030627  0.87030627  0.89896526  0.89896526
  0.92600795  0.92600795  0.95144929  0.95144929  0.97580802  0.97580802
  0.99890393  0.99890393  1.02100098  1.02100098  1.04181185  1.04181185
  1.06158212  1.06158212  1.08027484  1.08027484  1.09728207  1.09728207
  1.11356751  1.11356751  1.12837829  1.12837829  1.14240977  1.14240977
  1.15552021  1.15552021]
localization_length: 0.3537067052441224
0.35339871114746735
W_list: [4.2]
L_list: [11.308758756718955]
