Norm difference: 1.0
Norm difference: 1.0
1 1
1 2
2 1
2 2
1 1
1 2
2 1
2 2
1 1
1 2
2 1
2 2
1 1
1 2
2 1
2 2
1 1
1 2
2 1
2 2
1 1
1 2
2 1
2 2
1 1
1 2
2 1
2 2
1 1
1 2
2 1
2 2
1 1
1 2
2 1
2 2
1 1
1 2
2 1
2 2
1 1
1 2
2 1
2 2
1 1
1 2
2 1
2 2
1 1
1 2
2 1
2 2
1 1
1 2
2 1
2 2
1 1
1 2
2 1
2 2
1 1
1 2
2 1
2 2
1 1
1 2
2 1
2 2
1 1
1 2
2 1
2 2
1 1
1 2
2 1
2 2
1 1
1 2
2 1
2 2
1 1 1 0.0007098937392740576
1 2 1 0.0007664153274262994
2 1 1 0.0006711300214621303
2 2 1 0.0006566942232090499
1 1 2 0.000717120398528058
1 2 2 0.0008268219730297821
2 1 2 0.0006530464033961191
2 2 2 0.0005442833016371931
1 1 3 0.0007731555964216401
1 2 3 0.0006807618829181201
2 1 3 0.0006798278493801262
2 2 3 0.0006657422893546766
1 1 4 0.0007110909826019619
1 2 4 0.0007423622237560888
2 1 4 0.0006366659770145191
2 2 4 0.0006838576264842921
1 1 5 0.0006835099037128324
1 2 5 0.001048904435990045
2 1 5 0.0006832534551091219
2 2 5 0.0007356416218578375
1 1 6 0.0010257712903685484
1 2 6 0.0010446365649441612
2 1 6 0.0007742466015302474
2 2 6 0.0007103381881994145
1 1 7 0.001402527773831128
1 2 7 0.0007899747418154565
2 1 7 0.0006749087225794866
2 2 7 0.0009441806023235407
1 1 8 0.001101477032728225
1 2 8 0.0008494100813301103
2 1 8 0.001019821403903328
2 2 8 0.0008491344870948971
1 1 9 0.0008479808515361968
1 2 9 0.0010726715740678203
2 1 9 0.0011457776076197104
2 2 9 0.0005795327104494079
1 1 10 0.0008009111755750432
1 2 10 0.0010473662536528015
2 1 10 0.0006935961871725802
2 2 10 0.000784688459638318
1 1 11 0.0007528636487801551
1 2 11 0.000956313072753421
2 1 11 0.0004964781384117188
2 2 11 0.0010918596576722096
1 1 12 0.0006439065470413886
1 2 12 0.0009083546465936775
2 1 12 0.0005885127526696137
2 2 12 0.000785378034921674
1 1 13 0.0006632351612755365
1 2 13 0.000988732139947245
2 1 13 0.0007762680322752247
2 2 13 0.0007435935541363352
1 1 14 0.0006784166935531659
1 2 14 0.0008532078255845245
2 1 14 0.0005189048965907673
2 2 14 0.0007059121547859323
1 1 15 0.0007977008380187717
1 2 15 0.0008195806369658123
2 1 15 0.0006425756587926025
2 2 15 0.000833248694790127
1 1 16 0.0009563346078208509
1 2 16 0.0008364875077543051
2 1 16 0.0006898090812490485
2 2 16 0.0007264785088695656
1 1 17 0.0007476718565299736
1 2 17 0.0007514725919560595
2 1 17 0.0007360469344870316
2 2 17 0.0006408247386399199
1 1 18 0.0006732191718762976
1 2 18 0.0007691896651429428
2 1 18 0.0006632223785456851
2 2 18 0.0006389859091442682
1 1 19 0.0006496278408479599
1 2 19 0.0006357972132106173
2 1 19 0.0005252268738812988
2 2 19 0.000591654855931216
1 1 20 0.00045244603085980355
1 2 20 0.0007298246971669776
2 1 20 0.0006740509606761504
2 2 20 0.0006577659125013206
