W: 4.0
num_iter: 0
[-0.9801466  -0.9801466  -0.97074217 -0.97074217 -0.95994913 -0.95994913
 -0.9483018  -0.9483018  -0.9355767  -0.9355767  -0.92210582 -0.92210582
 -0.90744696 -0.90744696 -0.89142914 -0.89142914 -0.87457913 -0.87457913
 -0.85656836 -0.85656836 -0.83733228 -0.83733228 -0.81693743 -0.81693743
 -0.79533994 -0.79533994 -0.77235837 -0.77235837 -0.74818027 -0.74818027
 -0.72242292 -0.72242292 -0.69545073 -0.69545073 -0.66693864 -0.66693864
 -0.63660528 -0.63660528 -0.60456924 -0.60456924 -0.57062739 -0.57062739
 -0.53518641 -0.53518641 -0.49754701 -0.49754701 -0.45739857 -0.45739857
 -0.41551838 -0.41551838 -0.37172591 -0.37172591 -0.3250403  -0.3250403
 -0.27698821 -0.27698821 -0.22698333 -0.22698333 -0.1735771  -0.1735771
 -0.11757101 -0.11757101 -0.05129138 -0.05129138  0.05129158  0.05129158
  0.11757097  0.11757097  0.17358192  0.17358192  0.22697627  0.22697627
  0.27698552  0.27698552  0.32503705  0.32503705  0.37172308  0.37172308
  0.4155196   0.4155196   0.45740219  0.45740219  0.49754819  0.49754819
  0.5351828   0.5351828   0.57062634  0.57062634  0.60456508  0.60456508
  0.63660653  0.63660653  0.66693756  0.66693756  0.69545375  0.69545375
  0.72242991  0.72242991  0.74818698  0.74818698  0.77235967  0.77235967
  0.79534543  0.79534543  0.81693737  0.81693737  0.83732841  0.83732841
  0.85656447  0.85656447  0.87457695  0.87457695  0.89142805  0.89142805
  0.90744705  0.90744705  0.92209613  0.92209613  0.9355831   0.9355831
  0.94831096  0.94831096  0.95994754  0.95994754  0.97074107  0.97074107
  0.98014437  0.98014437]
localization_length: 0.6092642090802185
0.614621205575039
W_list: [4.0]
L_list: [19.667878578401247]
