C_list:
0.0006110505864128703 0.21702565441715818
C_list:
0.0006117939518160289 0.22905810334536067
C_list:
0.0006632052354092229 0.2539230001289104
C_list:
0.0006239327630854623 0.2619671312533154
C_list:
0.0006253823364009791 0.2803709447322395
C_list:
0.0006444262768252977 0.28195642940416055
ndim2: 60
W_list: [2.3, 2.4, 2.5, 2.5999999999999996, 2.6999999999999997, 2.8]
L_list: [4.607750188269629, 4.3657045325842825, 3.9382017363229203, 3.8172727823362926, 3.5667033934455024, 3.5466472678535204]
C_list:
0.0005373534194641256 0.15172064049072106
C_list:
0.0005405506482984634 0.16432448909856143
C_list:
0.0005803701526852194 0.1758324600596164
C_list:
0.0006006411144584919 0.20100649045038763
C_list:
0.0006233117571924769 0.2083396270999277
C_list:
0.00048668401645496665 0.21544613580136493
ndim2: 60
W_list: [2.3, 2.4, 2.5, 2.5999999999999996, 2.6999999999999997, 2.8]
L_list: [6.591061023507596, 6.085520213607373, 5.687232037025176, 4.974963732560764, 4.799854995998248, 4.641531379898923]
C_list:
0.0005005149800738425 0.13175194791808287
C_list:
0.0005461395891851794 0.1474086084216259
C_list:
0.0004608379406565965 0.14568954867185618
C_list:
0.0004966826555588573 0.16285137204671757
C_list:
0.0004985191862548623 0.1743187525581675
C_list:
0.0005027117489291519 0.18131138467379027
ndim2: 60
W_list: [2.3, 2.4, 2.5, 2.5999999999999996, 2.6999999999999997, 2.8]
L_list: [7.590020609196251, 6.783864325886227, 6.863910343029134, 6.14056846701376, 5.736617462692749, 5.515373465373774]
