Norm difference: 1.0000000000000002
Norm difference: 1.0
1 1
1 2
2 1
2 2
1 1
1 2
2 1
2 2
1 1
1 2
2 1
2 2
1 1
1 2
2 1
2 2
1 1
1 2
2 1
2 2
1 1
1 2
2 1
2 2
1 1
1 2
2 1
2 2
1 1
1 2
2 1
2 2
1 1
1 2
2 1
2 2
1 1
1 2
2 1
2 2
1 1
1 2
2 1
2 2
1 1
1 2
2 1
2 2
1 1
1 2
2 1
2 2
1 1
1 2
2 1
2 2
1 1
1 2
2 1
2 2
1 1
1 2
2 1
2 2
1 1
1 2
2 1
2 2
1 1
1 2
2 1
2 2
1 1
1 2
2 1
2 2
1 1
1 2
2 1
2 2
1 1 1 0.001067364384499185
1 2 1 0.001692937029872691
2 1 1 0.0016526447844526834
2 2 1 0.001582109337616698
1 1 2 0.000775329648107473
1 2 2 0.0017743023864037453
2 1 2 0.0016777701599496445
2 2 2 0.0011442440180378225
1 1 3 0.0015255683285742155
1 2 3 0.0013894862833668965
2 1 3 0.0010774212646844183
2 2 3 0.0011858083840172071
1 1 4 0.0015841581935802048
1 2 4 0.001048692581627693
2 1 4 0.0012595779275885346
2 2 4 0.0011655488231799838
1 1 5 0.0010921354134383794
1 2 5 0.0012188504988990604
2 1 5 0.0014212720814118461
2 2 5 0.0012718714055277012
1 1 6 0.0011129031469522732
1 2 6 0.0014229042597326763
2 1 6 0.0012579325529479804
2 2 6 0.0013389232307383639
1 1 7 0.0016953613536010016
1 2 7 0.0013379629872377302
2 1 7 0.00135024709370562
2 2 7 0.0014793911202208856
1 1 8 0.0014445878141374328
1 2 8 0.0011059690034672157
2 1 8 0.0015777202311031964
2 2 8 0.001389990973106049
1 1 9 0.001240438364077026
1 2 9 0.0015984854388017048
2 1 9 0.001499698528179411
2 2 9 0.0012694132962818494
1 1 10 0.001554229572624861
1 2 10 0.001432046060325723
2 1 10 0.001424778424632421
2 2 10 0.0010839673851431194
1 1 11 0.0015606586522507323
1 2 11 0.0013069977222951263
2 1 11 0.0014372209046135862
2 2 11 0.0014600118553323921
1 1 12 0.0017822496948640826
1 2 12 0.0014847884951407684
2 1 12 0.0016929358844751594
2 2 12 0.0016103480853755403
1 1 13 0.001627296101944396
1 2 13 0.0017534875524149417
2 1 13 0.001733011710654667
2 2 13 0.0018482567359431276
1 1 14 0.0020927534746134247
1 2 14 0.0021948956283048345
2 1 14 0.002372469846078095
2 2 14 0.0022216795634945165
1 1 15 0.002004642349575778
1 2 15 0.002146181791468017
2 1 15 0.002284484195553233
2 2 15 0.0023676432981839597
1 1 16 0.0026689724287426294
1 2 16 0.002280524172394832
2 1 16 0.002826970425219932
2 2 16 0.0026510961297513537
1 1 17 0.002607624593676892
1 2 17 0.0029706458675694196
2 1 17 0.0021620934816570445
2 2 17 0.0023571836602823597
1 1 18 0.002521239409218354
1 2 18 0.0030643186660075346
2 1 18 0.002745699375564371
2 2 18 0.00242572062598648
1 1 19 0.0027608695166540962
1 2 19 0.0027659830296983207
2 1 19 0.0023068272796137354
2 2 19 0.002782757253444432
1 1 20 0.0029006846973602175
1 2 20 0.0026621567553797446
2 1 20 0.0025496268573965493
2 2 20 0.002964792301451443
