Norm difference: 1.0
Norm difference: 1.0
1 1
1 2
2 1
2 2
1 1
1 2
2 1
2 2
1 1
1 2
2 1
2 2
1 1
1 2
2 1
2 2
1 1
1 2
2 1
2 2
1 1
1 2
2 1
2 2
1 1
1 2
2 1
2 2
1 1
1 2
2 1
2 2
1 1
1 2
2 1
2 2
1 1
1 2
2 1
2 2
1 1
1 2
2 1
2 2
1 1
1 2
2 1
2 2
1 1
1 2
2 1
2 2
1 1
1 2
2 1
2 2
1 1
1 2
2 1
2 2
1 1
1 2
2 1
2 2
1 1
1 2
2 1
2 2
1 1
1 2
2 1
2 2
1 1
1 2
2 1
2 2
1 1
1 2
2 1
2 2
1 1 1 0.009079260439793546
1 2 1 0.011285169424992875
2 1 1 0.014135051212221134
2 2 1 0.01155475361458701
1 1 2 0.011809133700195701
1 2 2 0.011358626067233259
2 1 2 0.01247787363350711
2 2 2 0.013039758628570796
1 1 3 0.011078520715806723
1 2 3 0.010221430880604634
2 1 3 0.012660628722687828
2 2 3 0.011469339002099165
1 1 4 0.009630190813381128
1 2 4 0.009637578799194208
2 1 4 0.010859947582250673
2 2 4 0.012580880148697682
1 1 5 0.008425187064125195
1 2 5 0.009870248638784425
2 1 5 0.010746771421053354
2 2 5 0.010641538253239996
1 1 6 0.008232760321283242
1 2 6 0.007911324321972248
2 1 6 0.008321919299759572
2 2 6 0.009203882095197746
1 1 7 0.008585112026488623
1 2 7 0.008361867738021278
2 1 7 0.008291564345260728
2 2 7 0.007150050359503173
1 1 8 0.0058598306166844655
1 2 8 0.006504209431416892
2 1 8 0.0077176881644279065
2 2 8 0.00848838124332131
1 1 9 0.007208930351219127
1 2 9 0.006764437591117639
2 1 9 0.006761972120639327
2 2 9 0.0071283503587379685
1 1 10 0.005279361551250146
1 2 10 0.005586969287172132
2 1 10 0.0074169446438705645
2 2 10 0.00549224363479833
1 1 11 0.005821488578271232
1 2 11 0.005941043337743646
2 1 11 0.005535114913735258
2 2 11 0.005502851770199739
1 1 12 0.005186487630492164
1 2 12 0.004721413485833879
2 1 12 0.005010168075873808
2 2 12 0.005778511107699809
1 1 13 0.004595304492807629
1 2 13 0.004444582961533025
2 1 13 0.005204257156228748
2 2 13 0.004719847418612292
1 1 14 0.004105091551244714
1 2 14 0.004702019672999121
2 1 14 0.004556173602482322
2 2 14 0.004599804199229903
1 1 15 0.0034811179085531352
1 2 15 0.0028486430523932222
2 1 15 0.003263980861463326
2 2 15 0.004298324853421431
1 1 16 0.0035962347260621273
1 2 16 0.002903576990867082
2 1 16 0.0033192813744279343
2 2 16 0.003244284660541019
1 1 17 0.0022112287591441065
1 2 17 0.0024276231628020594
2 1 17 0.0031386879709807657
2 2 17 0.003186170069956515
1 1 18 0.002521725518268873
1 2 18 0.0025548506880958945
2 1 18 0.002191004378437018
2 2 18 0.0021157792015991496
1 1 19 0.001869131365901221
1 2 19 0.001995562507891984
2 1 19 0.0028693037083390685
2 2 19 0.002298016848772006
1 1 20 0.0012808362113725707
1 2 20 0.0018801052566535773
2 1 20 0.0012553208985631
2 2 20 0.001772188850325454
