[-2.41421356 -1.         -1.         -0.41421356  0.41421356  1.
  1.          2.41421356]
W: 1.7999999999999998
num_iter: 0
[-0.46000173 -0.43215841 -0.40374141 -0.3734948  -0.3436252  -0.31468275
 -0.28554924 -0.25740819 -0.22952521 -0.20116477 -0.173419   -0.14596221
 -0.11756808 -0.08863953 -0.06038774 -0.03043354  0.03043605  0.06037986
  0.08865573  0.11756437  0.14596476  0.17341442  0.20115884  0.22953502
  0.2574107   0.28552959  0.3146798   0.34362519  0.37348655  0.40374523
  0.43217799  0.4599977 ]
localization_length: 2.0536554206547293
2.0186802682932674
W_list: [1.7999999999999998]
L_list: [2.0186802682932674]
[-2.41421356 -1.         -1.         -0.41421356  0.41421356  1.
  1.          2.41421356]
W: 1.7999999999999998
num_iter: 0
[-0.46054112 -0.4323183  -0.40361338 -0.37426449 -0.34493816 -0.31483584
 -0.28627453 -0.25734252 -0.22931242 -0.20128604 -0.17339075 -0.1462601
 -0.11786797 -0.08889196 -0.05984745 -0.02985585  0.02985141  0.05984668
  0.08888079  0.11787475  0.14626166  0.1733855   0.20129049  0.22931195
  0.25734926  0.28627836  0.31481929  0.34494833  0.37426914  0.40361423
  0.43230819  0.46055087]
localization_length: 2.0937033589359753
2.0971887452369224
W_list: [1.7999999999999998]
L_list: [2.0971887452369224]
