W: 3.8
num_iter: 0
[-1.1091467  -1.1091467  -1.09655283 -1.09655283 -1.08254742 -1.08254742
 -1.06704032 -1.06704032 -1.051118   -1.051118   -1.03366979 -1.03366979
 -1.0150767  -1.0150767  -0.99483122 -0.99483122 -0.97349732 -0.97349732
 -0.9513569  -0.9513569  -0.92759087 -0.92759087 -0.90264421 -0.90264421
 -0.87610949 -0.87610949 -0.84905306 -0.84905306 -0.81998275 -0.81998275
 -0.78972938 -0.78972938 -0.75843461 -0.75843461 -0.72556189 -0.72556189
 -0.69060991 -0.69060991 -0.65460271 -0.65460271 -0.61674472 -0.61674472
 -0.57739707 -0.57739707 -0.53564674 -0.53564674 -0.49258742 -0.49258742
 -0.44763154 -0.44763154 -0.40039741 -0.40039741 -0.35115358 -0.35115358
 -0.30022606 -0.30022606 -0.24689764 -0.24689764 -0.19080193 -0.19080193
 -0.13159984 -0.13159984 -0.06336599 -0.06336599  0.06337028  0.06337028
  0.1315998   0.1315998   0.19080988  0.19080988  0.24688784  0.24688784
  0.30021887  0.30021887  0.35115025  0.35115025  0.4003922   0.4003922
  0.44763045  0.44763045  0.49257686  0.49257686  0.535643    0.535643
  0.57739816  0.57739816  0.61674253  0.61674253  0.6545972   0.6545972
  0.69061231  0.69061231  0.72555734  0.72555734  0.75843417  0.75843417
  0.7897342   0.7897342   0.81997959  0.81997959  0.84905831  0.84905831
  0.87612164  0.87612164  0.90264871  0.90264871  0.92759885  0.92759885
  0.95136291  0.95136291  0.97349788  0.97349788  0.99483668  0.99483668
  1.01507535  1.01507535  1.03366229  1.03366229  1.05111359  1.05111359
  1.0670415   1.0670415   1.08254471  1.08254471  1.09655998  1.09655998
  1.10914868  1.10914868]
localization_length: 0.4931667558578292
0.49759501558355385
W_list: [3.8]
L_list: [15.923040498673723]
