W: 2.2
num_iter: 0
[-0.66547541 -0.66547541 -0.64788723 -0.64788723 -0.62540557 -0.62540557
 -0.59892628 -0.59892628 -0.56879865 -0.56879865 -0.53523537 -0.53523537
 -0.49872881 -0.49872881 -0.45858194 -0.45858194 -0.4151543  -0.4151543
 -0.36826959 -0.36826959 -0.31749917 -0.31749917 -0.26339286 -0.26339286
 -0.20532894 -0.20532894 -0.14456052 -0.14456052 -0.08195225 -0.08195225
 -0.01724707 -0.01724707  0.01724413  0.01724413  0.0819545   0.0819545
  0.14455754  0.14455754  0.20533169  0.20533169  0.26339014  0.26339014
  0.317495    0.317495    0.36827125  0.36827125  0.41515655  0.41515655
  0.45858244  0.45858244  0.49873108  0.49873108  0.53523844  0.53523844
  0.56879578  0.56879578  0.59892881  0.59892881  0.62540009  0.62540009
  0.64788778  0.64788778  0.66547875  0.66547875]
localization_length: 3.6244219492960053
3.653025631239525
W_list: [2.2]
L_list: [58.4484100998324]
