Norm difference: 1.0
Norm difference: 1.0
1 1
1 2
2 1
2 2
1 1
1 2
2 1
2 2
1 1
1 2
2 1
2 2
1 1
1 2
2 1
2 2
1 1
1 2
2 1
2 2
1 1
1 2
2 1
2 2
1 1
1 2
2 1
2 2
1 1
1 2
2 1
2 2
1 1
1 2
2 1
2 2
1 1
1 2
2 1
2 2
1 1
1 2
2 1
2 2
1 1
1 2
2 1
2 2
1 1
1 2
2 1
2 2
1 1
1 2
2 1
2 2
1 1
1 2
2 1
2 2
1 1
1 2
2 1
2 2
1 1
1 2
2 1
2 2
1 1
1 2
2 1
2 2
1 1
1 2
2 1
2 2
1 1
1 2
2 1
2 2
1 1 1 0.002101698247074782
1 2 1 0.0017996157317939365
2 1 1 0.000352173791810369
2 2 1 0.0009377025821231775
1 1 2 0.0016175709514463538
1 2 2 0.0025780492740652096
2 1 2 0.0008388884400827884
2 2 2 0.0009508419961957566
1 1 3 0.0011051453113125175
1 2 3 0.001759888721684018
2 1 3 0.0009810825123367755
2 2 3 0.0005473720455972542
1 1 4 0.002343718344637151
1 2 4 0.001792816253032848
2 1 4 0.001468740335747153
2 2 4 0.0012467621160685346
1 1 5 0.0021810696513561534
1 2 5 0.0023100078591782687
2 1 5 0.0008758419514145098
2 2 5 0.0014477976590130091
1 1 6 0.002060028974804206
1 2 6 0.001736341429461541
2 1 6 0.0009868894740537946
2 2 6 0.0009512248275937857
1 1 7 0.0024415143505670993
1 2 7 0.0016324609937288814
2 1 7 0.0012572917598379439
2 2 7 0.0008834478834566506
1 1 8 0.002454235884998495
1 2 8 0.001532877385057595
2 1 8 0.0013808005199967411
2 2 8 0.0009722788578249233
1 1 9 0.0051097814396037795
1 2 9 0.0017406958019893434
2 1 9 0.002643298312643173
2 2 9 0.0009778120850292727
1 1 10 0.002909463088595081
1 2 10 0.004283921274044691
2 1 10 0.0014484147100664831
2 2 10 0.0019676452410940437
1 1 11 0.0021619014340261557
1 2 11 0.0035192940558532878
2 1 11 0.0015103710783096348
2 2 11 0.001907155935845421
1 1 12 0.0025274724811614985
1 2 12 0.004937157760908572
2 1 12 0.001621970826186727
2 2 12 0.00250740665067056
1 1 13 0.0015931071316057255
1 2 13 0.003396261703061937
2 1 13 0.0012724377902255612
2 2 13 0.0020901214719820592
1 1 14 0.001530153480188258
1 2 14 0.0034849734510446
2 1 14 0.0009277225133684829
2 2 14 0.0020288920951428116
1 1 15 0.0014577687437824086
1 2 15 0.0025072222469183997
2 1 15 0.0012785184521866984
2 2 15 0.0017423135651956384
1 1 16 0.0023288521100879806
1 2 16 0.0018026430485658291
2 1 16 0.0012779094336692553
2 2 16 0.0012537100804339914
1 1 17 0.0020085963715149265
1 2 17 0.0013292462818456086
2 1 17 0.0012407588766451965
2 2 17 0.0010280854271601323
1 1 18 0.0017317459628455472
1 2 18 0.0012572604435989899
2 1 18 0.0011008246906864124
2 2 18 0.0011235396905862453
1 1 19 0.0012479126143104843
1 2 19 0.0009604479222785848
2 1 19 0.0008610199159681222
2 2 19 0.000799057364955909
1 1 20 0.001145505252775042
1 2 20 0.0009839073043905547
2 1 20 0.0009385173300793849
2 2 20 0.0007540037376403986
