W: 4.0
num_iter: 0
[-1.01623073 -1.01623073 -0.99290908 -0.99290908 -0.96536673 -0.96536673
 -0.93339189 -0.93339189 -0.89673287 -0.89673287 -0.85569    -0.85569
 -0.81008719 -0.81008719 -0.75897678 -0.75897678 -0.70197097 -0.70197097
 -0.63897837 -0.63897837 -0.5695299  -0.5695299  -0.49158762 -0.49158762
 -0.40566445 -0.40566445 -0.31135833 -0.31135833 -0.20809844 -0.20809844
 -0.08461315 -0.08461315  0.08461362  0.08461362  0.20809573  0.20809573
  0.31135782  0.31135782  0.40565304  0.40565304  0.49158535  0.49158535
  0.56952531  0.56952531  0.63897785  0.63897785  0.70196518  0.70196518
  0.75898726  0.75898726  0.81009153  0.81009153  0.85569106  0.85569106
  0.89673589  0.89673589  0.93339599  0.93339599  0.96536648  0.96536648
  0.99291621  0.99291621  1.01622821  1.01622821]
localization_length: 0.7386558394408748
0.7456100227267299
W_list: [4.0]
L_list: [11.929760363627679]
