W: 3.4000000000000004
num_iter: 0
[-0.86657828 -0.86657828 -0.81763008 -0.81763008 -0.75073229 -0.75073229
 -0.66484577 -0.66484577 -0.56004053 -0.56004053 -0.43156715 -0.43156715
 -0.27694848 -0.27694848 -0.08491293 -0.08491293  0.08491713  0.08491713
  0.27694498  0.27694498  0.43156255  0.43156255  0.5600399   0.5600399
  0.66484434  0.66484434  0.75073544  0.75073544  0.81763356  0.81763356
  0.86657761  0.86657761]
localization_length: 1.4720961571150482
1.4662330903345848
W_list: [3.4000000000000004]
L_list: [11.729864722676679]
