W: 1.6
num_iter: 0
[-1.14950913 -1.14950913 -1.14146609 -1.14146609 -1.1323488  -1.1323488
 -1.12175621 -1.12175621 -1.10977829 -1.10977829 -1.09602222 -1.09602222
 -1.0803312  -1.0803312  -1.06259525 -1.06259525 -1.0427345  -1.0427345
 -1.02051969 -1.02051969 -0.99539979 -0.99539979 -0.96687379 -0.96687379
 -0.93542247 -0.93542247 -0.9004175  -0.9004175  -0.86100299 -0.86100299
 -0.81716646 -0.81716646 -0.76949404 -0.76949404 -0.71780686 -0.71780686
 -0.66276838 -0.66276838 -0.60490895 -0.60490895 -0.54657519 -0.54657519
 -0.48805977 -0.48805977 -0.43226874 -0.43226874 -0.37884328 -0.37884328
 -0.32776258 -0.32776258 -0.27900639 -0.27900639 -0.23247597 -0.23247597
 -0.18771222 -0.18771222 -0.14452565 -0.14452565 -0.10205374 -0.10205374
 -0.05995381 -0.05995381 -0.01567566 -0.01567566  0.01567689  0.01567689
  0.05995084  0.05995084  0.10204917  0.10204917  0.14452122  0.14452122
  0.18771635  0.18771635  0.23247459  0.23247459  0.27900675  0.27900675
  0.32776361  0.32776361  0.37884778  0.37884778  0.43227659  0.43227659
  0.4880704   0.4880704   0.54657213  0.54657213  0.60490949  0.60490949
  0.6627678   0.6627678   0.71781101  0.71781101  0.76948693  0.76948693
  0.81716908  0.81716908  0.86100121  0.86100121  0.90040959  0.90040959
  0.93543041  0.93543041  0.96686748  0.96686748  0.99539931  0.99539931
  1.02051579  1.02051579  1.04273199  1.04273199  1.06259394  1.06259394
  1.08033566  1.08033566  1.09601987  1.09601987  1.10978093  1.10978093
  1.12175759  1.12175759  1.13234159  1.13234159  1.14147291  1.14147291
  1.14950667  1.14950667]
localization_length: 1.9935368108390308
1.9891462681975964
W_list: [1.6]
L_list: [63.652680582323086]
