[-2.41421356 -1.         -1.         -0.41421356  0.41421356  1.
  1.          2.41421356]
W: 2.6
num_iter: 0
[-0.65601786 -0.64193056 -0.62863788 -0.61397344 -0.59959368 -0.58437004
 -0.56844984 -0.5522705  -0.5356127  -0.51880717 -0.50140136 -0.4841113
 -0.46622085 -0.44822061 -0.42969182 -0.41035539 -0.39134979 -0.37185279
 -0.35233824 -0.33203529 -0.31175487 -0.29119194 -0.26995665 -0.2483399
 -0.22617759 -0.20379008 -0.17979137 -0.15548855 -0.12987696 -0.10304601
 -0.07316302 -0.03973418  0.03973825  0.07316228  0.10304385  0.12987252
  0.15549437  0.17978181  0.2037835   0.22619407  0.24833633  0.26994416
  0.29120089  0.3117625   0.33203814  0.35233217  0.37184829  0.39134823
  0.41036219  0.42968753  0.44823254  0.46620783  0.48410496  0.50140071
  0.5188134   0.53561545  0.5522662   0.56845123  0.58437586  0.59959595
  0.61397495  0.62864337  0.64193017  0.65600852]
localization_length: 0.7864764690683279
0.7828092983692065
W_list: [2.6]
L_list: [0.7828092983692065]
[-2.41421356 -1.         -1.         -0.41421356  0.41421356  1.
  1.          2.41421356]
W: 2.6
num_iter: 0
[-0.65554073 -0.64245618 -0.62838359 -0.61399552 -0.59968538 -0.58412848
 -0.5688218  -0.55247091 -0.53586919 -0.51946364 -0.50174073 -0.48414977
 -0.46636643 -0.44847069 -0.43000034 -0.4107562  -0.39198772 -0.37254211
 -0.35271547 -0.33277408 -0.31238755 -0.29076743 -0.27018828 -0.24889057
 -0.22651631 -0.20352283 -0.17968404 -0.15530155 -0.12931249 -0.10213232
 -0.07267351 -0.03949259  0.03949473  0.07267555  0.10213528  0.1293022
  0.15529723  0.17968518  0.20353523  0.22651103  0.24888646  0.27018938
  0.29077226  0.31238386  0.33278076  0.35270804  0.37253292  0.39199091
  0.41075969  0.43000259  0.4484691   0.46636643  0.48414244  0.5017445
  0.51947448  0.53586518  0.55247159  0.56882774  0.5841334   0.5996764
  0.61400269  0.62838798  0.64244761  0.65553558]
localization_length: 0.7912877551177474
0.7934650832495318
W_list: [2.6]
L_list: [0.7934650832495318]
