Norm difference: 1.0
Norm difference: 1.0
1 1
1 2
2 1
2 2
1 1
1 2
2 1
2 2
1 1
1 2
2 1
2 2
1 1
1 2
2 1
2 2
1 1
1 2
2 1
2 2
1 1
1 2
2 1
2 2
1 1
1 2
2 1
2 2
1 1
1 2
2 1
2 2
1 1
1 2
2 1
2 2
1 1
1 2
2 1
2 2
1 1
1 2
2 1
2 2
1 1
1 2
2 1
2 2
1 1
1 2
2 1
2 2
1 1
1 2
2 1
2 2
1 1
1 2
2 1
2 2
1 1
1 2
2 1
2 2
1 1
1 2
2 1
2 2
1 1
1 2
2 1
2 2
1 1
1 2
2 1
2 2
1 1
1 2
2 1
2 2
1 1 1 2.7884419577682215e-5
1 2 1 4.877527859398468e-5
2 1 1 4.4453947918422083e-5
2 2 1 5.594286549030491e-5
1 1 2 2.742119614149404e-5
1 2 2 4.9899596649965536e-5
2 1 2 6.044007434199217e-5
2 2 2 6.838219372701429e-5
1 1 3 4.866822964810825e-5
1 2 3 6.298207031675993e-5
2 1 3 7.230773610818614e-5
2 2 3 8.219828674574641e-5
1 1 4 7.20244125782838e-5
1 2 4 5.7601481178090956e-5
2 1 4 0.00010275408880224395
2 2 4 6.387992545139977e-5
1 1 5 5.4958941980815945e-5
1 2 5 6.208549500249479e-5
2 1 5 0.00011128073776211502
2 2 5 9.964786740788248e-5
1 1 6 9.767349471490237e-5
1 2 6 0.00010451960386434308
2 1 6 0.0001761419387989667
2 2 6 7.95076714560718e-5
1 1 7 0.00015563478238870833
1 2 7 8.29110025107728e-5
2 1 7 0.00013937714692626937
2 2 7 0.00012979903755191616
1 1 8 0.00011389281650841265
1 2 8 7.319424803633433e-5
2 1 8 0.0001325111791547239
2 2 8 0.0001356096771784583
1 1 9 0.00012170998597397504
1 2 9 0.0001271823297700023
2 1 9 0.0001431022887244133
2 2 9 0.0001365139324924
1 1 10 0.00014256655293014715
1 2 10 0.00014326298303570857
2 1 10 0.00021398978130845347
2 2 10 0.00015724125441755361
1 1 11 0.0001868847891284279
1 2 11 0.0001338206908760117
2 1 11 0.00019229151432473046
2 2 11 0.00016402947994536627
1 1 12 0.00018595499417346705
1 2 12 0.00011981922421287004
2 1 12 0.00020738981610044204
2 2 12 0.0002534679725849568
1 1 13 0.00012664657684499455
1 2 13 0.00015124480590458252
2 1 13 0.00025554227389728787
2 2 13 0.00022305213802737908
1 1 14 0.00015362729255403526
1 2 14 0.00018399377536543906
2 1 14 0.0003338972625365682
2 2 14 0.00022528011077072903
1 1 15 0.00022613116966948709
1 2 15 0.0001335380247709937
2 1 15 0.00026518883690741237
2 2 15 0.00021628054612620053
1 1 16 0.00020345482030627407
1 2 16 0.00012966056384422188
2 1 16 0.0002725063835170239
2 2 16 0.00025543107085360724
1 1 17 0.0001571406728395489
1 2 17 0.00016493024141422448
2 1 17 0.00030858736795384885
2 2 17 0.000211065714762345
1 1 18 0.0001908598803573372
1 2 18 0.0001729167745103918
2 1 18 0.0002877064470367183
2 2 18 0.00027859344421295656
1 1 19 0.00021004060707379606
1 2 19 0.00019050973083934366
2 1 19 0.00028110090192766477
2 2 19 0.0003056409837592679
1 1 20 0.00017323458705568691
1 2 20 0.00021444311852129348
2 1 20 0.00026489562338506494
2 2 20 0.0003031761999224845
