W: 4.0
num_iter: 0
[-1.02149666 -1.02149666 -1.01067555 -1.01067555 -0.99867266 -0.99867266
 -0.98622231 -0.98622231 -0.9721726  -0.9721726  -0.95703628 -0.95703628
 -0.94095849 -0.94095849 -0.92403764 -0.92403764 -0.90593805 -0.90593805
 -0.88645    -0.88645    -0.86595878 -0.86595878 -0.84410007 -0.84410007
 -0.82085525 -0.82085525 -0.7969633  -0.7969633  -0.77175361 -0.77175361
 -0.74468185 -0.74468185 -0.71671849 -0.71671849 -0.6866867  -0.6866867
 -0.65538531 -0.65538531 -0.62221102 -0.62221102 -0.58784003 -0.58784003
 -0.55044598 -0.55044598 -0.5117129  -0.5117129  -0.47084947 -0.47084947
 -0.428055   -0.428055   -0.38300956 -0.38300956 -0.33581994 -0.33581994
 -0.28664974 -0.28664974 -0.23513175 -0.23513175 -0.18064943 -0.18064943
 -0.12358743 -0.12358743 -0.05661617 -0.05661617  0.0566156   0.0566156
  0.12358688  0.12358688  0.18064744  0.18064744  0.23514409  0.23514409
  0.28665568  0.28665568  0.33582205  0.33582205  0.38300817  0.38300817
  0.42805862  0.42805862  0.47085072  0.47085072  0.51171344  0.51171344
  0.55044448  0.55044448  0.58783972  0.58783972  0.62220909  0.62220909
  0.65538893  0.65538893  0.68668216  0.68668216  0.71671785  0.71671785
  0.74468707  0.74468707  0.7717519   0.7717519   0.79696545  0.79696545
  0.82085817  0.82085817  0.84410336  0.84410336  0.86595041  0.86595041
  0.88644407  0.88644407  0.9059354   0.9059354   0.92403505  0.92403505
  0.94095866  0.94095866  0.95702749  0.95702749  0.97216526  0.97216526
  0.98622367  0.98622367  0.99867295  0.99867295  1.01067815  1.01067815
  1.02150004  1.02150004]
localization_length: 0.5519680467201153
0.5498467062785297
W_list: [4.0]
L_list: [17.59509460091295]
