W: 2.0
num_iter: 0
[-0.62596301 -0.62596301 -0.58198343 -0.58198343 -0.52449356 -0.52449356
 -0.45439189 -0.45439189 -0.37221456 -0.37221456 -0.27572526 -0.27572526
 -0.16408009 -0.16408009 -0.03559702 -0.03559702  0.03559559  0.03559559
  0.16407791  0.16407791  0.27572453  0.27572453  0.37221534  0.37221534
  0.45439164  0.45439164  0.52449598  0.52449598  0.58198459  0.58198459
  0.62596325  0.62596325]
localization_length: 3.511670477974407
3.5403991678909468
W_list: [2.0]
L_list: [28.323193343127574]
