[-2.41421356 -1.         -1.         -0.41421356  0.41421356  1.
  1.          2.41421356]
W: 4.2
num_iter: 0
[-0.94594664 -0.88827466 -0.8194082  -0.73960265 -0.64487662 -0.53254639
 -0.4020793  -0.23977629  0.23977677  0.40207639  0.53255447  0.6448588
  0.73961742  0.81940248  0.88827498  0.94594944]
localization_length: 0.5213192642415851
0.5245438547609891
W_list: [4.2]
L_list: [0.5245438547609891]
[-2.41421356 -1.         -1.         -0.41421356  0.41421356  1.
  1.          2.41421356]
W: 4.2
num_iter: 0
[-0.94699316 -0.88802137 -0.81988781 -0.73905381 -0.64459656 -0.53434475
 -0.40161504 -0.2372538   0.23725441  0.40160578  0.5343593   0.64458773
  0.73905049  0.81988884  0.88803418  0.94698557]
localization_length: 0.5268619499032585
0.5258888428985988
W_list: [4.2]
L_list: [0.5258888428985988]
