W: 3.8
num_iter: 0
[-0.94301132 -0.94301132 -0.92240499 -0.92240499 -0.89741032 -0.89741032
 -0.86823718 -0.86823718 -0.83386144 -0.83386144 -0.79591998 -0.79591998
 -0.75251318 -0.75251318 -0.70471697 -0.70471697 -0.65048956 -0.65048956
 -0.59078833 -0.59078833 -0.52395329 -0.52395329 -0.44950602 -0.44950602
 -0.36805694 -0.36805694 -0.27831573 -0.27831573 -0.18141828 -0.18141828
 -0.06674504 -0.06674504  0.06674356  0.06674356  0.18142509  0.18142509
  0.27831213  0.27831213  0.36805728  0.36805728  0.44950112  0.44950112
  0.52395575  0.52395575  0.59079293  0.59079293  0.65049184  0.65049184
  0.7047155   0.7047155   0.75251332  0.75251332  0.79591896  0.79591896
  0.83385945  0.83385945  0.86824282  0.86824282  0.8974047   0.8974047
  0.92240226  0.92240226  0.94301185  0.94301185]
localization_length: 0.9364198838008994
0.9415258131513374
W_list: [3.8]
L_list: [15.064413010421399]
