W: 3.6
num_iter: 0
[-1.08609113 -1.08609113 -1.0733396  -1.0733396  -1.05912644 -1.05912644
 -1.04399586 -1.04399586 -1.02758074 -1.02758074 -1.01005416 -1.01005416
 -0.99130002 -0.99130002 -0.97117088 -0.97117088 -0.94963843 -0.94963843
 -0.92692013 -0.92692013 -0.90281342 -0.90281342 -0.87791639 -0.87791639
 -0.85152111 -0.85152111 -0.823849   -0.823849   -0.79429624 -0.79429624
 -0.76429296 -0.76429296 -0.73203758 -0.73203758 -0.69896497 -0.69896497
 -0.6643118  -0.6643118  -0.62866041 -0.62866041 -0.59090711 -0.59090711
 -0.55171767 -0.55171767 -0.51098069 -0.51098069 -0.46819684 -0.46819684
 -0.42402352 -0.42402352 -0.37805957 -0.37805957 -0.33029122 -0.33029122
 -0.28026071 -0.28026071 -0.22878264 -0.22878264 -0.17555853 -0.17555853
 -0.1186572  -0.1186572  -0.05273628 -0.05273628  0.05273288  0.05273288
  0.11865744  0.11865744  0.17556429  0.17556429  0.22877947  0.22877947
  0.28026222  0.28026222  0.33028634  0.33028634  0.3780557   0.3780557
  0.42401978  0.42401978  0.4681999   0.4681999   0.51098476  0.51098476
  0.55171642  0.55171642  0.5909012   0.5909012   0.62865105  0.62865105
  0.66430746  0.66430746  0.69896732  0.69896732  0.73203829  0.73203829
  0.76429444  0.76429444  0.79430208  0.79430208  0.82385532  0.82385532
  0.85151925  0.85151925  0.87792179  0.87792179  0.90281099  0.90281099
  0.92692945  0.92692945  0.94963916  0.94963916  0.9711709   0.9711709
  0.99129795  0.99129795  1.01005052  1.01005052  1.02757999  1.02757999
  1.04399428  1.04399428  1.05912854  1.05912854  1.07334347  1.07334347
  1.08609059  1.08609059]
localization_length: 0.5926094248476681
0.5860489708280938
W_list: [3.6]
L_list: [18.753567066499002]
