W: 3.2
num_iter: 0
[-0.89247796 -0.89247796 -0.86992664 -0.86992664 -0.84262681 -0.84262681
 -0.81035558 -0.81035558 -0.77399216 -0.77399216 -0.73260447 -0.73260447
 -0.68689337 -0.68689337 -0.6366774  -0.6366774  -0.58173128 -0.58173128
 -0.52224446 -0.52224446 -0.45695586 -0.45695586 -0.38551267 -0.38551267
 -0.30943578 -0.30943578 -0.22759172 -0.22759172 -0.14035528 -0.14035528
 -0.04152854 -0.04152854  0.04152788  0.04152788  0.14034978  0.14034978
  0.22759374  0.22759374  0.30943543  0.30943543  0.38551389  0.38551389
  0.45695267  0.45695267  0.52224565  0.52224565  0.58173558  0.58173558
  0.63667818  0.63667818  0.68688936  0.68688936  0.73260588  0.73260588
  0.77398832  0.77398832  0.81035809  0.81035809  0.84263345  0.84263345
  0.86992437  0.86992437  0.89247773  0.89247773]
localization_length: 1.505013081085785
1.5036953252045757
W_list: [3.2]
L_list: [24.05912520327321]
