Norm difference: 1.0
Norm difference: 1.0
1 1
1 2
2 1
2 2
1 1
1 2
2 1
2 2
1 1
1 2
2 1
2 2
1 1
1 2
2 1
2 2
1 1
1 2
2 1
2 2
1 1
1 2
2 1
2 2
1 1
1 2
2 1
2 2
1 1
1 2
2 1
2 2
1 1
1 2
2 1
2 2
1 1
1 2
2 1
2 2
1 1
1 2
2 1
2 2
1 1
1 2
2 1
2 2
1 1
1 2
2 1
2 2
1 1
1 2
2 1
2 2
1 1
1 2
2 1
2 2
1 1
1 2
2 1
2 2
1 1
1 2
2 1
2 2
1 1
1 2
2 1
2 2
1 1
1 2
2 1
2 2
1 1
1 2
2 1
2 2
1 1 1 0.000340630919387111
1 2 1 0.0004608254475806111
2 1 1 0.0005932609611612379
2 2 1 0.0003478106371293456
1 1 2 0.00035611532277028663
1 2 2 0.00043469894445080935
2 1 2 0.0005223958400085161
2 2 2 0.00046492091503167675
1 1 3 0.0006407434676463499
1 2 3 0.00044837067187410785
2 1 3 0.0003587388923281433
2 2 3 0.00047665998385803805
1 1 4 0.0004579217705045043
1 2 4 0.0003069657404726683
2 1 4 0.0003558711413723205
2 2 4 0.0004148076300206577
1 1 5 0.0003697440583226586
1 2 5 0.0004648035471690546
2 1 5 0.000468392705955936
2 2 5 0.00042086754910932166
1 1 6 0.00041052886998222093
1 2 6 0.0004575363603222266
2 1 6 0.00038886891188780507
2 2 6 0.00040472014179583653
1 1 7 0.0005278356985661389
1 2 7 0.0004964711509490307
2 1 7 0.0005846574421773921
2 2 7 0.000493706506048604
1 1 8 0.0004707519942088121
1 2 8 0.0005465610128676197
2 1 8 0.0004604697988501506
2 2 8 0.0003770435309707337
1 1 9 0.0005530082253553043
1 2 9 0.000421664324900558
2 1 9 0.00031846742349631366
2 2 9 0.00045249624363776636
1 1 10 0.000521701880400072
1 2 10 0.0004201095060055801
2 1 10 0.00043818280329453957
2 2 10 0.00047484191264804773
1 1 11 0.0004091484085209657
1 2 11 0.00035288900122239697
2 1 11 0.0005679204507214324
2 2 11 0.00042525227921180254
1 1 12 0.0004230893888724126
1 2 12 0.00032626990799734324
2 1 12 0.0005273347243735149
2 2 12 0.00041232131699545804
1 1 13 0.0005410867629773143
1 2 13 0.00047664353054887394
2 1 13 0.00042081450243794134
2 2 13 0.0003868381317786966
1 1 14 0.0004384714756065132
1 2 14 0.0005106561836883117
2 1 14 0.00040425751872696
2 2 14 0.00042506667832029434
1 1 15 0.0002581878894297396
1 2 15 0.00036552438722549027
2 1 15 0.00038910216162956694
2 2 15 0.00042067686593915044
1 1 16 0.0003136183260023837
1 2 16 0.000417511280652233
2 1 16 0.0003051190961151244
2 2 16 0.0004850958552546124
1 1 17 0.00048581801816019845
1 2 17 0.00031570011774820244
2 1 17 0.0005134334252363562
2 2 17 0.0003476838029971236
1 1 18 0.00021595381502815652
1 2 18 0.0004093175055108284
2 1 18 0.00037232902954662027
2 2 18 0.00042016967392952316
1 1 19 0.0005452354981844785
1 2 19 0.0005092556453917475
2 1 19 0.0005182739541128641
2 2 19 0.0005725324182167393
1 1 20 0.0004979623798518569
1 2 20 0.00040403816903914066
2 1 20 0.0005951872560771197
2 2 20 0.0005385129228664053
