W: 4.2
num_iter: 0
[-1.00845713 -1.00845713 -0.98681634 -0.98681634 -0.9616065  -0.9616065
 -0.93168201 -0.93168201 -0.89794484 -0.89794484 -0.85947736 -0.85947736
 -0.8164836  -0.8164836  -0.76772205 -0.76772205 -0.71331603 -0.71331603
 -0.65230436 -0.65230436 -0.58373615 -0.58373615 -0.50667403 -0.50667403
 -0.42033672 -0.42033672 -0.32565476 -0.32565476 -0.21956065 -0.21956065
 -0.09304905 -0.09304905  0.09304798  0.09304798  0.21955704  0.21955704
  0.3256503   0.3256503   0.42033838  0.42033838  0.50668266  0.50668266
  0.58373325  0.58373325  0.65230588  0.65230588  0.71331597  0.71331597
  0.76771629  0.76771629  0.81648613  0.81648613  0.85947716  0.85947716
  0.89794561  0.89794561  0.93168078  0.93168078  0.96160891  0.96160891
  0.98681649  0.98681649  1.00845875  1.00845875]
localization_length: 0.671696508726807
0.6732846643589123
W_list: [4.2]
L_list: [10.772554629742597]
