Norm difference: 1.0
Norm difference: 1.0
1 1
1 2
2 1
2 2
1 1
1 2
2 1
2 2
1 1
1 2
2 1
2 2
1 1
1 2
2 1
2 2
1 1
1 2
2 1
2 2
1 1
1 2
2 1
2 2
1 1
1 2
2 1
2 2
1 1
1 2
2 1
2 2
1 1
1 2
2 1
2 2
1 1
1 2
2 1
2 2
1 1
1 2
2 1
2 2
1 1
1 2
2 1
2 2
1 1
1 2
2 1
2 2
1 1
1 2
2 1
2 2
1 1
1 2
2 1
2 2
1 1
1 2
2 1
2 2
1 1
1 2
2 1
2 2
1 1
1 2
2 1
2 2
1 1
1 2
2 1
2 2
1 1
1 2
2 1
2 2
1 1 1 0.004575297975503561
1 2 1 0.0062623768092749735
2 1 1 0.006503763593958582
2 2 1 0.005698055706789567
1 1 2 0.004528849948165885
1 2 2 0.004768334462606048
2 1 2 0.003894727987460762
2 2 2 0.005264573141364139
1 1 3 0.0035693510722392247
1 2 3 0.0036563537209000595
2 1 3 0.0036270643452288947
2 2 3 0.003659510546904235
1 1 4 0.00300807624781453
1 2 4 0.0038790791662642867
2 1 4 0.0030470983442730114
2 2 4 0.0028225352105613623
1 1 5 0.0034350553561596983
1 2 5 0.0031900616553785428
2 1 5 0.0026006687724721804
2 2 5 0.0045367826352381724
1 1 6 0.0032726788972255254
1 2 6 0.003301540701434355
2 1 6 0.0032558452607852487
2 2 6 0.0035855622393387242
1 1 7 0.002990654347053652
1 2 7 0.004105545149492082
2 1 7 0.004743778876038605
2 2 7 0.0026723781185149123
1 1 8 0.003494131887127462
1 2 8 0.003964886024165943
2 1 8 0.003344223004556693
2 2 8 0.003136103919416603
1 1 9 0.0041783844291880395
1 2 9 0.0032753524133053618
2 1 9 0.003150425655235392
2 2 9 0.0045000066836784385
1 1 10 0.0028894901342909744
1 2 10 0.002866592833669931
2 1 10 0.003307510618102507
2 2 10 0.004454812777611952
1 1 11 0.002842175590887127
1 2 11 0.00334879929184454
2 1 11 0.0033784062186031603
2 2 11 0.0031021450269772106
1 1 12 0.0027934138239098954
1 2 12 0.003073438899938841
2 1 12 0.0032965939405377952
2 2 12 0.0022449541877810016
1 1 13 0.002144713263647767
1 2 13 0.0029775880185459727
2 1 13 0.002661598033602842
2 2 13 0.0033124314200425574
1 1 14 0.0028411290733054645
1 2 14 0.003434547286981009
2 1 14 0.0023165770449133484
2 2 14 0.0048012247412627254
1 1 15 0.0029084192939797166
1 2 15 0.00396279603005893
2 1 15 0.003392709788055686
2 2 15 0.004012718562301511
1 1 16 0.0034110156956090715
1 2 16 0.004459922057653437
2 1 16 0.003839807677299163
2 2 16 0.004392610283194882
1 1 17 0.0038611340125002413
1 2 17 0.0029313460033328813
2 1 17 0.004022681455964326
2 2 17 0.004585777405758287
1 1 18 0.0026315934771101125
1 2 18 0.003379231807215703
2 1 18 0.00443392135104316
2 2 18 0.003818295149978424
1 1 19 0.0027435684466397014
1 2 19 0.003786549572901755
2 1 19 0.0032624015727917037
2 2 19 0.003439586832596551
1 1 20 0.0034456421792757623
1 2 20 0.002724270136162808
2 1 20 0.0030837670608696317
2 2 20 0.0036209182615044738
