Norm difference: 1.0
Norm difference: 1.0
1 1
1 2
2 1
2 2
1 1
1 2
2 1
2 2
1 1
1 2
2 1
2 2
1 1
1 2
2 1
2 2
1 1
1 2
2 1
2 2
1 1
1 2
2 1
2 2
1 1
1 2
2 1
2 2
1 1
1 2
2 1
2 2
1 1
1 2
2 1
2 2
1 1
1 2
2 1
2 2
1 1
1 2
2 1
2 2
1 1
1 2
2 1
2 2
1 1
1 2
2 1
2 2
1 1
1 2
2 1
2 2
1 1
1 2
2 1
2 2
1 1
1 2
2 1
2 2
1 1
1 2
2 1
2 2
1 1
1 2
2 1
2 2
1 1
1 2
2 1
2 2
1 1
1 2
2 1
2 2
1 1 1 0.011032607922436162
1 2 1 0.013211852536376476
2 1 1 0.013519816992878835
2 2 1 0.013375305445265767
1 1 2 0.013662102094801004
1 2 2 0.008723021398439387
2 1 2 0.012348659128273
2 2 2 0.013214260783870713
1 1 3 0.01004783109250001
1 2 3 0.0104304001092348
2 1 3 0.01271438881795319
2 2 3 0.013363418984114505
1 1 4 0.01181354652166067
1 2 4 0.011815734864751423
2 1 4 0.011716839268241745
2 2 4 0.011347226383937096
1 1 5 0.009863831016964236
1 2 5 0.010096449535395539
2 1 5 0.012377329261177187
2 2 5 0.012397534913517744
1 1 6 0.010100256403590907
1 2 6 0.010032794879640351
2 1 6 0.011820384394475362
2 2 6 0.012655374381254034
1 1 7 0.00913032913074335
1 2 7 0.011265781342105511
2 1 7 0.010446039035768106
2 2 7 0.010422892009301164
1 1 8 0.007098500770016945
1 2 8 0.00905166187947189
2 1 8 0.010168449159432626
2 2 8 0.011290082980764272
1 1 9 0.009376439265251212
1 2 9 0.008431747493096641
2 1 9 0.009430470563361559
2 2 9 0.009475664378591086
1 1 10 0.006943423202295254
1 2 10 0.007826700753395031
2 1 10 0.009106819864699864
2 2 10 0.007732215600591619
1 1 11 0.008918082469684532
1 2 11 0.006468266466540787
2 1 11 0.008154303697457673
2 2 11 0.008061221822642269
1 1 12 0.0060866280959710126
1 2 12 0.006031539954294834
2 1 12 0.007320722471111013
2 2 12 0.00747511229777466
1 1 13 0.006820844426851135
1 2 13 0.0064367197740951825
2 1 13 0.006360004631867339
2 2 13 0.006077130726006715
1 1 14 0.0052247389939713935
1 2 14 0.004919331755840536
2 1 14 0.006924471904817079
2 2 14 0.007138028550699569
1 1 15 0.005997790426753668
1 2 15 0.005820263672237756
2 1 15 0.005458921722689485
2 2 15 0.005750250744198235
1 1 16 0.005315251764120477
1 2 16 0.004816677224909871
2 1 16 0.006041565363643294
2 2 16 0.005597653316955615
1 1 17 0.00437986800685191
1 2 17 0.004902421308952394
2 1 17 0.00599356005188075
2 2 17 0.005426844285631491
1 1 18 0.005174615866150494
1 2 18 0.004352748495929336
2 1 18 0.005215225205145384
2 2 18 0.004076961672289034
1 1 19 0.004581090280310988
1 2 19 0.0045696946816078925
2 1 19 0.005598189980587717
2 2 19 0.0053364025505644
1 1 20 0.004187448229302513
1 2 20 0.00364910354746783
2 1 20 0.004565987937729854
2 2 20 0.0038840115221015574
