Norm difference: 1.0
Norm difference: 1.0
1 1
1 2
1 3
2 1
2 2
2 3
3 1
3 2
3 3
1 1
1 2
1 3
2 1
2 2
2 3
3 1
3 2
3 3
1 1
1 2
1 3
2 1
2 2
2 3
3 1
3 2
3 3
1 1
1 2
1 3
2 1
2 2
2 3
3 1
3 2
3 3
1 1
1 2
1 3
2 1
2 2
2 3
3 1
3 2
3 3
1 1
1 2
1 3
2 1
2 2
2 3
3 1
3 2
3 3
1 1
1 2
1 3
2 1
2 2
2 3
3 1
3 2
3 3
1 1
1 2
1 3
2 1
2 2
2 3
3 1
3 2
3 3
1 1
1 2
1 3
2 1
2 2
2 3
3 1
3 2
3 3
1 1
1 2
1 3
2 1
2 2
2 3
3 1
3 2
3 3
1 1
1 2
1 3
2 1
2 2
2 3
3 1
3 2
3 3
1 1
1 2
1 3
2 1
2 2
2 3
3 1
3 2
3 3
1 1
1 2
1 3
2 1
2 2
2 3
3 1
3 2
3 3
1 1
1 2
1 3
2 1
2 2
2 3
3 1
3 2
3 3
1 1
1 2
1 3
2 1
2 2
2 3
3 1
3 2
3 3
1 1
1 2
1 3
2 1
2 2
2 3
3 1
3 2
3 3
1 1
1 2
1 3
2 1
2 2
2 3
3 1
3 2
3 3
1 1
1 2
1 3
2 1
2 2
2 3
3 1
3 2
3 3
1 1
1 2
1 3
2 1
2 2
2 3
3 1
3 2
3 3
1 1
1 2
1 3
2 1
2 2
2 3
3 1
3 2
3 3
1 1 1 0.0033240220097189464
1 2 1 0.0031978100240551656
1 3 1 0.002493292990312843
2 1 1 0.0028921834155856297
2 2 1 0.003052429331673484
2 3 1 0.003345867176125289
3 1 1 0.004187769684775506
3 2 1 0.004514553990859692
3 3 1 0.004009850348707228
1 1 2 0.003105108994027436
1 2 2 0.0025178606871009883
1 3 2 0.003054306747077343
2 1 2 0.003942826133243489
2 2 2 0.0034648901705201193
2 3 2 0.0035827350252233487
3 1 2 0.0037050921107313456
3 2 2 0.004637241488281409
3 3 2 0.003374588225614513
1 1 3 0.00249954081627943
1 2 3 0.0029411722227659066
1 3 3 0.003999761529696923
2 1 3 0.003469934023215799
2 2 3 0.003432672721978411
2 3 3 0.004092699445271309
3 1 3 0.004200674534215719
3 2 3 0.003497407988031382
3 3 3 0.003708379621751205
1 1 4 0.003055854969969607
1 2 4 0.0027416797031984664
1 3 4 0.004348847570815152
2 1 4 0.003918248125907441
2 2 4 0.003015067670043447
2 3 4 0.00345046102047541
3 1 4 0.0043069616380077835
3 2 4 0.003998650713404578
3 3 4 0.0033978754763210606
1 1 5 0.003960712418069006
1 2 5 0.004209600923769997
1 3 5 0.004097870621218544
2 1 5 0.003479121014636237
2 2 5 0.0032905367317824655
2 3 5 0.004065652042145299
3 1 5 0.005095043612275305
3 2 5 0.004832730447309761
3 3 5 0.0045285815123809635
1 1 6 0.003599087097514178
1 2 6 0.002937892008893348
1 3 6 0.0038548122410739737
2 1 6 0.003104118136629951
2 2 6 0.001927322841666117
2 3 6 0.004214560878110679
3 1 6 0.004287001088432717
3 2 6 0.0037243839795517873
3 3 6 0.004503969447192605
1 1 7 0.004053937263327903
1 2 7 0.0030728493095961346
1 3 7 0.0047133722711512685
2 1 7 0.0027297167442280157
2 2 7 0.0030672068491897934
2 3 7 0.0035303585119296947
3 1 7 0.004064585396570517
3 2 7 0.004097513146658007
3 3 7 0.0053017691918736355
1 1 8 0.004260270911824616
1 2 8 0.0041681167029208495
1 3 8 0.004160119514547757
2 1 8 0.0038475963771856816
2 2 8 0.002816708311410953
2 3 8 0.003880741491680658
3 1 8 0.003718378120611389
3 2 8 0.003990262320263481
3 3 8 0.005122869893396527
1 1 9 0.004157156710584901
1 2 9 0.003440568547058105
1 3 9 0.003841611908698796
2 1 9 0.003043355288795219
2 2 9 0.003135914059839801
2 3 9 0.003699823337469586
3 1 9 0.004491597173153291
3 2 9 0.003712480285329697
3 3 9 0.005818972356988384
1 1 10 0.0037946169984877155
1 2 10 0.0031426947683678456
1 3 10 0.0030774364910448456
2 1 10 0.0034371272105768293
2 2 10 0.0027967531929009035
2 3 10 0.0032399827087488966
3 1 10 0.004214369671726562
3 2 10 0.004003664476258268
3 3 10 0.0036374803393661287
1 1 11 0.0026371925171678667
1 2 11 0.003034745069392791
1 3 11 0.003427178684826954
2 1 11 0.0021440100804084837
2 2 11 0.002951637089952587
2 3 11 0.002948431619776292
3 1 11 0.003989682495135751
3 2 11 0.002964835619180212
3 3 11 0.0035418705502299223
1 1 12 0.0023608020352519016
1 2 12 0.0028667131929400965
1 3 12 0.004629040688541289
2 1 12 0.0026600203943154253
2 2 12 0.0023457687860235156
2 3 12 0.0025689216290392574
3 1 12 0.0034032007872769757
3 2 12 0.0038784193580773145
3 3 12 0.004748505309803084
1 1 13 0.0029136779702346473
1 2 13 0.0027144815053496145
1 3 13 0.0031612088967638077
2 1 13 0.0028739832574798006
2 2 13 0.0024281604742284416
2 3 13 0.0029821199955386126
3 1 13 0.003380106379158576
3 2 13 0.0036425681031781927
3 3 13 0.003931093533693599
1 1 14 0.002981762065686082
1 2 14 0.0027864915512096832
1 3 14 0.0036950444474523002
2 1 14 0.002550273443894024
2 2 14 0.002260752831476012
2 3 14 0.0024944744224062896
3 1 14 0.003900292530790571
3 2 14 0.002439574414728347
3 3 14 0.0036745107712474593
1 1 15 0.0030974246779725046
1 2 15 0.0032976460108599115
1 3 15 0.0038429818882801782
2 1 15 0.0023154338561737577
2 2 15 0.00247915677721798
2 3 15 0.002529642664699613
3 1 15 0.003131170418152593
3 2 15 0.003491050049663327
3 3 15 0.005179812387855277
1 1 16 0.0032404661643335372
1 2 16 0.002877045431529733
1 3 16 0.0031284535969576923
2 1 16 0.0020922249979631246
2 2 16 0.0025277640367004075
2 3 16 0.002659221881932309
3 1 16 0.0039056998528506776
3 2 16 0.0029716609497898866
3 3 16 0.004157971905239198
1 1 17 0.003354104243315352
1 2 17 0.002318065699953664
1 3 17 0.003258996462086146
2 1 17 0.002602898451505396
2 2 17 0.0018024391464069073
2 3 17 0.0022031205278042892
3 1 17 0.003327692045687139
3 2 17 0.0030967470362652572
3 3 17 0.004111695953090961
1 1 18 0.0025351172852733483
1 2 18 0.0027675773070724163
1 3 18 0.003536804098555579
2 1 18 0.002242585050515811
2 2 18 0.0025735292115534776
2 3 18 0.0028216375415208933
3 1 18 0.0027732262029385186
3 2 18 0.0029067121715979877
3 3 18 0.003940826533535714
1 1 19 0.0025313752637622293
1 2 19 0.002187518897235584
1 3 19 0.003307201403091334
2 1 19 0.0018180136989050543
2 2 19 0.00208417429571191
2 3 19 0.002619768773870838
3 1 19 0.0027396737981182167
3 2 19 0.0031894083442736117
3 3 19 0.002777856622860386
1 1 20 0.0020874670416030725
1 2 20 0.0018398973678748006
1 3 20 0.002834435372226194
2 1 20 0.0023640984797288537
2 2 20 0.0015180181067206535
2 3 20 0.002205352344512054
3 1 20 0.002341184381565078
3 2 20 0.0027629206949177617
3 3 20 0.002472311693306659
