W: 2.8
num_iter: 0
[-1.19168388 -1.19168388 -1.12883389 -1.12883389 -1.03580115 -1.03580115
 -0.90803228 -0.90803228 -0.74688998 -0.74688998 -0.56020558 -0.56020558
 -0.3599077  -0.3599077  -0.13123522 -0.13123522  0.13123571  0.13123571
  0.35990782  0.35990782  0.5602019   0.5602019   0.74689161  0.74689161
  0.90803666  0.90803666  1.03579977  1.03579977  1.12883369  1.12883369
  1.1916825   1.1916825 ]
localization_length: 0.9524881909413858
0.9518141604386747
W_list: [2.8]
L_list: [7.614513283509398]
