Norm difference: 1.0
Norm difference: 1.0
1 1
1 2
1 3
2 1
2 2
2 3
3 1
3 2
3 3
1 1
1 2
1 3
2 1
2 2
2 3
3 1
3 2
3 3
1 1
1 2
1 3
2 1
2 2
2 3
3 1
3 2
3 3
1 1
1 2
1 3
2 1
2 2
2 3
3 1
3 2
3 3
1 1
1 2
1 3
2 1
2 2
2 3
3 1
3 2
3 3
1 1
1 2
1 3
2 1
2 2
2 3
3 1
3 2
3 3
1 1
1 2
1 3
2 1
2 2
2 3
3 1
3 2
3 3
1 1
1 2
1 3
2 1
2 2
2 3
3 1
3 2
3 3
1 1
1 2
1 3
2 1
2 2
2 3
3 1
3 2
3 3
1 1
1 2
1 3
2 1
2 2
2 3
3 1
3 2
3 3
1 1
1 2
1 3
2 1
2 2
2 3
3 1
3 2
3 3
1 1
1 2
1 3
2 1
2 2
2 3
3 1
3 2
3 3
1 1
1 2
1 3
2 1
2 2
2 3
3 1
3 2
3 3
1 1
1 2
1 3
2 1
2 2
2 3
3 1
3 2
3 3
1 1
1 2
1 3
2 1
2 2
2 3
3 1
3 2
3 3
1 1
1 2
1 3
2 1
2 2
2 3
3 1
3 2
3 3
1 1
1 2
1 3
2 1
2 2
2 3
3 1
3 2
3 3
1 1
1 2
1 3
2 1
2 2
2 3
3 1
3 2
3 3
1 1
1 2
1 3
2 1
2 2
2 3
3 1
3 2
3 3
1 1
1 2
1 3
2 1
2 2
2 3
3 1
3 2
3 3
1 1 1 0.0006788727656920762
1 2 1 0.0006289942861836122
1 3 1 0.0002790468316595159
2 1 1 0.000924485539539073
2 2 1 0.0007275742724222156
2 3 1 0.0004914969393063177
3 1 1 0.0004979413385727742
3 2 1 0.0006171091461252741
3 3 1 0.0004999733294223805
1 1 2 0.0008057656948237835
1 2 2 0.0007880448196479694
1 3 2 0.0005386649721104283
2 1 2 0.0009677471647224791
2 2 2 0.0006180597295913229
2 3 2 0.00033309089736038627
3 1 2 0.0005606575211196397
3 2 2 0.0007098044828344993
3 3 2 0.00033681518376775554
1 1 3 0.0007488481962349511
1 2 3 0.0007893223846265682
1 3 3 0.0004090576741746511
2 1 3 0.0010430947391026064
2 2 3 0.0009006599226125192
2 3 3 0.0003358737031136694
3 1 3 0.0008802757191897402
3 2 3 0.0005937874222314398
3 3 3 0.0002626015990624199
1 1 4 0.0004964259737089266
1 2 4 0.000703877340445451
1 3 4 0.0006883980026757284
2 1 4 0.0008787566077435368
2 2 4 0.0008790543144874517
2 3 4 0.0004128967807912333
3 1 4 0.0007210075509460325
3 2 4 0.0004679180556235287
3 3 4 0.0002718788449335303
1 1 5 0.0005945559044899946
1 2 5 0.0005394670365901493
1 3 5 0.0005528533891240651
2 1 5 0.0007409132295499291
2 2 5 0.000745304762024148
2 3 5 0.0006548180678703734
3 1 5 0.0006737801001748531
3 2 5 0.0005625607948342779
3 3 5 0.00038088436942470145
1 1 6 0.0005984331296566136
1 2 6 0.00042509172798583795
1 3 6 0.00033285302341448306
2 1 6 0.0004966368976547668
2 2 6 0.000534303694655275
2 3 6 0.0006717785643163793
3 1 6 0.0005372018940030171
3 2 6 0.0005839905734380153
3 3 6 0.00041477904296654855
1 1 7 0.0007052033068188649
1 2 7 0.0005950245853157554
1 3 7 0.00044086903367441513
2 1 7 0.0005174259339232573
2 2 7 0.0006041291016812527
2 3 7 0.0004949743012967817
3 1 7 0.00040790817234873653
3 2 7 0.00044598479539441317
3 3 7 0.0004432957254447372
1 1 8 0.000500569522646572
1 2 8 0.0006574174506859553
1 3 8 0.00025764325030840443
2 1 8 0.0005219995407952684
2 2 8 0.000532338451426738
2 3 8 0.0005131877904373518
3 1 8 0.00039087813631742
3 2 8 0.00035072220555571924
3 3 8 0.00046188274982236473
1 1 9 0.0006750161287403472
1 2 9 0.0006130178178602527
1 3 9 0.000383804058831576
2 1 9 0.0005758009591969783
2 2 9 0.0005851663611966981
2 3 9 0.00034861869252446364
3 1 9 0.00032983830665344065
3 2 9 0.0003485888224748467
3 3 9 0.0002814041847784135
1 1 10 0.0005438351733281565
1 2 10 0.0005485798742643291
1 3 10 0.0006701418952972111
2 1 10 0.0006119230821774476
2 2 10 0.0005940475471253209
2 3 10 0.00034256610509331294
3 1 10 0.0004461511065436983
3 2 10 0.00041043885949481153
3 3 10 0.00029807972531120327
1 1 11 0.0010182022546249407
1 2 11 0.000825476443020438
1 3 11 0.0005688667020258281
2 1 11 0.0008305256329098086
2 2 11 0.0007848419066369032
2 3 11 0.0005451360119227333
3 1 11 0.0003487945196972635
3 2 11 0.00045453253050814214
3 3 11 0.0003400711238602676
1 1 12 0.0007383545606617721
1 2 12 0.0013377104929069364
1 3 12 0.0007641983384602951
2 1 12 0.0010663151871909153
2 2 12 0.001046138059364606
2 3 12 0.0007256881361628333
3 1 12 0.0006470902751661211
3 2 12 0.0005609127391341388
3 3 12 0.0002929110020155205
1 1 13 0.000484011388047865
1 2 13 0.0006849250380477009
1 3 13 0.00037684327834013005
2 1 13 0.000985214464166799
2 2 13 0.0013855166885383338
2 3 13 0.0007856256700694978
3 1 13 0.0005510345494644945
3 2 13 0.0007281808149197828
3 3 13 0.0005371101752019647
1 1 14 0.0007202568600468502
1 2 14 0.0008812075444990604
1 3 14 0.0010323296735572605
2 1 14 0.0006599843486755073
2 2 14 0.001106654650044848
2 3 14 0.0007971174881686169
3 1 14 0.000714502106683027
3 2 14 0.0006607639570518927
3 3 14 0.00040426654218428447
1 1 15 0.0009577631639396145
1 2 15 0.0006462087256895199
1 3 15 0.0008272846537891513
2 1 15 0.0009253368907218521
2 2 15 0.001009982591762355
2 3 15 0.0010654779751710025
3 1 15 0.0006844486317357995
3 2 15 0.0010216588916918323
3 3 15 0.0007484461670031058
1 1 16 0.0005975970526189416
1 2 16 0.0014230812031114763
1 3 16 0.0009025760587050461
2 1 16 0.000921018551737524
2 2 16 0.0011032924465000738
2 3 16 0.0011908924800728012
3 1 16 0.0005669254651617828
3 2 16 0.0006713421358166392
3 3 16 0.0005397134076330952
1 1 17 0.0007775567129307465
1 2 17 0.0013020253163836442
1 3 17 0.0014409995771175674
2 1 17 0.0007532544786116879
2 2 17 0.0013906877959519337
2 3 17 0.0011656236114393564
3 1 17 0.0004867216536761189
3 2 17 0.0008629455775586729
3 3 17 0.0008453768422283677
1 1 18 0.00046246681087611487
1 2 18 0.001049827387141487
1 3 18 0.0023060530461014852
2 1 18 0.0005740252299241942
2 2 18 0.001415992853865096
2 3 18 0.0018777549517786352
3 1 18 0.0006928141545780867
3 2 18 0.000705497701139004
3 3 18 0.0009300143189140402
1 1 19 0.0008459898313096575
1 2 19 0.0015063463526539423
1 3 19 0.0009513192537987005
2 1 19 0.0007692221122403018
2 2 19 0.001305229909108206
2 3 19 0.0023243442361304827
3 1 19 0.00040541324069210923
3 2 19 0.0010077882367175211
3 3 19 0.0012817420475738253
1 1 20 0.0011611954877268225
1 2 20 0.0011202084881532476
1 3 20 0.0015281606806360677
2 1 20 0.0009632786831102879
2 2 20 0.001694017273896134
2 3 20 0.001796640234408582
3 1 20 0.0005582049362779896
3 2 20 0.001085787333907897
3 3 20 0.0010057863148746633
