C_list:
0.0007027577314158075 0.22274051982650628
C_list:
0.0005868173049961791 0.22570441634121993
C_list:
0.0006078524569100872 0.25314436024009146
C_list:
0.0006719700548440416 0.26428339016710106
C_list:
0.0007195963376589496 0.27985037178067335
C_list:
0.0006512458767242638 0.28300176947231365
ndim2: 60
W_list: [2.3, 2.4, 2.5, 2.5999999999999996, 2.6999999999999997, 2.8]
L_list: [4.489528895680522, 4.430573473973146, 3.9503151444952715, 3.7838170585284234, 3.5733381150686063, 3.5335468109072408]
C_list:
0.0005788711921731159 0.15533156050371622
C_list:
0.0005961084854511231 0.1635290665529461
C_list:
0.0005205898018752592 0.17789594580891163
C_list:
0.0005737634576967935 0.1934404764986782
C_list:
0.0005821392330707644 0.21463094496721755
C_list:
0.0005503303329366947 0.21791040114685645
ndim2: 60
W_list: [2.3, 2.4, 2.5, 2.5999999999999996, 2.6999999999999997, 2.8]
L_list: [6.437841715857066, 6.115120822732931, 5.621263573224756, 5.169548887080172, 4.65916040276829, 4.589042077555855]
C_list:
0.0005389521848340494 0.1327082796250615
C_list:
0.0005409667262234089 0.1488557929050142
C_list:
0.0005632125255205159 0.15367390762415234
C_list:
0.0005360800797896149 0.17068576430680285
C_list:
0.0005187132037180471 0.17236869690447137
C_list:
0.0005268774476077615 0.18769774294930067
ndim2: 60
W_list: [2.3, 2.4, 2.5, 2.5999999999999996, 2.6999999999999997, 2.8]
L_list: [7.53532487065075, 6.717911211141821, 6.507285559795538, 5.858719407920441, 5.801517433030262, 5.327714570708032]
