Norm difference: 1.0
Norm difference: 1.0
1 1
1 2
2 1
2 2
1 1
1 2
2 1
2 2
1 1
1 2
2 1
2 2
1 1
1 2
2 1
2 2
1 1
1 2
2 1
2 2
1 1
1 2
2 1
2 2
1 1
1 2
2 1
2 2
1 1
1 2
2 1
2 2
1 1
1 2
2 1
2 2
1 1
1 2
2 1
2 2
1 1
1 2
2 1
2 2
1 1
1 2
2 1
2 2
1 1
1 2
2 1
2 2
1 1
1 2
2 1
2 2
1 1
1 2
2 1
2 2
1 1
1 2
2 1
2 2
1 1
1 2
2 1
2 2
1 1
1 2
2 1
2 2
1 1
1 2
2 1
2 2
1 1
1 2
2 1
2 2
1 1 1 0.000197626321213977
1 2 1 0.0002560049085445461
2 1 1 0.000276029980450513
2 2 1 0.00023088248045075727
1 1 2 0.000247196823814285
1 2 2 0.00022199704605685636
2 1 2 0.00024775062537897325
2 2 2 0.00033336957714343
1 1 3 0.0002331364260410018
1 2 3 0.00021465927662174186
2 1 3 0.00025621185341810756
2 2 3 0.00027111658058415346
1 1 4 0.00015557309536017627
1 2 4 0.000282374326504864
2 1 4 0.0002500692734895607
2 2 4 0.0003475799045234033
1 1 5 0.00019147489124601028
1 2 5 0.00028583039369402453
2 1 5 0.00029814413120580303
2 2 5 0.00033368732689119656
1 1 6 0.0002832939033074367
1 2 6 0.0002472351255344761
2 1 6 0.0003291254244291527
2 2 6 0.0003146977757320598
1 1 7 0.00028135497074070114
1 2 7 0.0002683485119092135
2 1 7 0.00031072489753045156
2 2 7 0.00037207306632738065
1 1 8 0.00020625495892344028
1 2 8 0.00027296934259988506
2 1 8 0.00030887343835407416
2 2 8 0.0003510844960791828
1 1 9 0.00017612944511542647
1 2 9 0.00027193781372961454
2 1 9 0.0002876481801571488
2 2 9 0.0003675354811400608
1 1 10 0.0002895903742402634
1 2 10 0.00025794197468175786
2 1 10 0.0002753851781832863
2 2 10 0.0003230477280164117
1 1 11 0.000297698608012537
1 2 11 0.00021199978213067095
2 1 11 0.0002682586801608888
2 2 11 0.00029266981666256213
1 1 12 0.0002033941556129655
1 2 12 0.000286866032990601
2 1 12 0.00030943344166032714
2 2 12 0.0002786599735004689
1 1 13 0.00017926851119769383
1 2 13 0.000249873053725809
2 1 13 0.0002650952281513498
2 2 13 0.0002592819986195926
1 1 14 0.0002530449226485281
1 2 14 0.00020426972762611754
2 1 14 0.0002599519458988789
2 2 14 0.0003125919497554685
1 1 15 0.00023127843074978476
1 2 15 0.00021827923618641232
2 1 15 0.00020481762235803792
2 2 15 0.0002334982744564288
1 1 16 0.0002220058941649818
1 2 16 0.00024511419572468716
2 1 16 0.0002837233971448904
2 2 16 0.0002813825688149046
1 1 17 0.00024084848697824212
1 2 17 0.00021208104839215932
2 1 17 0.0003185288318221415
2 2 17 0.00028637046196552794
1 1 18 0.0002913958726344991
1 2 18 0.0002899588143131537
2 1 18 0.0002691455428969912
2 2 18 0.0003226201190619503
1 1 19 0.0002680414571014045
1 2 19 0.00028882701199846187
2 1 19 0.00028834879115965424
2 2 19 0.00025056690541365136
1 1 20 0.00021784458818076396
1 2 20 0.0002286042647168154
2 1 20 0.0003330453829226568
2 2 20 0.00023764940767834983
