Norm difference: 1.0
Norm difference: 1.0
1 1
1 2
2 1
2 2
1 1
1 2
2 1
2 2
1 1
1 2
2 1
2 2
1 1
1 2
2 1
2 2
1 1
1 2
2 1
2 2
1 1
1 2
2 1
2 2
1 1
1 2
2 1
2 2
1 1
1 2
2 1
2 2
1 1
1 2
2 1
2 2
1 1
1 2
2 1
2 2
1 1
1 2
2 1
2 2
1 1
1 2
2 1
2 2
1 1
1 2
2 1
2 2
1 1
1 2
2 1
2 2
1 1
1 2
2 1
2 2
1 1
1 2
2 1
2 2
1 1
1 2
2 1
2 2
1 1
1 2
2 1
2 2
1 1
1 2
2 1
2 2
1 1
1 2
2 1
2 2
1 1 1 5.219084662087675e-5
1 2 1 7.785465551604989e-5
2 1 1 7.697658317782629e-5
2 2 1 9.238578787157114e-5
1 1 2 6.282152850591262e-5
1 2 2 7.354697022411869e-5
2 1 2 7.361484048091868e-5
2 2 2 8.320368389400546e-5
1 1 3 6.379201066411769e-5
1 2 3 5.5334672204476864e-5
2 1 3 6.452141138684346e-5
2 2 3 6.947528173282303e-5
1 1 4 4.308281789641676e-5
1 2 4 5.7046739600306646e-5
2 1 4 7.581590148012512e-5
2 2 4 6.251029863638187e-5
1 1 5 6.864177249480533e-5
1 2 5 6.766943683947892e-5
2 1 5 5.6426593916017344e-5
2 2 5 8.215286231652989e-5
1 1 6 4.303352529443898e-5
1 2 6 7.618925121300093e-5
2 1 6 6.993891617236254e-5
2 2 6 5.191320565216791e-5
1 1 7 7.056752414869719e-5
1 2 7 8.143508263708821e-5
2 1 7 7.432532143882429e-5
2 2 7 9.192386386880774e-5
1 1 8 8.996419985101527e-5
1 2 8 6.182960971699578e-5
2 1 8 8.01766704253846e-5
2 2 8 9.598204060795324e-5
1 1 9 7.532794370054609e-5
1 2 9 7.572438513715856e-5
2 1 9 0.0001187561162003371
2 2 9 6.86305783964707e-5
1 1 10 9.102150663680642e-5
1 2 10 6.334803185102098e-5
2 1 10 9.879571623307008e-5
2 2 10 9.281944138848865e-5
1 1 11 7.292533044571888e-5
1 2 11 6.837702860762655e-5
2 1 11 9.226344965422498e-5
2 2 11 0.00015777425072912023
1 1 12 6.947575044797084e-5
1 2 12 0.00011679403766297585
2 1 12 0.00013406930123520261
2 2 12 9.072788855177452e-5
1 1 13 0.00010972661060777003
1 2 13 0.0001244720594860985
2 1 13 0.00013468626955178754
2 2 13 0.00016571212903618518
1 1 14 0.00013592083785850465
1 2 14 8.200603870030322e-5
2 1 14 0.00013350958277685195
2 2 14 0.00017815148072774852
1 1 15 0.00011309422860933797
1 2 15 0.0001515072743845429
2 1 15 0.00020384809910761861
2 2 15 0.00015216121168437396
1 1 16 0.0001352665017947926
1 2 16 0.000158336549841996
2 1 16 0.0001521266502793114
2 2 16 0.0001677965298013961
1 1 17 0.00014675689297178148
1 2 17 0.00014123211894699213
2 1 17 0.00018328355661848285
2 2 17 0.00023970393809849476
1 1 18 0.0001200795959489871
1 2 18 0.00019126802488665014
2 1 18 0.00024958201897768686
2 2 18 0.00015635698201403844
1 1 19 0.000199966724564314
1 2 19 0.0001415572658659638
2 1 19 0.00018762336217836292
2 2 19 0.000186618700137866
1 1 20 0.00019407315892211484
1 2 20 9.45071884491326e-5
2 1 20 0.0001643807370907201
2 2 20 0.00020924703834804205
