Norm difference: 1.0
Norm difference: 1.0
1 1
1 2
1 3
2 1
2 2
2 3
3 1
3 2
3 3
1 1
1 2
1 3
2 1
2 2
2 3
3 1
3 2
3 3
1 1
1 2
1 3
2 1
2 2
2 3
3 1
3 2
3 3
1 1
1 2
1 3
2 1
2 2
2 3
3 1
3 2
3 3
1 1
1 2
1 3
2 1
2 2
2 3
3 1
3 2
3 3
1 1
1 2
1 3
2 1
2 2
2 3
3 1
3 2
3 3
1 1
1 2
1 3
2 1
2 2
2 3
3 1
3 2
3 3
1 1
1 2
1 3
2 1
2 2
2 3
3 1
3 2
3 3
1 1
1 2
1 3
2 1
2 2
2 3
3 1
3 2
3 3
1 1
1 2
1 3
2 1
2 2
2 3
3 1
3 2
3 3
1 1
1 2
1 3
2 1
2 2
2 3
3 1
3 2
3 3
1 1
1 2
1 3
2 1
2 2
2 3
3 1
3 2
3 3
1 1
1 2
1 3
2 1
2 2
2 3
3 1
3 2
3 3
1 1
1 2
1 3
2 1
2 2
2 3
3 1
3 2
3 3
1 1
1 2
1 3
2 1
2 2
2 3
3 1
3 2
3 3
1 1
1 2
1 3
2 1
2 2
2 3
3 1
3 2
3 3
1 1
1 2
1 3
2 1
2 2
2 3
3 1
3 2
3 3
1 1
1 2
1 3
2 1
2 2
2 3
3 1
3 2
3 3
1 1
1 2
1 3
2 1
2 2
2 3
3 1
3 2
3 3
1 1
1 2
1 3
2 1
2 2
2 3
3 1
3 2
3 3
1 1 1 0.016300279834965653
1 2 1 0.01296595660803101
1 3 1 0.014938174992039487
2 1 1 0.014497282773250533
2 2 1 0.012746701800715046
2 3 1 0.01736692308910278
3 1 1 0.019567347356673648
3 2 1 0.013680259199338126
3 3 1 0.020000804215849245
1 1 2 0.016852401706210468
1 2 2 0.012185785617429246
1 3 2 0.018443389298256813
2 1 2 0.01595776920579741
2 2 2 0.012401361221167867
2 3 2 0.016387371348911876
3 1 2 0.017133299679549484
3 2 2 0.009642596785999947
3 3 2 0.0191743608557517
1 1 3 0.016494023172795885
1 2 3 0.010654143736276397
1 3 3 0.024471064572800735
2 1 3 0.011153874120567961
2 2 3 0.009248450387634447
2 3 3 0.01709203861018167
3 1 3 0.016083087086628596
3 2 3 0.010920538459484387
3 3 3 0.01830995823882122
1 1 4 0.016597213589575784
1 2 4 0.010532658991241386
1 3 4 0.02241704158773577
2 1 4 0.015697172055208646
2 2 4 0.010265083031998617
2 3 4 0.013355925875777431
3 1 4 0.014494864665408613
3 2 4 0.013291097085403023
3 3 4 0.016810153267797147
1 1 5 0.01531906628018787
1 2 5 0.010624465761966432
1 3 5 0.018639980743827535
2 1 5 0.013151536069506234
2 2 5 0.007810633361840432
2 3 5 0.016647614146038013
3 1 5 0.0186526388897498
3 2 5 0.012368441185963006
3 3 5 0.014364112508296714
1 1 6 0.013630699510525026
1 2 6 0.007191681823962695
1 3 6 0.014473265490747992
2 1 6 0.010964714507243789
2 2 6 0.008010665662798854
2 3 6 0.014559178579678242
3 1 6 0.017197908560797205
3 2 6 0.013045807594915826
3 3 6 0.016167977516851485
1 1 7 0.01422463796187487
1 2 7 0.009095784301756265
1 3 7 0.01307219610207
2 1 7 0.009968059820550738
2 2 7 0.008448200663675213
2 3 7 0.013800996534482676
3 1 7 0.016045772759076503
3 2 7 0.013499929596777701
3 3 7 0.015095392430124144
1 1 8 0.015531292859366368
1 2 8 0.009632791538028316
1 3 8 0.009762379814678515
2 1 8 0.012199410918925872
2 2 8 0.007061721126881533
2 3 8 0.010917533014195955
3 1 8 0.018318988957065598
3 2 8 0.0144706087485886
3 3 8 0.014803541891471001
1 1 9 0.014546864532178577
1 2 9 0.011252195741838108
1 3 9 0.011527448017595181
2 1 9 0.01276951629815751
2 2 9 0.007487574064055822
2 3 9 0.00918667864956141
3 1 9 0.0188128875716062
3 2 9 0.011188238343906969
3 3 9 0.014407189398846313
1 1 10 0.011321772351670454
1 2 10 0.01152471845683259
1 3 10 0.01132527784842893
2 1 10 0.00927675383803539
2 2 10 0.007957861735514191
2 3 10 0.008034467552578918
3 1 10 0.018092219964407696
3 2 10 0.01292429492841922
3 3 10 0.014050313800676853
1 1 11 0.010963576557986928
1 2 11 0.011275467313391588
1 3 11 0.009644709056942638
2 1 11 0.010816856838637801
2 2 11 0.00813209402201549
2 3 11 0.007367794599955455
3 1 11 0.012702404041896879
3 2 11 0.011670540458589352
3 3 11 0.01294579950965219
1 1 12 0.010765136501212313
1 2 12 0.010196273505008752
1 3 12 0.008129427862814068
2 1 12 0.010125510508309012
2 2 12 0.007646119738780435
2 3 12 0.007019733804745016
3 1 12 0.00979239777890713
3 2 12 0.010731594326921123
3 3 12 0.01267795363048022
1 1 13 0.01130064551387747
1 2 13 0.008671853702892359
1 3 13 0.007644004072846608
2 1 13 0.008537037609046162
2 2 13 0.007511288053498084
2 3 13 0.007477803203913018
3 1 13 0.010235070177677035
3 2 13 0.008904668319349733
3 3 13 0.010304933410055337
1 1 14 0.010000898310469596
1 2 14 0.00831025149617216
1 3 14 0.00694266403156586
2 1 14 0.005587506486115035
2 2 14 0.006395961205481368
2 3 14 0.0073748851023264506
3 1 14 0.009610540222798029
3 2 14 0.00792821716005494
3 3 14 0.0074797788941284565
1 1 15 0.006580933339613763
1 2 15 0.006752750900989783
1 3 15 0.006500446487969309
2 1 15 0.007252240820844446
2 2 15 0.0056717703925268665
2 3 15 0.005242377411987331
3 1 15 0.006283835674927529
3 2 15 0.006044949657951491
3 3 15 0.006613389382295923
1 1 16 0.004935218862900807
1 2 16 0.005649607990788608
1 3 16 0.00540294026686477
2 1 16 0.006474063645601308
2 2 16 0.004665121280141357
2 3 16 0.004174804808861251
3 1 16 0.0072740717886586636
3 2 16 0.005394727563097343
3 3 16 0.004769097247032152
1 1 17 0.003961757519784999
1 2 17 0.004270272326799136
1 3 17 0.003708256223149719
2 1 17 0.0038582685061801167
2 2 17 0.004075378362231122
2 3 17 0.0036324317583939156
3 1 17 0.007043563875938392
3 2 17 0.004505615873228912
3 3 17 0.0033732843829944745
1 1 18 0.003216640020815198
1 2 18 0.003257677063711253
1 3 18 0.0031882863778695757
2 1 18 0.0028104756945650485
2 2 18 0.003423621123903893
2 3 18 0.0042433385101803694
3 1 18 0.004901064162876351
3 2 18 0.004579099578921933
3 3 18 0.004080874244324102
1 1 19 0.0029512151233910904
1 2 19 0.0023715578609301664
1 3 19 0.0025238751482618378
2 1 19 0.0035635770368257188
2 2 19 0.0027324887538532124
2 3 19 0.0024171297899240767
3 1 19 0.004001920250206086
3 2 19 0.004307181922406221
3 3 19 0.003502531691916571
1 1 20 0.0028350156385607
1 2 20 0.002173397292883888
1 3 20 0.0014733507444135703
2 1 20 0.0026115766296339145
2 2 20 0.0026056870409422064
2 3 20 0.0023572923752972256
3 1 20 0.0032626962764639956
3 2 20 0.0036964586370826598
3 3 20 0.002743813149731958
