[-2.41421356 -1.         -1.         -0.41421356  0.41421356  1.
  1.          2.41421356]
W: 3.4
num_iter: 0
[-0.7993016  -0.73986598 -0.67231167 -0.59508987 -0.50636966 -0.40621736
 -0.29462846 -0.16376892  0.16376195  0.29463657  0.40621941  0.50637311
  0.59508588  0.67230745  0.73987524  0.79929393]
localization_length: 0.7633030795271547
0.7605335304029651
W_list: [3.4]
L_list: [0.7605335304029651]
[-2.41421356 -1.         -1.         -0.41421356  0.41421356  1.
  1.          2.41421356]
W: 3.4
num_iter: 0
[-0.79933866 -0.74094015 -0.67247013 -0.59409131 -0.50651413 -0.40593544
 -0.29392189 -0.16343059  0.16343329  0.29391887  0.40593259  0.50651098
  0.59409364  0.67247585  0.74094125  0.79933583]
localization_length: 0.7648506861645596
0.76876209721422
W_list: [3.4]
L_list: [0.76876209721422]
