Norm difference: 1.0
Norm difference: 1.0
1 1
1 2
2 1
2 2
1 1
1 2
2 1
2 2
1 1
1 2
2 1
2 2
1 1
1 2
2 1
2 2
1 1
1 2
2 1
2 2
1 1
1 2
2 1
2 2
1 1
1 2
2 1
2 2
1 1
1 2
2 1
2 2
1 1
1 2
2 1
2 2
1 1
1 2
2 1
2 2
1 1
1 2
2 1
2 2
1 1
1 2
2 1
2 2
1 1
1 2
2 1
2 2
1 1
1 2
2 1
2 2
1 1
1 2
2 1
2 2
1 1
1 2
2 1
2 2
1 1
1 2
2 1
2 2
1 1
1 2
2 1
2 2
1 1
1 2
2 1
2 2
1 1
1 2
2 1
2 2
1 1 1 0.005296468066941194
1 2 1 0.006837560366788018
2 1 1 0.006847812270252792
2 2 1 0.006090340735082453
1 1 2 0.004834199052036618
1 2 2 0.008103000002135347
2 1 2 0.00803230515798466
2 2 2 0.006049502750205453
1 1 3 0.006379430565572726
1 2 3 0.006492042097776559
2 1 3 0.0053378761507935435
2 2 3 0.008005435322887316
1 1 4 0.006683631349287293
1 2 4 0.0064161114178193975
2 1 4 0.005845484326274693
2 2 4 0.007846138766687785
1 1 5 0.006541078441632936
1 2 5 0.007461682605047389
2 1 5 0.006708560493349165
2 2 5 0.0068470805007695605
1 1 6 0.005774365980325271
1 2 6 0.007023650941102108
2 1 6 0.006951034786745405
2 2 6 0.0062707667963114045
1 1 7 0.00658560653404944
1 2 7 0.005887677966730579
2 1 7 0.006552435536064644
2 2 7 0.007502892286449334
1 1 8 0.006021095853483781
1 2 8 0.006184338953636711
2 1 8 0.0049919238735558836
2 2 8 0.005568222627692169
1 1 9 0.0055522740655689785
1 2 9 0.008724235975090911
2 1 9 0.006034863925952198
2 2 9 0.006412321825596007
1 1 10 0.006814730036815875
1 2 10 0.004627519962177319
2 1 10 0.004333486947935406
2 2 10 0.005926188063821556
1 1 11 0.00673279121020761
1 2 11 0.006793754811108643
2 1 11 0.006312005462843333
2 2 11 0.006450583841599075
1 1 12 0.004417209807797932
1 2 12 0.0065961149490022675
2 1 12 0.005710803506289946
2 2 12 0.0050917440369980995
1 1 13 0.00567225958989329
1 2 13 0.005692798169738498
2 1 13 0.004750770320388408
2 2 13 0.0063383405180597
1 1 14 0.006449677570022597
1 2 14 0.005218756125265972
2 1 14 0.004652419263934943
2 2 14 0.004479299528035644
1 1 15 0.00462678251881607
1 2 15 0.005953418181712261
2 1 15 0.005779084023867995
2 2 15 0.004924139255002282
1 1 16 0.005250300842251621
1 2 16 0.0043525519217081626
2 1 16 0.005740945660311745
2 2 16 0.005772713603704306
1 1 17 0.005967670386312837
1 2 17 0.0037833135332305317
2 1 17 0.004474460347797418
2 2 17 0.005464555920407825
1 1 18 0.0041985787521314
1 2 18 0.005324042093087113
2 1 18 0.005258186993358524
2 2 18 0.0041203402916259926
1 1 19 0.003703777431654354
1 2 19 0.004537489678721039
2 1 19 0.004840549071446905
2 2 19 0.0031221020594368715
1 1 20 0.005020577868578903
1 2 20 0.0033828329879930703
2 1 20 0.0037267143681397386
2 2 20 0.004109930519450403
