Norm difference: 1.0
Norm difference: 0.9999999999999999
1 1
1 2
1 3
2 1
2 2
2 3
3 1
3 2
3 3
1 1
1 2
1 3
2 1
2 2
2 3
3 1
3 2
3 3
1 1
1 2
1 3
2 1
2 2
2 3
3 1
3 2
3 3
1 1
1 2
1 3
2 1
2 2
2 3
3 1
3 2
3 3
1 1
1 2
1 3
2 1
2 2
2 3
3 1
3 2
3 3
1 1
1 2
1 3
2 1
2 2
2 3
3 1
3 2
3 3
1 1
1 2
1 3
2 1
2 2
2 3
3 1
3 2
3 3
1 1
1 2
1 3
2 1
2 2
2 3
3 1
3 2
3 3
1 1
1 2
1 3
2 1
2 2
2 3
3 1
3 2
3 3
1 1
1 2
1 3
2 1
2 2
2 3
3 1
3 2
3 3
1 1
1 2
1 3
2 1
2 2
2 3
3 1
3 2
3 3
1 1
1 2
1 3
2 1
2 2
2 3
3 1
3 2
3 3
1 1
1 2
1 3
2 1
2 2
2 3
3 1
3 2
3 3
1 1
1 2
1 3
2 1
2 2
2 3
3 1
3 2
3 3
1 1
1 2
1 3
2 1
2 2
2 3
3 1
3 2
3 3
1 1
1 2
1 3
2 1
2 2
2 3
3 1
3 2
3 3
1 1
1 2
1 3
2 1
2 2
2 3
3 1
3 2
3 3
1 1
1 2
1 3
2 1
2 2
2 3
3 1
3 2
3 3
1 1
1 2
1 3
2 1
2 2
2 3
3 1
3 2
3 3
1 1
1 2
1 3
2 1
2 2
2 3
3 1
3 2
3 3
1 1 1 0.0011481930645112965
1 2 1 0.001971341668168174
1 3 1 0.0014210025149790021
2 1 1 0.0033948221460775216
2 2 1 0.0017607176519652712
2 3 1 0.0016721079655296449
3 1 1 0.0014546662693380847
3 2 1 0.0014549402135843258
3 3 1 0.0007847005363969623
1 1 2 0.0016208474291444105
1 2 2 0.002133913042715574
1 3 2 0.0012607050178545418
2 1 2 0.0024946524968438395
2 2 2 0.0023226577026143184
2 3 2 0.001698575517953945
3 1 2 0.0018604330892466661
3 2 2 0.0026496529150087773
3 3 2 0.00207516973817136
1 1 3 0.0011823124889764852
1 2 3 0.0014292773203221823
1 3 3 0.0023084866096579272
2 1 3 0.0018342227807321373
2 2 3 0.002977176004201404
2 3 3 0.0017963400791478855
3 1 3 0.0017608873713339137
3 2 3 0.002090440551045754
3 3 3 0.0011976008234380934
1 1 4 0.0011201236982642338
1 2 4 0.0011310929078845496
1 3 4 0.0011444454623837199
2 1 4 0.00194252550954367
2 2 4 0.0028223649000143516
2 3 4 0.0027397397453278807
3 1 4 0.002201674139098788
3 2 4 0.003013699406834652
3 3 4 0.0022788849837897507
1 1 5 0.0011159668021713017
1 2 5 0.001990407491212649
1 3 5 0.0017219301983937584
2 1 5 0.002117566990806084
2 2 5 0.0025463137601904025
2 3 5 0.0018462836461233764
3 1 5 0.0016554904321985733
3 2 5 0.002748544495091873
3 3 5 0.0016625255080697184
1 1 6 0.001948609860144119
1 2 6 0.0018212120859325248
1 3 6 0.0014176994221557582
2 1 6 0.0016397048249125836
2 2 6 0.0034142481080576743
2 3 6 0.002859372651454556
3 1 6 0.0017541541493748107
3 2 6 0.002621512107885169
3 3 6 0.0028547837489589023
1 1 7 0.0026624759687721477
1 2 7 0.0029615025286711064
1 3 7 0.0013724831025771229
2 1 7 0.0022777553309680657
2 2 7 0.003196982555425401
2 3 7 0.002742737098639398
3 1 7 0.001897728568852054
3 2 7 0.0028842447499356273
3 3 7 0.0023174675586658624
1 1 8 0.001246550374700917
1 2 8 0.002700289639121431
1 3 8 0.0020655933897599987
2 1 8 0.0035471338855939893
2 2 8 0.003486318763808109
2 3 8 0.0030059063422102628
3 1 8 0.002309706757292306
3 2 8 0.002769278635784233
3 3 8 0.0031070256451841112
1 1 9 0.0015607679609341255
1 2 9 0.002295952055117425
1 3 9 0.0024683060841087833
2 1 9 0.0024553827682947636
2 2 9 0.0033702495531448525
2 3 9 0.0029066262212244934
3 1 9 0.0020206971400143024
3 2 9 0.0024759044781215663
3 3 9 0.002387412775153536
1 1 10 0.0012802291159672817
1 2 10 0.0024593267323888917
1 3 10 0.0026368050131013133
2 1 10 0.0025176169694687963
2 2 10 0.003306843916659561
2 3 10 0.0034059888986861992
3 1 10 0.002806604312869601
3 2 10 0.002387882362923168
3 3 10 0.0026200878588781033
1 1 11 0.002259849781454464
1 2 11 0.0021551331957511835
1 3 11 0.0028770942013348058
2 1 11 0.0024645018556120795
2 2 11 0.0031379838225852634
2 3 11 0.003969332446362338
3 1 11 0.00205088184470105
3 2 11 0.002649108984595084
3 3 11 0.0029155763228669884
1 1 12 0.0023557852218588308
1 2 12 0.0018850637258961908
1 3 12 0.002584348357723467
2 1 12 0.003164821286531773
2 2 12 0.002082745715009679
2 3 12 0.003303563029030009
3 1 12 0.0030194714708327644
3 2 12 0.0019635881910504654
3 3 12 0.0025760821982918044
1 1 13 0.0023062299852414183
1 2 13 0.0018742970011696731
1 3 13 0.0024657162611816134
2 1 13 0.0034170555561167577
2 2 13 0.0027497137312688545
2 3 13 0.0032318354408231225
3 1 13 0.002439454807442959
3 2 13 0.002652692169469669
3 3 13 0.002892060860899826
1 1 14 0.0015157157736956956
1 2 14 0.0016207183704433838
1 3 14 0.001757219515313152
2 1 14 0.0034474303748062533
2 2 14 0.002664815995181883
2 3 14 0.0038431590638381584
3 1 14 0.0026243643297103763
3 2 14 0.001870406511436363
3 3 14 0.00271505948970087
1 1 15 0.002131558648207146
1 2 15 0.0012594025276910308
1 3 15 0.0017820270363919709
2 1 15 0.0026570113172235616
2 2 15 0.0021496723171714983
2 3 15 0.0024721475054257248
3 1 15 0.002343159550199219
3 2 15 0.0023284098692992134
3 3 15 0.002166670492122225
1 1 16 0.0020062479729897314
1 2 16 0.0024106962492247133
1 3 16 0.0030473348019413268
2 1 16 0.002417572898239502
2 2 16 0.001798400036029844
2 3 16 0.0027975106345344315
3 1 16 0.0021775048559959436
3 2 16 0.001958863970877456
3 3 16 0.003153201609826155
1 1 17 0.0021916511379746276
1 2 17 0.001777238419210518
1 3 17 0.0017607344832357024
2 1 17 0.002189705555423325
2 2 17 0.0032835387218434126
2 3 17 0.002912527273760754
3 1 17 0.00209784795197434
3 2 17 0.0023115076923716548
3 3 17 0.0018606142942844996
1 1 18 0.0021577077041495256
1 2 18 0.0019540359352232537
1 3 18 0.001709301053647351
2 1 18 0.003282895066652476
2 2 18 0.0021104932313134443
2 3 18 0.0029385259670604044
3 1 18 0.002799170560940514
3 2 18 0.0018349407207889866
3 3 18 0.0026708295636792266
1 1 19 0.0010402156737533306
1 2 19 0.0024267920140404104
1 3 19 0.0015534610988790088
2 1 19 0.002907517181260781
2 2 19 0.002950852315375881
2 3 19 0.0023558387520317787
3 1 19 0.0018664596027754103
3 2 19 0.003219369592677217
3 3 19 0.001890847238000034
1 1 20 0.0016994389669112784
1 2 20 0.0018336605321654501
1 3 20 0.0018814813253544213
2 1 20 0.002507156242654548
2 2 20 0.0032580083326745933
2 3 20 0.0029593766283635414
3 1 20 0.002834911606001888
3 2 20 0.0016448586369011927
3 3 20 0.0029508508030383213
