Norm difference: 0.9999999999999999
Norm difference: 0.9999999999999999
1 1
1 2
1 3
2 1
2 2
2 3
3 1
3 2
3 3
1 1
1 2
1 3
2 1
2 2
2 3
3 1
3 2
3 3
1 1
1 2
1 3
2 1
2 2
2 3
3 1
3 2
3 3
1 1
1 2
1 3
2 1
2 2
2 3
3 1
3 2
3 3
1 1
1 2
1 3
2 1
2 2
2 3
3 1
3 2
3 3
1 1
1 2
1 3
2 1
2 2
2 3
3 1
3 2
3 3
1 1
1 2
1 3
2 1
2 2
2 3
3 1
3 2
3 3
1 1
1 2
1 3
2 1
2 2
2 3
3 1
3 2
3 3
1 1
1 2
1 3
2 1
2 2
2 3
3 1
3 2
3 3
1 1
1 2
1 3
2 1
2 2
2 3
3 1
3 2
3 3
1 1
1 2
1 3
2 1
2 2
2 3
3 1
3 2
3 3
1 1
1 2
1 3
2 1
2 2
2 3
3 1
3 2
3 3
1 1
1 2
1 3
2 1
2 2
2 3
3 1
3 2
3 3
1 1
1 2
1 3
2 1
2 2
2 3
3 1
3 2
3 3
1 1
1 2
1 3
2 1
2 2
2 3
3 1
3 2
3 3
1 1
1 2
1 3
2 1
2 2
2 3
3 1
3 2
3 3
1 1
1 2
1 3
2 1
2 2
2 3
3 1
3 2
3 3
1 1
1 2
1 3
2 1
2 2
2 3
3 1
3 2
3 3
1 1
1 2
1 3
2 1
2 2
2 3
3 1
3 2
3 3
1 1
1 2
1 3
2 1
2 2
2 3
3 1
3 2
3 3
1 1 1 0.008833117007206855
1 2 1 0.009408448365945189
1 3 1 0.0067518630288338115
2 1 1 0.009056257423274289
2 2 1 0.009697161578485086
2 3 1 0.008794946731020334
3 1 1 0.009334014598643272
3 2 1 0.009495216179432161
3 3 1 0.008732736301274155
1 1 2 0.01117190249216361
1 2 2 0.012797065698256388
1 3 2 0.00983772659239497
2 1 2 0.012670398661508963
2 2 2 0.01766791409114084
2 3 2 0.012197786828362481
3 1 2 0.009836370842596084
3 2 2 0.011621923195608513
3 3 2 0.008404692975691509
1 1 3 0.007093505313981288
1 2 3 0.010245386064749765
1 3 3 0.008199157333762558
2 1 3 0.009285918112971433
2 2 3 0.010963652224445376
2 3 3 0.009039435718384144
3 1 3 0.009081743232635702
3 2 3 0.011192100380669104
3 3 3 0.008771318151097522
1 1 4 0.013264392077966064
1 2 4 0.013614134640026154
1 3 4 0.011914838213219314
2 1 4 0.015143108499866078
2 2 4 0.014981516953590696
2 3 4 0.014292811438642009
3 1 4 0.010981430375540195
3 2 4 0.012851974919568476
3 3 4 0.00923609139583992
1 1 5 0.011640554097317625
1 2 5 0.008689317889264875
1 3 5 0.01040989776541489
2 1 5 0.01156611264890497
2 2 5 0.010457469095930061
2 3 5 0.010061982558465724
3 1 5 0.01099948770359617
3 2 5 0.009982524312119736
3 3 5 0.009036870087412077
1 1 6 0.011347630977575523
1 2 6 0.0107863664948496
1 3 6 0.011196442072796325
2 1 6 0.013860287316128992
2 2 6 0.014046349971726527
2 3 6 0.014971452119150765
3 1 6 0.011192383575198533
3 2 6 0.011594859958959758
3 3 6 0.010342539205240298
1 1 7 0.010425720709500435
1 2 7 0.008015402154986409
1 3 7 0.007981076472725142
2 1 7 0.011580070092983067
2 2 7 0.009110548596567253
2 3 7 0.011398474642299398
3 1 7 0.009226773828564705
3 2 7 0.009171679828013026
3 3 7 0.007511858005980121
1 1 8 0.01170500435683127
1 2 8 0.011305349831668431
1 3 8 0.012114045372495738
2 1 8 0.015531847390730522
2 2 8 0.012679286610659452
2 3 8 0.015211080004558722
3 1 8 0.010451586995988516
3 2 8 0.009909311312573613
3 3 8 0.010383810527816423
1 1 9 0.011917165627547294
1 2 9 0.0090423518816183
1 3 9 0.0101428493728997
2 1 9 0.011409785922328807
2 2 9 0.008375501970313552
2 3 9 0.0102959970199548
3 1 9 0.011179308472084365
3 2 9 0.010618022701033264
3 3 9 0.008596241465339494
1 1 10 0.010951630763867518
1 2 10 0.0071305067059862035
1 3 10 0.014403720505251752
2 1 10 0.013282764320659038
2 2 10 0.010621981146752056
2 3 10 0.015143719472535958
3 1 10 0.011610149461392587
3 2 10 0.010230537986346076
3 3 10 0.011765308138154676
1 1 11 0.010582930629232367
1 2 11 0.008560729009864562
1 3 11 0.010111749590349746
2 1 11 0.01165663059268847
2 2 11 0.00852508333757245
2 3 11 0.011138133081352145
3 1 11 0.009902232560004642
3 2 11 0.007987527072064363
3 3 11 0.012156458652574564
1 1 12 0.010434060981096584
1 2 12 0.008262787699655315
1 3 12 0.0107288390612006
2 1 12 0.013165728968607269
2 2 12 0.010654732352840156
2 3 12 0.013434319401729011
3 1 12 0.01224022934020258
3 2 12 0.008190340643014623
3 3 12 0.012230003342423364
1 1 13 0.010834563147464954
1 2 13 0.00789567602526439
1 3 13 0.009812226675636396
2 1 13 0.01411284417901811
2 2 13 0.007589703022873847
2 3 13 0.012561044160921736
3 1 13 0.011455405621109192
3 2 13 0.006183305918371234
3 3 13 0.010845104027288109
1 1 14 0.010053948553541482
1 2 14 0.006957856058554717
1 3 14 0.009721556799527426
2 1 14 0.012960143674905064
2 2 14 0.008575832108159744
2 3 14 0.012091419083806542
3 1 14 0.011931233240740384
3 2 14 0.00765905930162659
3 3 14 0.010531548614302427
1 1 15 0.00954846979588019
1 2 15 0.006592248557508175
1 3 15 0.009468435285455084
2 1 15 0.010010735645090044
2 2 15 0.006833675255716216
2 3 15 0.009635543809443642
3 1 15 0.010560788873363166
3 2 15 0.005807955024005403
3 3 15 0.010635888258335476
1 1 16 0.008959629852906287
1 2 16 0.006473546443458244
1 3 16 0.007708419971442626
2 1 16 0.011636542068516447
2 2 16 0.007893248065627741
2 3 16 0.010310747969339094
3 1 16 0.009647739638536056
3 2 16 0.007670170366588226
3 3 16 0.009004806980830091
1 1 17 0.008518849411959028
1 2 17 0.006493287871429129
1 3 17 0.008639798441577935
2 1 17 0.0099052622944233
2 2 17 0.006818827848026854
2 3 17 0.009520557564389881
3 1 17 0.009882961096383048
3 2 17 0.006682219337559861
3 3 17 0.010237747702368754
1 1 18 0.009033570578071238
1 2 18 0.005277799692391634
1 3 18 0.006624528213600182
2 1 18 0.010528967615946277
2 2 18 0.00617393015550804
2 3 18 0.00897126383843268
3 1 18 0.010725384227233665
3 2 18 0.005924664787747206
3 3 18 0.01024718881843134
1 1 19 0.006398459994899341
1 2 19 0.00539309919357926
1 3 19 0.007486826930216003
2 1 19 0.00885385607237834
2 2 19 0.005114955479970531
2 3 19 0.010116298678033053
3 1 19 0.009427361895846649
3 2 19 0.006549414041842158
3 3 19 0.008191728933965726
1 1 20 0.0074828502867667086
1 2 20 0.004687824459004073
1 3 20 0.006190396106812133
2 1 20 0.009437541953702281
2 2 20 0.00695199742978479
2 3 20 0.007799556649289885
3 1 20 0.008224656636187506
3 2 20 0.00614687196326884
3 3 20 0.007931379398005787
