W: 2.6
num_iter: 0
[-1.19305738 -1.19305738 -1.16816556 -1.16816556 -1.13771355 -1.13771355
 -1.10019624 -1.10019624 -1.05462783 -1.05462783 -0.99933185 -0.99933185
 -0.93462596 -0.93462596 -0.86017071 -0.86017071 -0.77634285 -0.77634285
 -0.68477933 -0.68477933 -0.58934952 -0.58934952 -0.4917001  -0.4917001
 -0.39235357 -0.39235357 -0.29169436 -0.29169436 -0.18757842 -0.18757842
 -0.0707149  -0.0707149   0.07071824  0.07071824  0.18757525  0.18757525
  0.29168966  0.29168966  0.39235138  0.39235138  0.49169446  0.49169446
  0.58934619  0.58934619  0.68478385  0.68478385  0.77634562  0.77634562
  0.86017328  0.86017328  0.93462547  0.93462547  0.99934331  0.99934331
  1.05462096  1.05462096  1.10019382  1.10019382  1.13771916  1.13771916
  1.16816802  1.16816802  1.19305345  1.19305345]
localization_length: 0.8838306554929474
0.8843533679556179
W_list: [2.6]
L_list: [14.149653887289887]
