W: 3.0
num_iter: 0
[-0.80896934 -0.80896934 -0.80068578 -0.80068578 -0.79067577 -0.79067577
 -0.77992723 -0.77992723 -0.76767355 -0.76767355 -0.75457523 -0.75457523
 -0.7403478  -0.7403478  -0.72496705 -0.72496705 -0.70861499 -0.70861499
 -0.6911507  -0.6911507  -0.67274364 -0.67274364 -0.6531879  -0.6531879
 -0.63222628 -0.63222628 -0.61088939 -0.61088939 -0.58805992 -0.58805992
 -0.56360543 -0.56360543 -0.53880862 -0.53880862 -0.5123567  -0.5123567
 -0.48463406 -0.48463406 -0.45579436 -0.45579436 -0.42555638 -0.42555638
 -0.39436495 -0.39436495 -0.36155697 -0.36155697 -0.32705315 -0.32705315
 -0.29203994 -0.29203994 -0.25553575 -0.25553575 -0.21758262 -0.21758262
 -0.17923683 -0.17923683 -0.13945747 -0.13945747 -0.09948405 -0.09948405
 -0.05911011 -0.05911011 -0.01504808 -0.01504808  0.01504483  0.01504483
  0.05910973  0.05910973  0.09948535  0.09948535  0.13945562  0.13945562
  0.17924081  0.17924081  0.21757979  0.21757979  0.25553016  0.25553016
  0.2920412   0.2920412   0.32705415  0.32705415  0.36156297  0.36156297
  0.3943657   0.3943657   0.42555709  0.42555709  0.4557965   0.4557965
  0.48463225  0.48463225  0.51235821  0.51235821  0.53880917  0.53880917
  0.56359727  0.56359727  0.58806198  0.58806198  0.61089476  0.61089476
  0.632219    0.632219    0.65318318  0.65318318  0.67274294  0.67274294
  0.69115637  0.69115637  0.70861535  0.70861535  0.72496361  0.72496361
  0.74034876  0.74034876  0.75457803  0.75457803  0.76767289  0.76767289
  0.77992876  0.77992876  0.79067981  0.79067981  0.80068353  0.80068353
  0.80897025  0.80897025]
localization_length: 2.0771248531462234
2.099738111596538
W_list: [3.0]
L_list: [67.19161957108922]
