W: 3.4000000000000004
num_iter: 0
[-0.91474207 -0.91474207 -0.8596711  -0.8596711  -0.7866781  -0.7866781
 -0.69412241 -0.69412241 -0.58345295 -0.58345295 -0.44834485 -0.44834485
 -0.29026975 -0.29026975 -0.09209769 -0.09209769  0.09209832  0.09209832
  0.29027038  0.29027038  0.44834514  0.44834514  0.58345131  0.58345131
  0.69412478  0.69412478  0.7866796   0.7866796   0.85966794  0.85966794
  0.91474143  0.91474143]
localization_length: 1.3572545149943678
1.3521813094767623
W_list: [3.4000000000000004]
L_list: [10.817450475814098]
