W: 3.4000000000000004
num_iter: 0
[-0.87449358 -0.87449358 -0.85476693 -0.85476693 -0.82968654 -0.82968654
 -0.80137063 -0.80137063 -0.7674846  -0.7674846  -0.7298789  -0.7298789
 -0.68700781 -0.68700781 -0.63958691 -0.63958691 -0.58713594 -0.58713594
 -0.5296339  -0.5296339  -0.46541279 -0.46541279 -0.39508133 -0.39508133
 -0.31808017 -0.31808017 -0.23553106 -0.23553106 -0.14618967 -0.14618967
 -0.04554971 -0.04554971  0.04555073  0.04555073  0.14619738  0.14619738
  0.23553321  0.23553321  0.31808326  0.31808326  0.39508232  0.39508232
  0.46541195  0.46541195  0.52963201  0.52963201  0.58713307  0.58713307
  0.63958877  0.63958877  0.68701081  0.68701081  0.72987761  0.72987761
  0.76748672  0.76748672  0.80136216  0.80136216  0.82968302  0.82968302
  0.85476227  0.85476227  0.87449518  0.87449518]
localization_length: 1.3721274180441931
1.383959441427683
W_list: [3.4000000000000004]
L_list: [22.143351062842928]
