W: 3.0
num_iter: 0
[-0.7976874  -0.7976874  -0.74946951 -0.74946951 -0.68302448 -0.68302448
 -0.6006047  -0.6006047  -0.4990114  -0.4990114  -0.37926877 -0.37926877
 -0.23632583 -0.23632583 -0.06283551 -0.06283551  0.06283113  0.06283113
  0.23632752  0.23632752  0.37926806  0.37926806  0.49901146  0.49901146
  0.60060313  0.60060313  0.68302225  0.68302225  0.7494733   0.7494733
  0.79769076  0.79769076]
localization_length: 1.989459566161395
1.99137093740439
W_list: [3.0]
L_list: [15.93096749923512]
