Norm difference: 1.0
Norm difference: 1.0
1 1
1 2
1 3
2 1
2 2
2 3
3 1
3 2
3 3
1 1
1 2
1 3
2 1
2 2
2 3
3 1
3 2
3 3
1 1
1 2
1 3
2 1
2 2
2 3
3 1
3 2
3 3
1 1
1 2
1 3
2 1
2 2
2 3
3 1
3 2
3 3
1 1
1 2
1 3
2 1
2 2
2 3
3 1
3 2
3 3
1 1
1 2
1 3
2 1
2 2
2 3
3 1
3 2
3 3
1 1
1 2
1 3
2 1
2 2
2 3
3 1
3 2
3 3
1 1
1 2
1 3
2 1
2 2
2 3
3 1
3 2
3 3
1 1
1 2
1 3
2 1
2 2
2 3
3 1
3 2
3 3
1 1
1 2
1 3
2 1
2 2
2 3
3 1
3 2
3 3
1 1
1 2
1 3
2 1
2 2
2 3
3 1
3 2
3 3
1 1
1 2
1 3
2 1
2 2
2 3
3 1
3 2
3 3
1 1
1 2
1 3
2 1
2 2
2 3
3 1
3 2
3 3
1 1
1 2
1 3
2 1
2 2
2 3
3 1
3 2
3 3
1 1
1 2
1 3
2 1
2 2
2 3
3 1
3 2
3 3
1 1
1 2
1 3
2 1
2 2
2 3
3 1
3 2
3 3
1 1
1 2
1 3
2 1
2 2
2 3
3 1
3 2
3 3
1 1
1 2
1 3
2 1
2 2
2 3
3 1
3 2
3 3
1 1
1 2
1 3
2 1
2 2
2 3
3 1
3 2
3 3
1 1
1 2
1 3
2 1
2 2
2 3
3 1
3 2
3 3
1 1 1 0.0072958740273531535
1 2 1 0.0038897777735356727
1 3 1 0.007698663182369292
2 1 1 0.003905202986839218
2 2 1 0.0029408771372123415
2 3 1 0.0040562561879943365
3 1 1 0.0074420824366837526
3 2 1 0.0038531391500921117
3 3 1 0.006561564371014628
1 1 2 0.005517668637504742
1 2 2 0.004111430270292628
1 3 2 0.006913924131002643
2 1 2 0.004942897604343077
2 2 2 0.005174422613599764
2 3 2 0.005609574956210354
3 1 2 0.008227516639660454
3 2 2 0.004915047849952501
3 3 2 0.006272184890255661
1 1 3 0.004767499449879144
1 2 3 0.0039912903579317136
1 3 3 0.005236168444035112
2 1 3 0.0036905160162526577
2 2 3 0.002335194127935325
2 3 3 0.003868442400730354
3 1 3 0.005981712375232214
3 2 3 0.00345195344986553
3 3 3 0.0052887717742109396
1 1 4 0.004284004090650151
1 2 4 0.003936220855375706
1 3 4 0.0055077965471209845
2 1 4 0.005097514818398872
2 2 4 0.0055671020523446685
2 3 4 0.005117841919156195
3 1 4 0.007160987050583644
3 2 4 0.0066377561685596834
3 3 4 0.005174690912438143
1 1 5 0.004386563736032096
1 2 5 0.0041962008749363315
1 3 5 0.004855741599792608
2 1 5 0.0036545331299997832
2 2 5 0.0026733841787298833
2 3 5 0.0031664318370239067
3 1 5 0.00536110929377174
3 2 5 0.00412269013662081
3 3 5 0.006216950279622009
1 1 6 0.006219854697443421
1 2 6 0.004259754606352899
1 3 6 0.004742091154756311
2 1 6 0.005176772946368731
2 2 6 0.006006389274139685
2 3 6 0.004025977429938503
3 1 6 0.00499190135388001
3 2 6 0.00583841578885153
3 3 6 0.006605876503691857
1 1 7 0.005398473483342369
1 2 7 0.003979135362873988
1 3 7 0.004346538260861824
2 1 7 0.003703835550453159
2 2 7 0.0029276057344189547
2 3 7 0.004754936965871731
3 1 7 0.005366167231824863
3 2 7 0.004208945485034814
3 3 7 0.005449653038365184
1 1 8 0.005611208785050538
1 2 8 0.004880599325173251
1 3 8 0.0037440717244462186
2 1 8 0.004767662850873042
2 2 8 0.005493071935502677
2 3 8 0.0038409687436896404
3 1 8 0.005741600914618399
3 2 8 0.004729656885083198
3 3 8 0.006520258151196242
1 1 9 0.004394932119025668
1 2 9 0.004358660016334141
1 3 9 0.005279385118287121
2 1 9 0.0036844615241788314
2 2 9 0.003854632096892007
2 3 9 0.004954944058148941
3 1 9 0.00541184761592961
3 2 9 0.00454640505382046
3 3 9 0.0053470966939882575
1 1 10 0.0042336925917944865
1 2 10 0.0048195408407852944
1 3 10 0.004464162838193875
2 1 10 0.004424910134541238
2 2 10 0.004744729690261658
2 3 10 0.00406264122020066
3 1 10 0.006356009509734776
3 2 10 0.005801942429741866
3 3 10 0.004180709781436453
1 1 11 0.004408840870572234
1 2 11 0.004872215041426275
1 3 11 0.006342724037090561
2 1 11 0.004270471504873163
2 2 11 0.004780614390199323
2 3 11 0.005470116209643815
3 1 11 0.004779417515512714
3 2 11 0.004627191038350274
3 3 11 0.005130580997127779
1 1 12 0.005064724722943889
1 2 12 0.0036118609968312774
1 3 12 0.006536155133754345
2 1 12 0.004627220286941241
2 2 12 0.004428800022845869
2 3 12 0.004728867956480037
3 1 12 0.0050350388613758365
3 2 12 0.005925160709887672
3 3 12 0.004656621386272114
1 1 13 0.007061120818637105
1 2 13 0.004689567590853715
1 3 13 0.006385498245605267
2 1 13 0.00567470412349412
2 2 13 0.005533592191773482
2 3 13 0.006022923528290533
3 1 13 0.005435701103738092
3 2 13 0.005286634775217779
3 3 13 0.005749161507758291
1 1 14 0.0054316321788171855
1 2 14 0.004955215081816987
1 3 14 0.005133861555232716
2 1 14 0.004860897795317865
2 2 14 0.005080746501844917
2 3 14 0.0050415855690080485
3 1 14 0.004998640045849867
3 2 14 0.005515452848842252
3 3 14 0.007569282192382882
1 1 15 0.004903965488488599
1 2 15 0.006299226709082936
1 3 15 0.005700201518937511
2 1 15 0.00565541497321653
2 2 15 0.005325652889837286
2 3 15 0.006894629472527866
3 1 15 0.005750868722154954
3 2 15 0.004966725206041303
3 3 15 0.008602120563629545
1 1 16 0.0055318317958706585
1 2 16 0.005427320718430848
1 3 16 0.006125138454366843
2 1 16 0.004914137758336211
2 2 16 0.005296872887832094
2 3 16 0.0055372336680982685
3 1 16 0.006879721585245945
3 2 16 0.00537109657847165
3 3 16 0.006869587931227686
1 1 17 0.0068564471080756525
1 2 17 0.005987084675151507
1 3 17 0.007031469852346313
2 1 17 0.006233790739779952
2 2 17 0.005166478818069384
2 3 17 0.008170600526439444
3 1 17 0.0063851463590119725
3 2 17 0.005859821394710034
3 3 17 0.007367141240038924
1 1 18 0.0063912303542013466
1 2 18 0.005996257696535581
1 3 18 0.006670527050878376
2 1 18 0.005231266922602722
2 2 18 0.004650416789501651
2 3 18 0.006142111844756713
3 1 18 0.006637090094497781
3 2 18 0.006174145829145791
3 3 18 0.006034788070463907
1 1 19 0.006680661968769437
1 2 19 0.005501112969130334
1 3 19 0.007435501134507265
2 1 19 0.005290556191697156
2 2 19 0.0058882531848940415
2 3 19 0.007872315042978178
3 1 19 0.008863357009107493
3 2 19 0.007758389339921111
3 3 19 0.007730545276266471
1 1 20 0.005766661625346633
1 2 20 0.005725588123105439
1 3 20 0.007162138933887893
2 1 20 0.004031154515665424
2 2 20 0.004017916351046374
2 3 20 0.006492011905410766
3 1 20 0.006121885050714087
3 2 20 0.005703425222870048
3 3 20 0.008326170184221042
