W: 3.2
num_iter: 0
[-1.03833997 -1.03833997 -1.02602986 -1.02602986 -1.0124714  -1.0124714
 -0.9971533  -0.9971533  -0.98110156 -0.98110156 -0.96356748 -0.96356748
 -0.9444833  -0.9444833  -0.92388991 -0.92388991 -0.90203245 -0.90203245
 -0.87905419 -0.87905419 -0.8545392  -0.8545392  -0.82804037 -0.82804037
 -0.8014522  -0.8014522  -0.77294933 -0.77294933 -0.74319151 -0.74319151
 -0.71258013 -0.71258013 -0.68054153 -0.68054153 -0.64680167 -0.64680167
 -0.61239726 -0.61239726 -0.57642552 -0.57642552 -0.53965993 -0.53965993
 -0.50070788 -0.50070788 -0.46146809 -0.46146809 -0.42020878 -0.42020878
 -0.37766897 -0.37766897 -0.33423247 -0.33423247 -0.28881938 -0.28881938
 -0.24197169 -0.24197169 -0.19466233 -0.19466233 -0.14546327 -0.14546327
 -0.09391517 -0.09391517 -0.03470391 -0.03470391  0.03470189  0.03470189
  0.09391694  0.09391694  0.14546757  0.14546757  0.19466365  0.19466365
  0.24197177  0.24197177  0.28881593  0.28881593  0.33423292  0.33423292
  0.37767489  0.37767489  0.42020754  0.42020754  0.46146118  0.46146118
  0.50071208  0.50071208  0.53965833  0.53965833  0.57642965  0.57642965
  0.61240953  0.61240953  0.64679975  0.64679975  0.68053731  0.68053731
  0.71257376  0.71257376  0.74319442  0.74319442  0.77295201  0.77295201
  0.8014529   0.8014529   0.82803872  0.82803872  0.85453519  0.85453519
  0.87905365  0.87905365  0.90203229  0.90203229  0.92388932  0.92388932
  0.9444828   0.9444828   0.96356729  0.96356729  0.981102    0.981102
  0.99715333  0.99715333  1.01247053  1.01247053  1.02602511  1.02602511
  1.03833975  1.03833975]
localization_length: 0.9005272146402148
0.9070832477385271
W_list: [3.2]
L_list: [29.026663927632868]
