Norm difference: 1.0
Norm difference: 1.0
1 1
1 2
1 3
2 1
2 2
2 3
3 1
3 2
3 3
1 1
1 2
1 3
2 1
2 2
2 3
3 1
3 2
3 3
1 1
1 2
1 3
2 1
2 2
2 3
3 1
3 2
3 3
1 1
1 2
1 3
2 1
2 2
2 3
3 1
3 2
3 3
1 1
1 2
1 3
2 1
2 2
2 3
3 1
3 2
3 3
1 1
1 2
1 3
2 1
2 2
2 3
3 1
3 2
3 3
1 1
1 2
1 3
2 1
2 2
2 3
3 1
3 2
3 3
1 1
1 2
1 3
2 1
2 2
2 3
3 1
3 2
3 3
1 1
1 2
1 3
2 1
2 2
2 3
3 1
3 2
3 3
1 1
1 2
1 3
2 1
2 2
2 3
3 1
3 2
3 3
1 1
1 2
1 3
2 1
2 2
2 3
3 1
3 2
3 3
1 1
1 2
1 3
2 1
2 2
2 3
3 1
3 2
3 3
1 1
1 2
1 3
2 1
2 2
2 3
3 1
3 2
3 3
1 1
1 2
1 3
2 1
2 2
2 3
3 1
3 2
3 3
1 1
1 2
1 3
2 1
2 2
2 3
3 1
3 2
3 3
1 1
1 2
1 3
2 1
2 2
2 3
3 1
3 2
3 3
1 1
1 2
1 3
2 1
2 2
2 3
3 1
3 2
3 3
1 1
1 2
1 3
2 1
2 2
2 3
3 1
3 2
3 3
1 1
1 2
1 3
2 1
2 2
2 3
3 1
3 2
3 3
1 1
1 2
1 3
2 1
2 2
2 3
3 1
3 2
3 3
1 1 1 0.006507967613449633
1 2 1 0.009769897976969937
1 3 1 0.007706189582519583
2 1 1 0.005561351614763519
2 2 1 0.00803832484885007
2 3 1 0.007434148728504039
3 1 1 0.00592046032538201
3 2 1 0.006893347789044856
3 3 1 0.007128803578910742
1 1 2 0.00592592303572278
1 2 2 0.007751456052939696
1 3 2 0.007579565584082086
2 1 2 0.005982137463913742
2 2 2 0.006702373400431752
2 3 2 0.005866951819458979
3 1 2 0.007187144191295345
3 2 2 0.006679886665934119
3 3 2 0.005667994894087106
1 1 3 0.004487157847844111
1 2 3 0.009136991691978878
1 3 3 0.006897878847606764
2 1 3 0.006459339570177841
2 2 3 0.005832494979435975
2 3 3 0.0052192322712769895
3 1 3 0.0062960394577208315
3 2 3 0.007412574726098959
3 3 3 0.006326482969109713
1 1 4 0.005219951991261089
1 2 4 0.00701737368627566
1 3 4 0.006788384435445957
2 1 4 0.004437434913958098
2 2 4 0.0053596138500588905
2 3 4 0.004605417967377153
3 1 4 0.004396379988757451
3 2 4 0.00697972733572165
3 3 4 0.00609143729510086
1 1 5 0.004948828778294874
1 2 5 0.003714268328321655
1 3 5 0.003735257087003492
2 1 5 0.0028115506063936323
2 2 5 0.006566047015424137
2 3 5 0.005599457503736848
3 1 5 0.0037967391584716147
3 2 5 0.005849025581075783
3 3 5 0.004825579488314432
1 1 6 0.004675944945310931
1 2 6 0.005034569944688728
1 3 6 0.0046816345895004385
2 1 6 0.002949777492593167
2 2 6 0.003567817957873981
2 3 6 0.003251979815973749
3 1 6 0.004416093870139246
3 2 6 0.003961043541752842
3 3 6 0.0036281258403339247
1 1 7 0.003304639358829513
1 2 7 0.00388147341153968
1 3 7 0.0036201167508631282
2 1 7 0.003507419850005174
2 2 7 0.0038617996013062114
2 3 7 0.0019734322371024026
3 1 7 0.0038129423912828505
3 2 7 0.003965160405761092
3 3 7 0.002912872920896355
1 1 8 0.0023696824942504796
1 2 8 0.004805044310815326
1 3 8 0.0038958030011755065
2 1 8 0.0021636487668439063
2 2 8 0.002547682448168407
2 3 8 0.0018399530440256803
3 1 8 0.0017039998513508092
3 2 8 0.004007745294203374
3 3 8 0.0033245191627683073
1 1 9 0.0023961385436608055
1 2 9 0.0026684477456874523
1 3 9 0.0019752717212005665
2 1 9 0.0017864148582693782
2 2 9 0.0024325330680264956
2 3 9 0.001043811821685225
3 1 9 0.002120609207811968
3 2 9 0.0029930200347602844
3 3 9 0.001943829830199232
1 1 10 0.0023629801689475016
1 2 10 0.002435686479566989
1 3 10 0.001372274439680209
2 1 10 0.0016223140887726966
2 2 10 0.0016906564362667632
2 3 10 0.0013890303943936155
3 1 10 0.002176207358398666
3 2 10 0.002083754219429667
3 3 10 0.001732844291539614
1 1 11 0.001834878869526322
1 2 11 0.001891289083163537
1 3 11 0.0011895328845817304
2 1 11 0.0008259569146976172
2 2 11 0.001518604070013392
2 3 11 0.0017421655042994199
3 1 11 0.0015479482766420107
3 2 11 0.001996403614536873
3 3 11 0.0015385040803822506
1 1 12 0.0010468640691997854
1 2 12 0.0017020984317379973
1 3 12 0.0014843864010137416
2 1 12 0.0009852607002476573
2 2 12 0.0012088314319833482
2 3 12 0.0012160220084086136
3 1 12 0.001270570624743539
3 2 12 0.0014169889420440798
3 3 12 0.0012948577982499414
1 1 13 0.0010457434223593866
1 2 13 0.0014240990174175113
1 3 13 0.0012906070926351002
2 1 13 0.0008598213387119257
2 2 13 0.0010871729809327206
2 3 13 0.001187879671669113
3 1 13 0.0013062256406124767
3 2 13 0.0014326785560779152
3 3 13 0.0011874856172599869
1 1 14 0.000864169520132222
1 2 14 0.0011143457048926595
1 3 14 0.0013838160840588369
2 1 14 0.0009219341590658373
2 2 14 0.0013791465920005544
2 3 14 0.0007178295899557882
3 1 14 0.0008812892287678965
3 2 14 0.0012341315730878843
3 3 14 0.001197787025332215
1 1 15 0.0009173167881432066
1 2 15 0.0013283227150228342
1 3 15 0.0011260554306668116
2 1 15 0.0006526972231925381
2 2 15 0.0007948198870830243
2 3 15 0.0007911459017371445
3 1 15 0.0007919778586407009
3 2 15 0.0011633680999670877
3 3 15 0.0010085546388594788
1 1 16 0.0009129290505666264
1 2 16 0.0010321295211866356
1 3 16 0.0009816382817727427
2 1 16 0.0006411376020950748
2 2 16 0.0009421539476930898
2 3 16 0.0006171449609927414
3 1 16 0.0008176925696762504
3 2 16 0.0009808194385433327
3 3 16 0.0009322861707335291
1 1 17 0.0008764703078443841
1 2 17 0.00113939117753831
1 3 17 0.0007170385325284645
2 1 17 0.0005367639293454917
2 2 17 0.00045623276297773106
2 3 17 0.0006049543341804051
3 1 17 0.0008035104538773071
3 2 17 0.0009425057357762279
3 3 17 0.0008229082721674476
1 1 18 0.0007898987204018905
1 2 18 0.0007057849856449695
1 3 18 0.0007644821228513362
2 1 18 0.0005879434193209133
2 2 18 0.0005869243560441609
2 3 18 0.0005959151731290526
3 1 18 0.000753144448487297
3 2 18 0.0007399796413974832
3 3 18 0.0007425969536163084
1 1 19 0.0006567536184793665
1 2 19 0.0007144613431099356
1 3 19 0.0007550304999195936
2 1 19 0.0003474899881901214
2 2 19 0.0004107345070311008
2 3 19 0.0005395658918115418
3 1 19 0.0005589798645411978
3 2 19 0.0006645227939537287
3 3 19 0.0006949936614790125
1 1 20 0.0005155009359448316
1 2 20 0.00046587772646387263
1 3 20 0.0007720312079936263
2 1 20 0.0003082559411476982
2 2 20 0.0003627829576426034
2 3 20 0.000528029786706659
3 1 20 0.0004735603776585951
3 2 20 0.0005071003953479313
3 3 20 0.0007569400808829287
