Norm difference: 1.0
Norm difference: 1.0000000000000002
1 1
1 2
1 3
2 1
2 2
2 3
3 1
3 2
3 3
1 1
1 2
1 3
2 1
2 2
2 3
3 1
3 2
3 3
1 1
1 2
1 3
2 1
2 2
2 3
3 1
3 2
3 3
1 1
1 2
1 3
2 1
2 2
2 3
3 1
3 2
3 3
1 1
1 2
1 3
2 1
2 2
2 3
3 1
3 2
3 3
1 1
1 2
1 3
2 1
2 2
2 3
3 1
3 2
3 3
1 1
1 2
1 3
2 1
2 2
2 3
3 1
3 2
3 3
1 1
1 2
1 3
2 1
2 2
2 3
3 1
3 2
3 3
1 1
1 2
1 3
2 1
2 2
2 3
3 1
3 2
3 3
1 1
1 2
1 3
2 1
2 2
2 3
3 1
3 2
3 3
1 1
1 2
1 3
2 1
2 2
2 3
3 1
3 2
3 3
1 1
1 2
1 3
2 1
2 2
2 3
3 1
3 2
3 3
1 1
1 2
1 3
2 1
2 2
2 3
3 1
3 2
3 3
1 1
1 2
1 3
2 1
2 2
2 3
3 1
3 2
3 3
1 1
1 2
1 3
2 1
2 2
2 3
3 1
3 2
3 3
1 1
1 2
1 3
2 1
2 2
2 3
3 1
3 2
3 3
1 1
1 2
1 3
2 1
2 2
2 3
3 1
3 2
3 3
1 1
1 2
1 3
2 1
2 2
2 3
3 1
3 2
3 3
1 1
1 2
1 3
2 1
2 2
2 3
3 1
3 2
3 3
1 1
1 2
1 3
2 1
2 2
2 3
3 1
3 2
3 3
1 1 1 0.00982575884858935
1 2 1 0.00924973630323167
1 3 1 0.008253134173852102
2 1 1 0.013181246222502297
2 2 1 0.005389016583633904
2 3 1 0.007984509794953522
3 1 1 0.00856214930011302
3 2 1 0.011041831462364612
3 3 1 0.011643937942165384
1 1 2 0.007600072808820246
1 2 2 0.007229051019904753
1 3 2 0.005834937169343355
2 1 2 0.008458015194943122
2 2 2 0.007804485513731553
2 3 2 0.0074524558757524785
3 1 2 0.012413899543975017
3 2 2 0.00966353571278111
3 3 2 0.008397427064695675
1 1 3 0.007390366860593573
1 2 3 0.0069157160041183495
1 3 3 0.008983568861769358
2 1 3 0.008209769828195771
2 2 3 0.006343079733216191
2 3 3 0.006663132728570291
3 1 3 0.010934672813136214
3 2 3 0.006631130274976073
3 3 3 0.007904583227667603
1 1 4 0.006328765523897585
1 2 4 0.0050807265045184555
1 3 4 0.007830064399888328
2 1 4 0.009020375615929293
2 2 4 0.007037389055902473
2 3 4 0.005864115448731494
3 1 4 0.009481991359927944
3 2 4 0.008651893929337738
3 3 4 0.005619552470243712
1 1 5 0.007170396658461619
1 2 5 0.007122442975407442
1 3 5 0.005170108735100012
2 1 5 0.007847151622898998
2 2 5 0.005040582939304828
2 3 5 0.005039304950631516
3 1 5 0.0092728899594183
3 2 5 0.005675340209818953
3 3 5 0.005720222722322658
1 1 6 0.006709664912137312
1 2 6 0.00611912396623922
1 3 6 0.0056527013336387325
2 1 6 0.00683230644968971
2 2 6 0.004511737841494334
2 3 6 0.003907279194503592
3 1 6 0.007738295179364638
3 2 6 0.00527913038385903
3 3 6 0.006157108819340138
1 1 7 0.006750243418249037
1 2 7 0.006027579688598968
1 3 7 0.005147160822397872
2 1 7 0.005334581940251934
2 2 7 0.006357926767986586
2 3 7 0.005094040199103768
3 1 7 0.006390002155156819
3 2 7 0.005720584710578616
3 3 7 0.004551330154230333
1 1 8 0.007602742615686121
1 2 8 0.006234661499368136
1 3 8 0.004244520797625876
2 1 8 0.0054192207681455435
2 2 8 0.0045771016128340995
2 3 8 0.004685163279625649
3 1 8 0.005329030656892983
3 2 8 0.005568308054698704
3 3 8 0.005431314439759586
1 1 9 0.0064229900185150835
1 2 9 0.0045647853714500955
1 3 9 0.005560143801710563
2 1 9 0.006338697474017364
2 2 9 0.006212629732173028
2 3 9 0.004129208550549954
3 1 9 0.005771060901646445
3 2 9 0.006407266675891411
3 3 9 0.0052054616405501275
1 1 10 0.007810542651919832
1 2 10 0.00650081407993737
1 3 10 0.00325361468164412
2 1 10 0.004607550235840403
2 2 10 0.002981566580325706
2 3 10 0.004884171146348626
3 1 10 0.0057026105233377224
3 2 10 0.00504736047963008
3 3 10 0.005725618500627382
1 1 11 0.006302360039103304
1 2 11 0.004389088399220312
1 3 11 0.0037652092872798226
2 1 11 0.007233905199822692
2 2 11 0.006994993403035531
2 3 11 0.003267844421296343
3 1 11 0.006390544476454349
3 2 11 0.005446681099486514
3 3 11 0.005539938743179082
1 1 12 0.006688324741670376
1 2 12 0.005584168365103528
1 3 12 0.00423848766396903
2 1 12 0.005432099074886437
2 2 12 0.003018276036252554
2 3 12 0.003404557760301499
3 1 12 0.007721404772997789
3 2 12 0.0046940554520657944
3 3 12 0.004369123797111162
1 1 13 0.00712615884826691
1 2 13 0.0038610981074265263
1 3 13 0.005015626889679213
2 1 13 0.006624653378708434
2 2 13 0.005587718433749506
2 3 13 0.003202831754883536
3 1 13 0.006941724331026742
3 2 13 0.00631725269547465
3 3 13 0.00369031187424126
1 1 14 0.005097940188529019
1 2 14 0.0055583375466433885
1 3 14 0.006025218612925454
2 1 14 0.006497192628066815
2 2 14 0.003027834016504559
2 3 14 0.004043906665142398
3 1 14 0.007279485843515894
3 2 14 0.004677751475083754
3 3 14 0.003089809941407387
1 1 15 0.0069172472290352826
1 2 15 0.004840527830400961
1 3 15 0.004051976414860966
2 1 15 0.005132646362840127
2 2 15 0.005018735846063589
2 3 15 0.004506240399701659
3 1 15 0.007558821998008838
3 2 15 0.004635746577509869
3 3 15 0.00394360180337449
1 1 16 0.0063099726287073
1 2 16 0.004168557098248015
1 3 16 0.004579134857352116
2 1 16 0.006660640049021134
2 2 16 0.004026402225583626
2 3 16 0.0031955713044027946
3 1 16 0.006805134812781483
3 2 16 0.005057408391058574
3 3 16 0.004925994979790071
1 1 17 0.006006315058645272
1 2 17 0.004832315728857518
1 3 17 0.003938920055562163
2 1 17 0.004664089025924252
2 2 17 0.0033851172045953476
2 3 17 0.003909172539699887
3 1 17 0.006498814634943652
3 2 17 0.004441474911275412
3 3 17 0.004430285934887595
1 1 18 0.006770561502590151
1 2 18 0.003042189228103594
1 3 18 0.0025898643785618857
2 1 18 0.005371817199798197
2 2 18 0.004173737374584756
2 3 18 0.0038223063199055453
3 1 18 0.006796511318750557
3 2 18 0.00495313730232245
3 3 18 0.004852737345877296
1 1 19 0.0058134644896095
1 2 19 0.0038756569790659055
1 3 19 0.0034256505317508067
2 1 19 0.0051074757254490335
2 2 19 0.002415183442834425
2 3 19 0.003129203377664526
3 1 19 0.005515550295546733
3 2 19 0.004474919897403373
3 3 19 0.004417696184145645
1 1 20 0.005017864789572305
1 2 20 0.003143531294419609
1 3 20 0.002785880185494328
2 1 20 0.005194445604896724
2 2 20 0.003840239425860171
2 3 20 0.002837749467715513
3 1 20 0.006021999286136592
3 2 20 0.004540130333703071
3 3 20 0.0038491360866649955
