W: 3.8
num_iter: 0
[-0.93411377 -0.93411377 -0.8834547  -0.8834547  -0.81605897 -0.81605897
 -0.72945566 -0.72945566 -0.62153602 -0.62153602 -0.48848271 -0.48848271
 -0.32287007 -0.32287007 -0.1126427  -0.1126427   0.11263886  0.11263886
  0.32287648  0.32287648  0.48848499  0.48848499  0.62153805  0.62153805
  0.72945512  0.72945512  0.81605141  0.81605141  0.88345371  0.88345371
  0.93411598  0.93411598]
localization_length: 1.1097413047306828
1.1275344139910346
W_list: [3.8]
L_list: [9.020275311928277]
