[-2.41421356 -1.         -1.         -0.41421356  0.41421356  1.
  1.          2.41421356]
W: 2.2
num_iter: 0
[-0.56511772 -0.55137345 -0.53767244 -0.5231421  -0.50842879 -0.49338839
 -0.47776625 -0.4622095  -0.44626392 -0.4298972  -0.41387336 -0.39751983
 -0.38087565 -0.36458936 -0.34721936 -0.33092117 -0.31407725 -0.29669271
 -0.2802411  -0.26240228 -0.24484908 -0.22710666 -0.20977962 -0.1917688
 -0.17349682 -0.1543191  -0.13507942 -0.11553936 -0.09514561 -0.07378353
 -0.05094053 -0.02646361  0.02644767  0.05095338  0.07378156  0.09514265
  0.1155335   0.1350603   0.15433483  0.17349462  0.19176555  0.20977517
  0.22712005  0.24485173  0.26240117  0.28023514  0.29668923  0.31408654
  0.3309262   0.34720781  0.36458426  0.38087784  0.39752396  0.41388084
  0.42989838  0.44627301  0.4622193   0.47776523  0.49338703  0.50842957
  0.52312817  0.53767379  0.55137694  0.56511852]
localization_length: 1.1815784370245357
1.2143373777880861
W_list: [2.2]
L_list: [1.2143373777880861]
[-2.41421356 -1.         -1.         -0.41421356  0.41421356  1.
  1.          2.41421356]
W: 2.2
num_iter: 0
[-0.56482132 -0.55125778 -0.53733426 -0.52281113 -0.50820829 -0.4935475
 -0.47768751 -0.46219934 -0.44603036 -0.42987858 -0.41377762 -0.39709196
 -0.38083522 -0.36390352 -0.34693391 -0.33045672 -0.31388624 -0.29638401
 -0.27927103 -0.26263346 -0.24483204 -0.22706047 -0.20945704 -0.19191523
 -0.17335003 -0.15420881 -0.13521505 -0.11572379 -0.09503215 -0.07341617
 -0.0504864  -0.02635389  0.02635694  0.05048566  0.07341032  0.09503941
  0.11571553  0.13519493  0.15422071  0.17335274  0.19192433  0.20946371
  0.22705819  0.24483222  0.26262182  0.27928589  0.29638162  0.31389459
  0.33045549  0.34693282  0.3639069   0.38083559  0.39708713  0.41377428
  0.42988268  0.44601359  0.4621939   0.47768889  0.49354269  0.50819975
  0.52281872  0.5373475   0.55125873  0.56482355]
localization_length: 1.185783136817439
1.2053675504550503
W_list: [2.2]
L_list: [1.2053675504550503]
