[-2.41421356 -1.         -1.         -0.41421356  0.41421356  1.
  1.          2.41421356]
W: 1.7999999999999998
num_iter: 0
[-0.45853351 -0.31849181 -0.19088555 -0.0907967   0.09080185  0.19087576
  0.31850153  0.45852843]
localization_length: 2.753404100995614
2.779271292648231
num_iter: 1
[-0.45784933 -0.31707893 -0.19198995 -0.0902952   0.09029038  0.19199433
  0.31708044  0.45784826]
localization_length: 2.7688441177098397
2.7571868694950123
num_iter: 2
[-0.45840849 -0.31791571 -0.19096229 -0.09054105  0.09054558  0.19095561
  0.31792078  0.45840557]
localization_length: 2.761178491533956
2.7539717319972894
W_list: [1.7999999999999998]
L_list: [2.7634766313801777]
[-2.41421356 -1.         -1.         -0.41421356  0.41421356  1.
  1.          2.41421356]
W: 1.7999999999999998
num_iter: 0
[-0.45896781 -0.31800569 -0.19044944 -0.08947798  0.08947205  0.19043924
  0.31803089  0.45895873]
localization_length: 2.7941687388572913
2.8225264249931454
num_iter: 1
[-0.4584493  -0.31874831 -0.19127236 -0.09008226  0.09008378  0.19127001
  0.31874259  0.45845586]
localization_length: 2.7752412894284606
2.7670015471271303
num_iter: 2
[-0.45803109 -0.3182772  -0.19242443 -0.08994121  0.08994437  0.19242531
  0.31827415  0.45803011]
localization_length: 2.779593420670503
2.757487055844172
W_list: [1.7999999999999998]
L_list: [2.782338342654816]
