[-2.41421356 -1.         -1.         -0.41421356  0.41421356  1.
  1.          2.41421356]
W: 2.2
num_iter: 0
[-0.56432415 -0.5511407  -0.53737326 -0.5231193  -0.50797688 -0.49309491
 -0.4774612  -0.46189846 -0.44584577 -0.42992831 -0.41374558 -0.39724399
 -0.38096006 -0.36406732 -0.34796706 -0.33103418 -0.31363419 -0.29700297
 -0.27916202 -0.26259995 -0.24504108 -0.22724536 -0.20973377 -0.19181048
 -0.17324538 -0.15468906 -0.13582132 -0.11541516 -0.09536181 -0.07407642
 -0.05117443 -0.02629735  0.02630187  0.05117233  0.07407792  0.09535748
  0.11540926  0.13582902  0.15468123  0.173239    0.19181776  0.20972349
  0.2272517   0.24503965  0.2626248   0.27914284  0.29700647  0.31362117
  0.33103236  0.34797352  0.36407244  0.38095997  0.39724729  0.41373314
  0.4299258   0.44585539  0.46190239  0.47745641  0.49309352  0.50798957
  0.52311835  0.53736714  0.55113014  0.56433846]
localization_length: 1.1883325964468394
1.2044427142049299
W_list: [2.2]
L_list: [1.2044427142049299]
[-2.41421356 -1.         -1.         -0.41421356  0.41421356  1.
  1.          2.41421356]
W: 2.2
num_iter: 0
[-0.56515461 -0.55172957 -0.53719323 -0.52318264 -0.50834999 -0.49308184
 -0.47743096 -0.46208731 -0.44578588 -0.430048   -0.41370883 -0.39775187
 -0.38091037 -0.36421568 -0.34806653 -0.33088788 -0.31385359 -0.29691727
 -0.27991588 -0.26296735 -0.24517405 -0.22763728 -0.20921872 -0.19177024
 -0.17321806 -0.15447415 -0.13508318 -0.11557872 -0.09503108 -0.07396747
 -0.05073267 -0.02602668  0.02602688  0.05072729  0.07397166  0.0950339
  0.11556915  0.13509626  0.15448745  0.17319044  0.19178298  0.20922774
  0.22762766  0.24516842  0.26297181  0.27990609  0.29693452  0.31386791
  0.3308688   0.34807333  0.36422138  0.38090107  0.39775338  0.41370337
  0.43003886  0.44580293  0.4620706   0.47743879  0.4930729   0.50834156
  0.52319607  0.53719374  0.55173079  0.56515386]
localization_length: 1.2006911558142954
1.208805052095531
W_list: [2.2]
L_list: [1.208805052095531]
