W: 3.6
num_iter: 0
[-0.95489186 -0.95489186 -0.93198358 -0.93198358 -0.90426935 -0.90426935
 -0.87240539 -0.87240539 -0.8360841  -0.8360841  -0.79443614 -0.79443614
 -0.74892081 -0.74892081 -0.69792185 -0.69792185 -0.64219972 -0.64219972
 -0.58052984 -0.58052984 -0.5124586  -0.5124586  -0.43795067 -0.43795067
 -0.35599185 -0.35599185 -0.26761144 -0.26761144 -0.17163527 -0.17163527
 -0.06039854 -0.06039854  0.06039956  0.06039956  0.17163515  0.17163515
  0.26760715  0.26760715  0.35599233  0.35599233  0.43795179  0.43795179
  0.51245624  0.51245624  0.58053022  0.58053022  0.64219824  0.64219824
  0.69791746  0.69791746  0.74892118  0.74892118  0.79444201  0.79444201
  0.83608716  0.83608716  0.87240683  0.87240683  0.90426706  0.90426706
  0.93198556  0.93198556  0.95489108  0.95489108]
localization_length: 1.0347932261721229
1.0372165934284105
W_list: [3.6]
L_list: [16.59546549485457]
