Norm difference: 1.0
Norm difference: 1.0
1 1
1 2
2 1
2 2
1 1
1 2
2 1
2 2
1 1
1 2
2 1
2 2
1 1
1 2
2 1
2 2
1 1
1 2
2 1
2 2
1 1
1 2
2 1
2 2
1 1
1 2
2 1
2 2
1 1
1 2
2 1
2 2
1 1
1 2
2 1
2 2
1 1
1 2
2 1
2 2
1 1
1 2
2 1
2 2
1 1
1 2
2 1
2 2
1 1
1 2
2 1
2 2
1 1
1 2
2 1
2 2
1 1
1 2
2 1
2 2
1 1
1 2
2 1
2 2
1 1
1 2
2 1
2 2
1 1
1 2
2 1
2 2
1 1
1 2
2 1
2 2
1 1
1 2
2 1
2 2
1 1 1 0.0018340104756078286
1 2 1 0.0031694176484291744
2 1 1 0.0027571475521985674
2 2 1 0.001848429211617688
1 1 2 0.0010129975833915537
1 2 2 0.0020178871094602606
2 1 2 0.0018337211262431624
2 2 2 0.0012334710088915614
1 1 3 0.0012931832812582895
1 2 3 0.0007989323083562056
2 1 3 0.0010380048316184054
2 2 3 0.0018116765699086052
1 1 4 0.001277776612351034
1 2 4 0.0008256966341140722
2 1 4 0.0008277712144368562
2 2 4 0.001090505024574797
1 1 5 0.0006210916366408997
1 2 5 0.0008150133839164112
2 1 5 0.0011558391712454038
2 2 5 0.00041490467766376935
1 1 6 0.000859255832073721
1 2 6 0.0005992556848131758
2 1 6 0.0008599714777751861
2 2 6 0.0005165778513162506
1 1 7 0.00048009027969162985
1 2 7 0.00033106054791432816
2 1 7 0.0005864969737799728
2 2 7 0.0003638304739780219
1 1 8 0.0006402418545360046
1 2 8 0.0004729601776425528
2 1 8 0.0003436494599049329
2 2 8 0.0003776873728453346
1 1 9 0.00040615130551526965
1 2 9 0.00025514721952921653
2 1 9 0.00015702314155599008
2 2 9 0.0004287088892677809
1 1 10 0.00016678199824247212
1 2 10 0.0004459313827186868
2 1 10 0.0002958535475109803
2 2 10 0.0003620344683999418
1 1 11 0.00012769627894916702
1 2 11 0.0003956687158804343
2 1 11 0.00025310315489349405
2 2 11 0.00023400337370301747
1 1 12 0.000397602276294375
1 2 12 0.00014602372075375852
2 1 12 0.00019977601924241035
2 2 12 0.00028832016197352206
1 1 13 0.00022257526920965547
1 2 13 0.00018143268930772026
2 1 13 0.0002545253109995878
2 2 13 0.00020481474802762343
1 1 14 0.00012582226771072096
1 2 14 0.0001840654953621288
2 1 14 0.00019275035285604565
2 2 14 0.00012706189197986788
1 1 15 0.00014188363813827877
1 2 15 0.00017383472292372144
2 1 15 0.00014652652643620424
2 2 15 0.00016171969814563606
1 1 16 0.0001377448780093507
1 2 16 0.00016102902599756703
2 1 16 0.00014258467082109885
2 2 16 0.00017780361667692272
1 1 17 0.000161205750134039
1 2 17 0.0001555611832456074
2 1 17 0.0001368908354872068
2 2 17 0.0001378349023753366
1 1 18 0.00016347168364044834
1 2 18 0.0001371203023361366
2 1 18 0.00015665560652688108
2 2 18 0.00020981587527837248
1 1 19 0.000147422140672285
1 2 19 0.00011944658082607034
2 1 19 0.00016096643111184318
2 2 19 0.00018874504034481425
1 1 20 0.00013095806904581857
1 2 20 0.00016664982175816
2 1 20 0.0001743319657271427
2 2 20 9.534280558553209e-5
