W: 2.4000000000000004
num_iter: 0
[-1.18216845 -1.18216845 -1.15910497 -1.15910497 -1.12993313 -1.12993313
 -1.09364266 -1.09364266 -1.04863573 -1.04863573 -0.99429975 -0.99429975
 -0.92894828 -0.92894828 -0.85309813 -0.85309813 -0.76627186 -0.76627186
 -0.6706662  -0.6706662  -0.57210253 -0.57210253 -0.47127407 -0.47127407
 -0.37263688 -0.37263688 -0.27310206 -0.27310206 -0.17226652 -0.17226652
 -0.05948675 -0.05948675  0.05948442  0.05948442  0.17226861  0.17226861
  0.27309952  0.27309952  0.37263335  0.37263335  0.47126851  0.47126851
  0.5721006   0.5721006   0.67067392  0.67067392  0.76626969  0.76626969
  0.85309673  0.85309673  0.92894785  0.92894785  0.99429838  0.99429838
  1.04863345  1.04863345  1.09364768  1.09364768  1.12993657  1.12993657
  1.15910601  1.15910601  1.18217271  1.18217271]
localization_length: 1.0506952532445175
1.0567127541218104
W_list: [2.4000000000000004]
L_list: [16.907404065948967]
