Norm difference: 1.0
Norm difference: 1.0
1 1
1 2
2 1
2 2
1 1
1 2
2 1
2 2
1 1
1 2
2 1
2 2
1 1
1 2
2 1
2 2
1 1
1 2
2 1
2 2
1 1
1 2
2 1
2 2
1 1
1 2
2 1
2 2
1 1
1 2
2 1
2 2
1 1
1 2
2 1
2 2
1 1
1 2
2 1
2 2
1 1
1 2
2 1
2 2
1 1
1 2
2 1
2 2
1 1
1 2
2 1
2 2
1 1
1 2
2 1
2 2
1 1
1 2
2 1
2 2
1 1
1 2
2 1
2 2
1 1
1 2
2 1
2 2
1 1
1 2
2 1
2 2
1 1
1 2
2 1
2 2
1 1
1 2
2 1
2 2
1 1 1 0.002701702906871909
1 2 1 0.0023667258193893715
2 1 1 0.0023194523296939597
2 2 1 0.001935934618162869
1 1 2 0.0013050138744751748
1 2 2 0.0011339423992665278
2 1 2 0.001665866895660699
2 2 2 0.0014911130834105828
1 1 3 0.0016776390718870513
1 2 3 0.002673269449760581
2 1 3 0.0023185182822313675
2 2 3 0.002761179293876144
1 1 4 0.002736139971065233
1 2 4 0.0018103199956438533
2 1 4 0.0015878400577851053
2 2 4 0.0016790799143883823
1 1 5 0.002249689234541395
1 2 5 0.002504980953241834
2 1 5 0.0019318678605781767
2 2 5 0.0022466458811618373
1 1 6 0.0014483554425198547
1 2 6 0.0018395728217079077
2 1 6 0.0021574050715927923
2 2 6 0.0017035729328719305
1 1 7 0.0007699646558850172
1 2 7 0.0017726952906865546
2 1 7 0.0015720984830576885
2 2 7 0.0021585513068612385
1 1 8 0.0009010153737402961
1 2 8 0.001836623659383202
2 1 8 0.0017104408077381228
2 2 8 0.002316261401577222
1 1 9 0.001536422252379575
1 2 9 0.0014096633687437998
2 1 9 0.0014552385360377263
2 2 9 0.0018473323854117075
1 1 10 0.0012698018818183485
1 2 10 0.0007350885723364569
2 1 10 0.001055250345900748
2 2 10 0.0014931569177632274
1 1 11 0.0009756043339353311
1 2 11 0.0007665573965552254
2 1 11 0.0013455285657142297
2 2 11 0.001613258238043321
1 1 12 0.0009364313417214215
1 2 12 0.0014087971434499746
2 1 12 0.0013185771465443299
2 2 12 0.0010988315670595774
1 1 13 0.0011285768407328148
1 2 13 0.0011958824305985589
2 1 13 0.0012690601407553807
2 2 13 0.0009585454215189944
1 1 14 0.0014028883126423054
1 2 14 0.0008699077877082243
2 1 14 0.001095344207871429
2 2 14 0.0011378389775956827
1 1 15 0.0010161284531787391
1 2 15 0.000869145157502084
2 1 15 0.0013480888356279053
2 2 15 0.0010566970655786904
1 1 16 0.0008363957689429418
1 2 16 0.0009344629824587011
2 1 16 0.0012295620068506793
2 2 16 0.0010497119400047657
1 1 17 0.0007043901642118485
1 2 17 0.0008325027039645258
2 1 17 0.0011148410490481276
2 2 17 0.000882508767916102
1 1 18 0.0008348827240541636
1 2 18 0.000534179929913632
2 1 18 0.0010245521608196356
2 2 18 0.0009672658483403559
1 1 19 0.0007023093002221336
1 2 19 0.0005738432960313326
2 1 19 0.0007313571459292434
2 2 19 0.0007164181839481445
1 1 20 0.0005156466226761671
1 2 20 0.0005212431306243456
2 1 20 0.0007326034581087309
2 2 20 0.0007709057523907371
