C_list:
0.0006095152466136342 0.21989584734180403
C_list:
0.0006805448286775801 0.23158538777479534
C_list:
0.0006021264706807906 0.23311010386060094
C_list:
0.0006269764941313189 0.2539836732581147
C_list:
0.0007129086122707351 0.2755486760580094
C_list:
0.0006914497615528009 0.2936597595212238
ndim2: 60
W_list: [2.3, 2.4, 2.5, 2.5999999999999996, 2.6999999999999997, 2.8]
L_list: [4.5476074791244665, 4.318061729233312, 4.289818345231388, 3.9372609552887874, 3.629122862450178, 3.405301433299466]
C_list:
0.0005792400147763601 0.15608637015543797
C_list:
0.0005140696330497893 0.1614684391633699
C_list:
0.0005591837227962674 0.180629836059381
C_list:
0.0006014531068726614 0.19919189223786285
C_list:
0.000551060795692384 0.20585090361776603
C_list:
0.0005419423989837603 0.22383832057116032
ndim2: 60
W_list: [2.3, 2.4, 2.5, 2.5999999999999996, 2.6999999999999997, 2.8]
L_list: [6.406709304625087, 6.193160751298426, 5.536183953969021, 5.020284654989174, 4.8578849177988, 4.467510287998656]
C_list:
0.000545127400116038 0.1314866683416766
C_list:
0.0005244154983749966 0.14282464010723037
C_list:
0.0005333905485070134 0.15855846083131345
C_list:
0.0005369767991515705 0.16598302603682114
C_list:
0.0005408268377211148 0.16861977418682908
C_list:
0.0004973942773448161 0.19015187655608878
ndim2: 60
W_list: [2.3, 2.4, 2.5, 2.5999999999999996, 2.6999999999999997, 2.8]
L_list: [7.605333777272654, 7.001592997183235, 6.306822069015138, 6.024712429198412, 5.930502545282795, 5.2589541481860245]
