W: 1.6
num_iter: 0
[-1.14963594 -1.14963594 -1.14190099 -1.14190099 -1.13265347 -1.13265347
 -1.12212501 -1.12212501 -1.10996978 -1.10996978 -1.09619941 -1.09619941
 -1.08087024 -1.08087024 -1.06305753 -1.06305753 -1.04287418 -1.04287418
 -1.02084129 -1.02084129 -0.99545541 -0.99545541 -0.96723674 -0.96723674
 -0.93564585 -0.93564585 -0.90048657 -0.90048657 -0.86098677 -0.86098677
 -0.81818403 -0.81818403 -0.76997901 -0.76997901 -0.71867304 -0.71867304
 -0.66315098 -0.66315098 -0.60553996 -0.60553996 -0.54667677 -0.54667677
 -0.48874083 -0.48874083 -0.43241259 -0.43241259 -0.37889248 -0.37889248
 -0.32762181 -0.32762181 -0.27951153 -0.27951153 -0.23307176 -0.23307176
 -0.1883037  -0.1883037  -0.14500522 -0.14500522 -0.10235579 -0.10235579
 -0.0600201  -0.0600201  -0.01575547 -0.01575547  0.01575667  0.01575667
  0.06001883  0.06001883  0.10235623  0.10235623  0.1450066   0.1450066
  0.18830153  0.18830153  0.23307199  0.23307199  0.27950773  0.27950773
  0.32761596  0.32761596  0.37889601  0.37889601  0.43240794  0.43240794
  0.48873359  0.48873359  0.5466783   0.5466783   0.60553964  0.60553964
  0.66315421  0.66315421  0.71867676  0.71867676  0.76998381  0.76998381
  0.81818493  0.81818493  0.86099118  0.86099118  0.90048478  0.90048478
  0.93564986  0.93564986  0.96723163  0.96723163  0.99545856  0.99545856
  1.02083711  1.02083711  1.04287165  1.04287165  1.06305627  1.06305627
  1.08086467  1.08086467  1.0962128   1.0962128   1.10997056  1.10997056
  1.1221244   1.1221244   1.13265345  1.13265345  1.14190473  1.14190473
  1.14963189  1.14963189]
localization_length: 1.9834383780510512
2.003423973220991
W_list: [1.6]
L_list: [64.10956714307171]
