Norm difference: 1.0
Norm difference: 1.0
1 1
1 2
1 3
2 1
2 2
2 3
3 1
3 2
3 3
1 1
1 2
1 3
2 1
2 2
2 3
3 1
3 2
3 3
1 1
1 2
1 3
2 1
2 2
2 3
3 1
3 2
3 3
1 1
1 2
1 3
2 1
2 2
2 3
3 1
3 2
3 3
1 1
1 2
1 3
2 1
2 2
2 3
3 1
3 2
3 3
1 1
1 2
1 3
2 1
2 2
2 3
3 1
3 2
3 3
1 1
1 2
1 3
2 1
2 2
2 3
3 1
3 2
3 3
1 1
1 2
1 3
2 1
2 2
2 3
3 1
3 2
3 3
1 1
1 2
1 3
2 1
2 2
2 3
3 1
3 2
3 3
1 1
1 2
1 3
2 1
2 2
2 3
3 1
3 2
3 3
1 1
1 2
1 3
2 1
2 2
2 3
3 1
3 2
3 3
1 1
1 2
1 3
2 1
2 2
2 3
3 1
3 2
3 3
1 1
1 2
1 3
2 1
2 2
2 3
3 1
3 2
3 3
1 1
1 2
1 3
2 1
2 2
2 3
3 1
3 2
3 3
1 1
1 2
1 3
2 1
2 2
2 3
3 1
3 2
3 3
1 1
1 2
1 3
2 1
2 2
2 3
3 1
3 2
3 3
1 1
1 2
1 3
2 1
2 2
2 3
3 1
3 2
3 3
1 1
1 2
1 3
2 1
2 2
2 3
3 1
3 2
3 3
1 1
1 2
1 3
2 1
2 2
2 3
3 1
3 2
3 3
1 1
1 2
1 3
2 1
2 2
2 3
3 1
3 2
3 3
1 1 1 0.0169181541849403
1 2 1 0.010135134038031146
1 3 1 0.023636320123490075
2 1 1 0.012250160167234101
2 2 1 0.013141592047244188
2 3 1 0.01394274564874865
3 1 1 0.02125339010245857
3 2 1 0.009245097490987956
3 3 1 0.03061061745433028
1 1 2 0.009203289246029828
1 2 2 0.01005272484665982
1 3 2 0.01680599355953311
2 1 2 0.014297613987404112
2 2 2 0.006189210167131981
2 3 2 0.015277804813378532
3 1 2 0.01745415891608057
3 2 2 0.007997247754522725
3 3 2 0.028404169063286466
1 1 3 0.015151523731707023
1 2 3 0.009733979373245053
1 3 3 0.019860958557145342
2 1 3 0.008499942794285103
2 2 3 0.006385420270231004
2 3 3 0.012402172244407095
3 1 3 0.01658705009060063
3 2 3 0.008534420054401354
3 3 3 0.025170955625362722
1 1 4 0.018388683973924527
1 2 4 0.007470746375472242
1 3 4 0.020684508919123448
2 1 4 0.007081667934548364
2 2 4 0.005763034747714347
2 3 4 0.01010227438121873
3 1 4 0.01616761260153659
3 2 4 0.008256865756754564
3 3 4 0.02176674238941579
1 1 5 0.011935690426544465
1 2 5 0.005363573344280401
1 3 5 0.01264026635061231
2 1 5 0.007878968689277527
2 2 5 0.005168552012164583
2 3 5 0.00869943855518616
3 1 5 0.01430299498949678
3 2 5 0.006563182679324956
3 3 5 0.015324053013227335
1 1 6 0.006895258298621207
1 2 6 0.004474666456985785
1 3 6 0.008100158370981252
2 1 6 0.007626380261736107
2 2 6 0.00458888722443695
2 3 6 0.007388793659515333
3 1 6 0.010686716545219986
3 2 6 0.00594756526174497
3 3 6 0.012107083373724955
1 1 7 0.008145018742283532
1 2 7 0.005843352252115764
1 3 7 0.009760929000746906
2 1 7 0.005767670998846928
2 2 7 0.002492265967112802
2 3 7 0.00596066179542634
3 1 7 0.008965130993225873
3 2 7 0.0070165908574092994
3 3 7 0.01094726819531006
1 1 8 0.008001942211241755
1 2 8 0.006084534935378157
1 3 8 0.008384285099753348
2 1 8 0.005374911398308697
2 2 8 0.003138382101648104
2 3 8 0.004093177704255565
3 1 8 0.009689477945315921
3 2 8 0.006334517332651624
3 3 8 0.008249465312055448
1 1 9 0.006938102425669527
1 2 9 0.0038002985805582422
1 3 9 0.0041107671206176205
2 1 9 0.0041744684367728355
2 2 9 0.002731728383275597
2 3 9 0.004534385578219171
3 1 9 0.010330523600427893
3 2 9 0.004988637529287976
3 3 9 0.007627554476520314
1 1 10 0.00623305530860947
1 2 10 0.0027991013318303315
1 3 10 0.0038446482839647423
2 1 10 0.003154041109605166
2 2 10 0.0029524835669014872
2 3 10 0.003060880177487467
3 1 10 0.0065726971742863976
3 2 10 0.0036444207561886115
3 3 10 0.005558990204919497
1 1 11 0.0052740797054667945
1 2 11 0.003684803681977432
1 3 11 0.004818809171101568
2 1 11 0.0025100033379002996
2 2 11 0.0020267904566649503
2 3 11 0.002902222327243512
3 1 11 0.005258838615926577
3 2 11 0.0032228435633868376
3 3 11 0.004531896646916838
1 1 12 0.00440183694893302
1 2 12 0.0023907545246306438
1 3 12 0.004437363757461776
2 1 12 0.0031813048058776465
2 2 12 0.002170997729190023
2 3 12 0.0025470452766679667
3 1 12 0.005853888515111489
3 2 12 0.0030171745273144097
3 3 12 0.004292733706238809
1 1 13 0.004036669908863258
1 2 13 0.002126827977391841
1 3 13 0.0031252141093778205
2 1 13 0.0024835951707508986
2 2 13 0.0011012751383919737
2 3 13 0.0027909162876015455
3 1 13 0.004935640288392774
3 2 13 0.002090685895856472
3 3 13 0.0034059016199177576
1 1 14 0.003284750688908736
1 2 14 0.002224920629223559
1 3 14 0.0031333940322354073
2 1 14 0.0020584496876318572
2 2 14 0.00148103479240882
2 3 14 0.0019365186689843995
3 1 14 0.0037841833639520065
3 2 14 0.002108534299743298
3 3 14 0.0030156912405650857
1 1 15 0.0038145727408839683
1 2 15 0.001963540912477313
1 3 15 0.002122136605096641
2 1 15 0.0017948087528569527
2 2 15 0.0012918848699858723
2 3 15 0.0017949436697311714
3 1 15 0.0040735346412970296
3 2 15 0.0017359639525129588
3 3 15 0.0024706951882215306
1 1 16 0.003223051977230359
1 2 16 0.0015743161853280195
1 3 16 0.0016316961318899876
2 1 16 0.002132557457667291
2 2 16 0.001218458519015616
2 3 16 0.0016709676483294838
3 1 16 0.0037190588731040746
3 2 16 0.0017600575786433908
3 3 16 0.0027040326861351703
1 1 17 0.0021792780997731474
1 2 17 0.00156088356488567
1 3 17 0.0018884776509172508
2 1 17 0.0018285070598250109
2 2 17 0.0013879157645595038
2 3 17 0.0015359775889626755
3 1 17 0.0030284353319728003
3 2 17 0.0018813658866151512
3 3 17 0.002355631075023005
1 1 18 0.0023715349738662166
1 2 18 0.0015364410987711336
1 3 18 0.001737066967027339
2 1 18 0.0017025406206451696
2 2 18 0.0011920497552543323
2 3 18 0.0013721664958223135
3 1 18 0.0027780007405181877
3 2 18 0.0018033205498737275
3 3 18 0.00186859236521933
1 1 19 0.0030598449684471215
1 2 19 0.001406608933297762
1 3 19 0.0021778446598977102
2 1 19 0.0017153192810802516
2 2 19 0.0013008347795561753
2 3 19 0.0014049556718515877
3 1 19 0.003306905332088988
3 2 19 0.0016524499275925686
3 3 19 0.002175409552664846
1 1 20 0.002909801555033091
1 2 20 0.0015825481942152446
1 3 20 0.0026073236358680673
2 1 20 0.0022499112379659302
2 2 20 0.0008480551038836102
2 3 20 0.0017514547090044814
3 1 20 0.002849890419429079
3 2 20 0.0015051014702134574
3 3 20 0.0025217165604955417
