[-2.41421356 -1.         -1.         -0.41421356  0.41421356  1.
  1.          2.41421356]
W: 2.4
num_iter: 0
[-0.60256875 -0.57571709 -0.54634105 -0.51452725 -0.48233449 -0.44833224
 -0.41420089 -0.37915585 -0.34279871 -0.30586859 -0.26814765 -0.22872273
 -0.18914965 -0.1462409  -0.10189471 -0.0522455   0.05224936  0.10189591
  0.14624964  0.18914186  0.22871609  0.26814496  0.30587278  0.3427947
  0.37916572  0.4142037   0.44832602  0.48233329  0.51452854  0.5463384
  0.57571961  0.60256544]
localization_length: 1.196275263199662
1.197039586345523
W_list: [2.4]
L_list: [1.197039586345523]
[-2.41421356 -1.         -1.         -0.41421356  0.41421356  1.
  1.          2.41421356]
W: 2.4
num_iter: 0
[-0.60273345 -0.57561595 -0.54644275 -0.51524205 -0.48252001 -0.44874667
 -0.41508047 -0.37938867 -0.34270203 -0.30599055 -0.2690954  -0.22948427
 -0.189054   -0.14672145 -0.10142833 -0.05186644  0.05186761  0.10142902
  0.14671759  0.18906368  0.2294811   0.26909621  0.30599242  0.34270458
  0.37938625  0.41508164  0.44874359  0.48252119  0.51523805  0.54643937
  0.575618    0.60273218]
localization_length: 1.2050182351504173
1.2250471886138856
W_list: [2.4]
L_list: [1.2250471886138856]
