Norm difference: 1.0
Norm difference: 1.0
1 1
1 2
1 3
2 1
2 2
2 3
3 1
3 2
3 3
1 1
1 2
1 3
2 1
2 2
2 3
3 1
3 2
3 3
1 1
1 2
1 3
2 1
2 2
2 3
3 1
3 2
3 3
1 1
1 2
1 3
2 1
2 2
2 3
3 1
3 2
3 3
1 1
1 2
1 3
2 1
2 2
2 3
3 1
3 2
3 3
1 1
1 2
1 3
2 1
2 2
2 3
3 1
3 2
3 3
1 1
1 2
1 3
2 1
2 2
2 3
3 1
3 2
3 3
1 1
1 2
1 3
2 1
2 2
2 3
3 1
3 2
3 3
1 1
1 2
1 3
2 1
2 2
2 3
3 1
3 2
3 3
1 1
1 2
1 3
2 1
2 2
2 3
3 1
3 2
3 3
1 1
1 2
1 3
2 1
2 2
2 3
3 1
3 2
3 3
1 1
1 2
1 3
2 1
2 2
2 3
3 1
3 2
3 3
1 1
1 2
1 3
2 1
2 2
2 3
3 1
3 2
3 3
1 1
1 2
1 3
2 1
2 2
2 3
3 1
3 2
3 3
1 1
1 2
1 3
2 1
2 2
2 3
3 1
3 2
3 3
1 1
1 2
1 3
2 1
2 2
2 3
3 1
3 2
3 3
1 1
1 2
1 3
2 1
2 2
2 3
3 1
3 2
3 3
1 1
1 2
1 3
2 1
2 2
2 3
3 1
3 2
3 3
1 1
1 2
1 3
2 1
2 2
2 3
3 1
3 2
3 3
1 1
1 2
1 3
2 1
2 2
2 3
3 1
3 2
3 3
1 1 1 0.01642219062486141
1 2 1 0.010887534972200083
1 3 1 0.010750272544056663
2 1 1 0.014191039751378937
2 2 1 0.009873227934534209
2 3 1 0.012438756468536915
3 1 1 0.012163208412521751
3 2 1 0.010254647069483458
3 3 1 0.012854064169123136
1 1 2 0.011287884412894822
1 2 2 0.0129206764257419
1 3 2 0.013310107840034224
2 1 2 0.010711412747735873
2 2 2 0.0099914714388921
2 3 2 0.013051267656861262
3 1 2 0.012564408221743206
3 2 2 0.01052027674677256
3 3 2 0.011216069900050326
1 1 3 0.014229875014044319
1 2 3 0.010503336982126991
1 3 3 0.013177378464703977
2 1 3 0.013190856890269631
2 2 3 0.00960612765219902
2 3 3 0.008299039670632332
3 1 3 0.014520113533119022
3 2 3 0.008386772922241856
3 3 3 0.007306604132897669
1 1 4 0.013484897976054169
1 2 4 0.010431681168420425
1 3 4 0.011008639785128786
2 1 4 0.012082871202701639
2 2 4 0.008196980288757755
2 3 4 0.008711599224422582
3 1 4 0.013810767643540297
3 2 4 0.009422371157920398
3 3 4 0.006337326595622278
1 1 5 0.011431943061767858
1 2 5 0.00982851793548386
1 3 5 0.00883852470932949
2 1 5 0.011532624631433787
2 2 5 0.009086332245637938
2 3 5 0.00874102445410126
3 1 5 0.012351096640780237
3 2 5 0.009406195897961009
3 3 5 0.00835577810627332
1 1 6 0.014736500829696662
1 2 6 0.010981088646479396
1 3 6 0.009020297966899803
2 1 6 0.011690213355152714
2 2 6 0.0075078476586566785
2 3 6 0.006912172578057402
3 1 6 0.012291473830482125
3 2 6 0.01039792082659972
3 3 6 0.0067932393228636615
1 1 7 0.01344325569851514
1 2 7 0.008596495261139475
1 3 7 0.00902115108120383
2 1 7 0.008858776536524938
2 2 7 0.009127190474714763
2 3 7 0.01043538252646074
3 1 7 0.011192354630894772
3 2 7 0.009812447721755288
3 3 7 0.011645239957162138
1 1 8 0.011393450895577114
1 2 8 0.011540972721256539
1 3 8 0.010769661800569546
2 1 8 0.009515819603935324
2 2 8 0.00889171099869548
2 3 8 0.005900284267703766
3 1 8 0.008877609496471437
3 2 8 0.010690842136254158
3 3 8 0.011159977876429195
1 1 9 0.011748734068891738
1 2 9 0.008409979603250498
1 3 9 0.010454443877245447
2 1 9 0.0078058727181640085
2 2 9 0.007974435951123002
2 3 9 0.010066688423372059
3 1 9 0.008499275654221896
3 2 9 0.010545816892435098
3 3 9 0.01403729402091285
1 1 10 0.01169793002048852
1 2 10 0.010994242998933677
1 3 10 0.011498279650799602
2 1 10 0.008049184919710801
2 2 10 0.007641108708933433
2 3 10 0.008086631450987111
3 1 10 0.009245793118256813
3 2 10 0.008266332030056226
3 3 10 0.010773009237487013
1 1 11 0.009202397609164099
1 2 11 0.009636358217756675
1 3 11 0.00957436879791829
2 1 11 0.008051802504152989
2 2 11 0.0076227541817619395
2 3 11 0.010374207950512679
3 1 11 0.009262380284311176
3 2 11 0.00908755415363439
3 3 11 0.01114830848000146
1 1 12 0.008898355000809901
1 2 12 0.009299146804976493
1 3 12 0.012419940154915122
2 1 12 0.007678724168626154
2 2 12 0.008620311840321245
2 3 12 0.008276354756195757
3 1 12 0.011769168591870455
3 2 12 0.006395969496372865
3 3 12 0.007304782492010118
1 1 13 0.008691454485570443
1 2 13 0.008632852200573074
1 3 13 0.010148738295640527
2 1 13 0.007168534949482402
2 2 13 0.009050551460698653
2 3 13 0.008292861216636666
3 1 13 0.011988419577627304
3 2 13 0.007797755014450102
3 3 13 0.00614359881129717
1 1 14 0.008265156952633423
1 2 14 0.008241868542303809
1 3 14 0.009015274419347435
2 1 14 0.007365032902328504
2 2 14 0.006813738895944546
2 3 14 0.009437384222981135
3 1 14 0.008158139010864523
3 2 14 0.00789206603479034
3 3 14 0.006175931471938547
1 1 15 0.009478967858571816
1 2 15 0.007682330108754633
1 3 15 0.008280735094272912
2 1 15 0.007940214263320988
2 2 15 0.007036437098317583
2 3 15 0.0077834927371492595
3 1 15 0.009291940675037224
3 2 15 0.006987997585245378
3 3 15 0.008156921012681069
1 1 16 0.008940519369258857
1 2 16 0.00696890692996059
1 3 16 0.008431333929694407
2 1 16 0.006265913652187012
2 2 16 0.0059963995459628334
2 3 16 0.007281448343419296
3 1 16 0.006569808775887915
3 2 16 0.007480320956471187
3 3 16 0.00808909367589378
1 1 17 0.007326510111361757
1 2 17 0.008459923554117108
1 3 17 0.00978745304398743
2 1 17 0.007246074393493354
2 2 17 0.006115370409645153
2 3 17 0.007431811401076853
3 1 17 0.0061561076050970715
3 2 17 0.006352429161698826
3 3 17 0.008898759165342556
1 1 18 0.006085508110476541
1 2 18 0.007956235385223904
1 3 18 0.0093416630354114
2 1 18 0.005128449984714833
2 2 18 0.005190109861332992
2 3 18 0.006917578237159147
3 1 18 0.005252992781946271
3 2 18 0.006611787443270703
3 3 18 0.009385681893285822
1 1 19 0.005915756474313308
1 2 19 0.007438679837132834
1 3 19 0.009612964019081464
2 1 19 0.006063293938037509
2 2 19 0.005018269914792352
2 3 19 0.008412783097258817
3 1 19 0.006222842735431519
3 2 19 0.005288817310193611
3 3 19 0.009809986119417052
1 1 20 0.0068463364092052155
1 2 20 0.006012748561198429
1 3 20 0.00970980092245281
2 1 20 0.004342727378680811
2 2 20 0.0044959496735217505
2 3 20 0.006060760027738419
3 1 20 0.005518583875456468
3 2 20 0.005702130744344992
3 3 20 0.007792366769920303
