Norm difference: 1.0
Norm difference: 1.0
1 1
1 2
2 1
2 2
1 1
1 2
2 1
2 2
1 1
1 2
2 1
2 2
1 1
1 2
2 1
2 2
1 1
1 2
2 1
2 2
1 1
1 2
2 1
2 2
1 1
1 2
2 1
2 2
1 1
1 2
2 1
2 2
1 1
1 2
2 1
2 2
1 1
1 2
2 1
2 2
1 1
1 2
2 1
2 2
1 1
1 2
2 1
2 2
1 1
1 2
2 1
2 2
1 1
1 2
2 1
2 2
1 1
1 2
2 1
2 2
1 1
1 2
2 1
2 2
1 1
1 2
2 1
2 2
1 1
1 2
2 1
2 2
1 1
1 2
2 1
2 2
1 1
1 2
2 1
2 2
1 1 1 0.008659428986786621
1 2 1 0.010511315188924389
2 1 1 0.011856240235321787
2 2 1 0.009589208132753057
1 1 2 0.007669140340389015
1 2 2 0.013495696959853417
2 1 2 0.010634503668167582
2 2 2 0.015344989044650018
1 1 3 0.008592249955013603
1 2 3 0.007519840483786097
2 1 3 0.013275069141511886
2 2 3 0.011243031002646623
1 1 4 0.007217821554200828
1 2 4 0.010708065713894294
2 1 4 0.01163135593345452
2 2 4 0.011896198617799456
1 1 5 0.008413136202694408
1 2 5 0.0096187079392461
2 1 5 0.011550906975055666
2 2 5 0.010843277472878374
1 1 6 0.008916344560141279
1 2 6 0.0081967503060256
2 1 6 0.009132676723402754
2 2 6 0.009654927709324104
1 1 7 0.008056387642513426
1 2 7 0.010345640609501602
2 1 7 0.007827228638177223
2 2 7 0.008254217792652289
1 1 8 0.00805991173837304
1 2 8 0.006972159798577763
2 1 8 0.006599524083427037
2 2 8 0.007340285057236759
1 1 9 0.0076852565990079644
1 2 9 0.008120321600681702
2 1 9 0.006120193616860457
2 2 9 0.007761126855588332
1 1 10 0.006456720028984576
1 2 10 0.007223558541514493
2 1 10 0.0060932831699413315
2 2 10 0.006275269900110393
1 1 11 0.005194120955648368
1 2 11 0.008306138306240609
2 1 11 0.007373667946424826
2 2 11 0.006826628352325771
1 1 12 0.005607894138406214
1 2 12 0.004918501086012927
2 1 12 0.005596012530842135
2 2 12 0.006580734508677877
1 1 13 0.005606232982814213
1 2 13 0.005876911172707299
2 1 13 0.004344970637523953
2 2 13 0.006378470754178182
1 1 14 0.0050015395840615744
1 2 14 0.006240214416011832
2 1 14 0.004631037108165913
2 2 14 0.004096338451575089
1 1 15 0.0043164693710693956
1 2 15 0.005405306622238591
2 1 15 0.0034884098004355725
2 2 15 0.0052826038253546564
1 1 16 0.004432703319769872
1 2 16 0.004473359301524912
2 1 16 0.0034819985001019378
2 2 16 0.004150841886753763
1 1 17 0.0032508993051639234
1 2 17 0.004391179208240723
2 1 17 0.003471867987127198
2 2 17 0.004322216112462318
1 1 18 0.0027927600602499396
1 2 18 0.0031926990695739276
2 1 18 0.0034483054780157707
2 2 18 0.003695840271398207
1 1 19 0.0029439242680477967
1 2 19 0.003135505035554075
2 1 19 0.0029110244098210776
2 2 19 0.0030269142335022352
1 1 20 0.002926861192499298
1 2 20 0.002503761790536498
2 1 20 0.00261333228518226
2 2 20 0.002175938389405792
