Norm difference: 1.0
Norm difference: 1.0
1 1
1 2
1 3
2 1
2 2
2 3
3 1
3 2
3 3
1 1
1 2
1 3
2 1
2 2
2 3
3 1
3 2
3 3
1 1
1 2
1 3
2 1
2 2
2 3
3 1
3 2
3 3
1 1
1 2
1 3
2 1
2 2
2 3
3 1
3 2
3 3
1 1
1 2
1 3
2 1
2 2
2 3
3 1
3 2
3 3
1 1
1 2
1 3
2 1
2 2
2 3
3 1
3 2
3 3
1 1
1 2
1 3
2 1
2 2
2 3
3 1
3 2
3 3
1 1
1 2
1 3
2 1
2 2
2 3
3 1
3 2
3 3
1 1
1 2
1 3
2 1
2 2
2 3
3 1
3 2
3 3
1 1
1 2
1 3
2 1
2 2
2 3
3 1
3 2
3 3
1 1
1 2
1 3
2 1
2 2
2 3
3 1
3 2
3 3
1 1
1 2
1 3
2 1
2 2
2 3
3 1
3 2
3 3
1 1
1 2
1 3
2 1
2 2
2 3
3 1
3 2
3 3
1 1
1 2
1 3
2 1
2 2
2 3
3 1
3 2
3 3
1 1
1 2
1 3
2 1
2 2
2 3
3 1
3 2
3 3
1 1
1 2
1 3
2 1
2 2
2 3
3 1
3 2
3 3
1 1
1 2
1 3
2 1
2 2
2 3
3 1
3 2
3 3
1 1
1 2
1 3
2 1
2 2
2 3
3 1
3 2
3 3
1 1
1 2
1 3
2 1
2 2
2 3
3 1
3 2
3 3
1 1
1 2
1 3
2 1
2 2
2 3
3 1
3 2
3 3
1 1 1 0.008891224692254854
1 2 1 0.010910855021569809
1 3 1 0.005774076516297492
2 1 1 0.008763151316890289
2 2 1 0.010675455662710885
2 3 1 0.012037798709375042
3 1 1 0.006950997133193764
3 2 1 0.01292981993006814
3 3 1 0.007597895619486131
1 1 2 0.007264669945436089
1 2 2 0.010579260009371098
1 3 2 0.008599856261946887
2 1 2 0.008290692786897175
2 2 2 0.011879098047007377
2 3 2 0.009923158775901733
3 1 2 0.0076447581698810595
3 2 2 0.009703355866167286
3 3 2 0.00953047863090942
1 1 3 0.006279920812233596
1 2 3 0.009510046496936903
1 3 3 0.008698166251086789
2 1 3 0.010877350895809082
2 2 3 0.010623406175473908
2 3 3 0.012064237755979397
3 1 3 0.009447297959358694
3 2 3 0.011646239928988092
3 3 3 0.007919284074201697
1 1 4 0.005961127114913279
1 2 4 0.009514613832587027
1 3 4 0.010029363007953237
2 1 4 0.008473497784610904
2 2 4 0.016473111641372162
2 3 4 0.009350348838225707
3 1 4 0.009979542402767225
3 2 4 0.010158670394245365
3 3 4 0.0071412220957089104
1 1 5 0.007079265091000502
1 2 5 0.008493426554649821
1 3 5 0.0073746275307455715
2 1 5 0.010137970134176931
2 2 5 0.009391134869916383
2 3 5 0.008736547519646289
3 1 5 0.009306002581695384
3 2 5 0.011553309793995282
3 3 5 0.008519647197775773
1 1 6 0.008753973915581432
1 2 6 0.00980015836677189
1 3 6 0.007214662842528313
2 1 6 0.013128381994305188
2 2 6 0.013955452573896961
2 3 6 0.009519528363460478
3 1 6 0.008234715194286073
3 2 6 0.007907143523171789
3 3 6 0.006998098805027062
1 1 7 0.011062636780118595
1 2 7 0.007489269267908874
1 3 7 0.0068097561686189245
2 1 7 0.01288038106625621
2 2 7 0.006981954057109533
2 3 7 0.007907582289191471
3 1 7 0.007692462498837135
3 2 7 0.01138922629203234
3 3 7 0.007751035283014807
1 1 8 0.009650247534457913
1 2 8 0.007339839632693064
1 3 8 0.004634796586334469
2 1 8 0.010108639210501367
2 2 8 0.011062795908636132
2 3 8 0.005783697899851053
3 1 8 0.009672530541049742
3 2 8 0.007432072655830134
3 3 8 0.008590885476878321
1 1 9 0.007696268372087141
1 2 9 0.0057177566163499295
1 3 9 0.0046831211219374325
2 1 9 0.008505952954754474
2 2 9 0.007745977273071233
2 3 9 0.007450099973971541
3 1 9 0.009509699768137345
3 2 9 0.009950632940976395
3 3 9 0.006006363790101073
1 1 10 0.00626237264282607
1 2 10 0.005345715722754039
1 3 10 0.00455217228763084
2 1 10 0.008044657366263445
2 2 10 0.007503094344365896
2 3 10 0.0057910411072937176
3 1 10 0.007114262567922127
3 2 10 0.008159999571607096
3 3 10 0.005370155501558347
1 1 11 0.004164825376589726
1 2 11 0.004922114163812151
1 3 11 0.004975314448043433
2 1 11 0.005485307235200868
2 2 11 0.00911310677690577
2 3 11 0.006898403745023129
3 1 11 0.007425122825027305
3 2 11 0.0073600997167679455
3 3 11 0.004377595979807445
1 1 12 0.003242515628994641
1 2 12 0.006032463212323103
1 3 12 0.005113270615175132
2 1 12 0.006108634677838931
2 2 12 0.0068391608163266854
2 3 12 0.006987813662035876
3 1 12 0.006083961172086961
3 2 12 0.005554048170379258
3 3 12 0.005710037551854113
1 1 13 0.0030321963217290653
1 2 13 0.0056660879356257386
1 3 13 0.00472329223023964
2 1 13 0.004538689186995431
2 2 13 0.008175298531620896
2 3 13 0.005765334565839138
3 1 13 0.004653337156466181
3 2 13 0.005414631368249172
3 3 13 0.006335609665187078
1 1 14 0.003078249507719143
1 2 14 0.005648387631489421
1 3 14 0.004161094061403357
2 1 14 0.004003085294421897
2 2 14 0.006057801122434003
2 3 14 0.006907174927364842
3 1 14 0.003885522111570046
3 2 14 0.0064255827312813445
3 3 14 0.006738815717516018
1 1 15 0.003116620849143918
1 2 15 0.004763594875388186
1 3 15 0.004529890009628429
2 1 15 0.003935422417017524
2 2 15 0.006741204990928368
2 3 15 0.006443818531207071
3 1 15 0.003522266493945457
3 2 15 0.005448699811752289
3 3 15 0.005275587981476511
1 1 16 0.004050754531830925
1 2 16 0.004138048782840096
1 3 16 0.005339851554748486
2 1 16 0.005330520819596264
2 2 16 0.00418107542513672
2 3 16 0.0074325163004534175
3 1 16 0.0027802443838980894
3 2 16 0.006463778992100365
3 3 16 0.004303711652302745
1 1 17 0.002860083503036009
1 2 17 0.0030374315729939003
1 3 17 0.004685110470712838
2 1 17 0.002533758717728869
2 2 17 0.004628028502689635
2 3 17 0.005085670765666446
3 1 17 0.004568168715570893
3 2 17 0.004327180701138603
3 3 17 0.005944152055911362
1 1 18 0.00248582734858799
1 2 18 0.0029118180477910377
1 3 18 0.004439326290589256
2 1 18 0.003480313569248724
2 2 18 0.004317332147205514
2 3 18 0.005957982519857049
3 1 18 0.003095162301349654
3 2 18 0.0034910216162036566
3 3 18 0.004722028205243695
1 1 19 0.0021792855992058555
1 2 19 0.0026838029891561306
1 3 19 0.003282854113563545
2 1 19 0.0030973113801610924
2 2 19 0.0040005382347554335
2 3 19 0.004344171372916854
3 1 19 0.0026734273454310587
3 2 19 0.00404081002193484
3 3 19 0.005798936101317707
1 1 20 0.0022810553686272743
1 2 20 0.0026100609709588172
1 3 20 0.0027732264551855786
2 1 20 0.003276347620097006
2 2 20 0.004251462803069065
2 3 20 0.00399373893738672
3 1 20 0.0021876282448434303
3 2 20 0.003786567073423084
3 3 20 0.00437882041759913
