W: 3.4000000000000004
num_iter: 0
[-0.92398809 -0.92398809 -0.90120095 -0.90120095 -0.87365784 -0.87365784
 -0.84155323 -0.84155323 -0.80457189 -0.80457189 -0.76344165 -0.76344165
 -0.7175539  -0.7175539  -0.66721971 -0.66721971 -0.61175044 -0.61175044
 -0.55047525 -0.55047525 -0.48399689 -0.48399689 -0.41116421 -0.41116421
 -0.33134996 -0.33134996 -0.24625952 -0.24625952 -0.15484319 -0.15484319
 -0.04970998 -0.04970998  0.04971188  0.04971188  0.15484427  0.15484427
  0.24626094  0.24626094  0.33134228  0.33134228  0.41116009  0.41116009
  0.48399639  0.48399639  0.5504778   0.5504778   0.61174921  0.61174921
  0.66721852  0.66721852  0.71755493  0.71755493  0.76344359  0.76344359
  0.80457286  0.80457286  0.84155203  0.84155203  0.87366104  0.87366104
  0.90120351  0.90120351  0.92398735  0.92398735]
localization_length: 1.257292789782491
1.246831256997194
W_list: [3.4000000000000004]
L_list: [19.949300111955104]
