W: 4.0
num_iter: 0
[-1.01682597 -1.01682597 -0.99301293 -0.99301293 -0.96512481 -0.96512481
 -0.93298034 -0.93298034 -0.89652092 -0.89652092 -0.85574823 -0.85574823
 -0.81041377 -0.81041377 -0.75918694 -0.75918694 -0.70258629 -0.70258629
 -0.6394234  -0.6394234  -0.56944484 -0.56944484 -0.49189575 -0.49189575
 -0.4070401  -0.4070401  -0.31232756 -0.31232756 -0.20836015 -0.20836015
 -0.0843723  -0.0843723   0.08437171  0.08437171  0.20836127  0.20836127
  0.31232924  0.31232924  0.40704261  0.40704261  0.49188991  0.49188991
  0.56944284  0.56944284  0.63942191  0.63942191  0.70258059  0.70258059
  0.75919008  0.75919008  0.81041346  0.81041346  0.85575154  0.85575154
  0.89651971  0.89651971  0.93297794  0.93297794  0.96512749  0.96512749
  0.99301626  0.99301626  1.0168277   1.0168277 ]
localization_length: 0.740769646795129
0.7436210942472213
W_list: [4.0]
L_list: [11.897937507955541]
