W: 4.0
num_iter: 0
[-0.97593448 -0.97593448 -0.95507931 -0.95507931 -0.92939182 -0.92939182
 -0.89974984 -0.89974984 -0.86578141 -0.86578141 -0.82758066 -0.82758066
 -0.78460313 -0.78460313 -0.73561145 -0.73561145 -0.68126566 -0.68126566
 -0.62080289 -0.62080289 -0.55292746 -0.55292746 -0.47707688 -0.47707688
 -0.39307028 -0.39307028 -0.30152995 -0.30152995 -0.19987786 -0.19987786
 -0.07904993 -0.07904993  0.07904856  0.07904856  0.19987929  0.19987929
  0.30152667  0.30152667  0.3930665   0.3930665   0.47707333  0.47707333
  0.55292909  0.55292909  0.62080545  0.62080545  0.68126324  0.68126324
  0.73561591  0.73561591  0.78459926  0.78459926  0.82759312  0.82759312
  0.86578168  0.86578168  0.89975157  0.89975157  0.92938831  0.92938831
  0.95507834  0.95507834  0.97593268  0.97593268]
localization_length: 0.7906532412091694
0.7931495243633658
W_list: [4.0]
L_list: [12.690392389813853]
