W: 3.8
num_iter: 0
[-0.93402981 -0.93402981 -0.88373608 -0.88373608 -0.81603784 -0.81603784
 -0.72974132 -0.72974132 -0.62238167 -0.62238167 -0.48850515 -0.48850515
 -0.32378824 -0.32378824 -0.11315445 -0.11315445  0.11315717  0.11315717
  0.32378578  0.32378578  0.48850488  0.48850488  0.62237777  0.62237777
  0.72974579  0.72974579  0.81603465  0.81603465  0.88373869  0.88373869
  0.93402982  0.93402982]
localization_length: 1.1046847977915535
1.106229217205936
W_list: [3.8]
L_list: [8.849833737647488]
