W: 2.4
num_iter: 0
[-0.764335   -0.764335   -0.74365968 -0.74365968 -0.71767189 -0.71767189
 -0.68597502 -0.68597502 -0.64977221 -0.64977221 -0.60974893 -0.60974893
 -0.5656014  -0.5656014  -0.51781056 -0.51781056 -0.46715328 -0.46715328
 -0.41271085 -0.41271085 -0.35504937 -0.35504937 -0.29464464 -0.29464464
 -0.22991132 -0.22991132 -0.16303831 -0.16303831 -0.09378605 -0.09378605
 -0.02106725 -0.02106725  0.02106823  0.02106823  0.09378288  0.09378288
  0.16303858  0.16303858  0.2299049   0.2299049   0.29465276  0.29465276
  0.35505048  0.35505048  0.41270357  0.41270357  0.46715372  0.46715372
  0.51780733  0.51780733  0.56560355  0.56560355  0.6097476   0.6097476
  0.64977415  0.64977415  0.68597683  0.68597683  0.71767474  0.71767474
  0.74366156  0.74366156  0.76433486  0.76433486]
localization_length: 2.9666906483344597
2.957379014836452
W_list: [2.4]
L_list: [47.31806423738323]
