W: 3.6
num_iter: 0
[-0.9455819  -0.9455819  -0.89080404 -0.89080404 -0.81707918 -0.81707918
 -0.72533078 -0.72533078 -0.61246347 -0.61246347 -0.47690243 -0.47690243
 -0.31230626 -0.31230626 -0.10542063 -0.10542063  0.10542354  0.10542354
  0.31230193  0.31230193  0.47690219  0.47690219  0.61246513  0.61246513
  0.72533054  0.72533054  0.81708116  0.81708116  0.89080283  0.89080283
  0.94558136  0.94558136]
localization_length: 1.185726140998474
1.1900417454501282
W_list: [3.6]
L_list: [9.520333963601026]
