W: 2.0
num_iter: 0
[-0.6940871  -0.6940871  -0.64312815 -0.64312815 -0.572618   -0.572618
 -0.48662666 -0.48662666 -0.39148894 -0.39148894 -0.28570592 -0.28570592
 -0.16784056 -0.16784056 -0.03578639 -0.03578639  0.03578554  0.03578554
  0.16783976  0.16783976  0.28570597  0.28570597  0.39148816  0.39148816
  0.48662936  0.48662936  0.57261651  0.57261651  0.64312583  0.64312583
  0.69409059  0.69409059]
localization_length: 3.493030831577292
3.5527275230025763
W_list: [2.0]
L_list: [28.42182018402061]
