W: 2.8
num_iter: 0
[-0.77010176 -0.77010176 -0.75129785 -0.75129785 -0.72725962 -0.72725962
 -0.69898433 -0.69898433 -0.66641619 -0.66641619 -0.63000562 -0.63000562
 -0.58942905 -0.58942905 -0.54516716 -0.54516716 -0.49603965 -0.49603965
 -0.44257945 -0.44257945 -0.3839616  -0.3839616  -0.32070462 -0.32070462
 -0.25346762 -0.25346762 -0.18166664 -0.18166664 -0.10682882 -0.10682882
 -0.02599235 -0.02599235  0.02599413  0.02599413  0.10682696  0.10682696
  0.18166967  0.18166967  0.25346067  0.25346067  0.32070409  0.32070409
  0.38396823  0.38396823  0.44257274  0.44257274  0.49604016  0.49604016
  0.54517064  0.54517064  0.58942333  0.58942333  0.63000735  0.63000735
  0.66641985  0.66641985  0.69898111  0.69898111  0.72726456  0.72726456
  0.75129901  0.75129901  0.77009986  0.77009986]
localization_length: 2.4045539727528276
2.3793216320988018
W_list: [2.8]
L_list: [38.06914611358083]
