[-2.41421356 -1.         -1.         -0.41421356  0.41421356  1.
  1.          2.41421356]
W: 1.7999999999999998
num_iter: 0
[-0.46866313 -0.4548425  -0.44107517 -0.42661575 -0.41204317 -0.3974204
 -0.38211198 -0.36761069 -0.35260054 -0.33760103 -0.32308559 -0.3083306
 -0.2940904  -0.27953316 -0.26500454 -0.25100285 -0.23671246 -0.2231999
 -0.20918666 -0.19490753 -0.18111801 -0.1671106  -0.1530361  -0.13864393
 -0.1245129  -0.11058744 -0.09559237 -0.08004721 -0.06571335 -0.05044526
 -0.03384392 -0.01721564  0.01721745  0.03384607  0.05043677  0.06570694
  0.08006279  0.09558501  0.11059609  0.12450975  0.13864664  0.15303076
  0.1671113   0.18111992  0.19490291  0.20918948  0.22319922  0.23670891
  0.25101168  0.26500357  0.2795343   0.29409172  0.30832495  0.32307786
  0.33759873  0.35260458  0.36761558  0.38212256  0.39741268  0.41203982
  0.42661371  0.44107418  0.45484554  0.46866331]
localization_length: 1.8152097558983038
1.8042048954111167
W_list: [1.7999999999999998]
L_list: [1.8042048954111167]
[-2.41421356 -1.         -1.         -0.41421356  0.41421356  1.
  1.          2.41421356]
W: 1.7999999999999998
num_iter: 0
[-0.46888375 -0.4551121  -0.44096231 -0.42645903 -0.41168358 -0.39699677
 -0.38195059 -0.36734359 -0.35272376 -0.33772864 -0.32293561 -0.30834602
 -0.29384995 -0.27936103 -0.26527203 -0.25123193 -0.23667767 -0.22307387
 -0.20901645 -0.19495943 -0.18122055 -0.16685887 -0.15285917 -0.1390283
 -0.12475628 -0.11027112 -0.09562681 -0.08070403 -0.06534685 -0.04968764
 -0.03392991 -0.01735446  0.01735655  0.03392708  0.0496777   0.06535201
  0.08071002  0.09562513  0.11027594  0.12474988  0.13904116  0.15285385
  0.16685771  0.18123181  0.19495753  0.20900112  0.22307062  0.2366701
  0.25124484  0.26526443  0.27936987  0.29384203  0.30834629  0.32293845
  0.33772866  0.35272599  0.36734512  0.38194448  0.3969942   0.41168479
  0.42646408  0.44096044  0.45511534  0.46888487]
localization_length: 1.8006902903626512
1.8196589956088733
W_list: [1.7999999999999998]
L_list: [1.8196589956088733]
