W: 2.0
num_iter: 0
[-0.9046264  -0.9046264  -0.89392398 -0.89392398 -0.88143257 -0.88143257
 -0.86747007 -0.86747007 -0.85170147 -0.85170147 -0.83395533 -0.83395533
 -0.81434918 -0.81434918 -0.79320737 -0.79320737 -0.76995508 -0.76995508
 -0.74448648 -0.74448648 -0.71773937 -0.71773937 -0.68921301 -0.68921301
 -0.65922923 -0.65922923 -0.62798212 -0.62798212 -0.59599714 -0.59599714
 -0.56274575 -0.56274575 -0.5286517  -0.5286517  -0.49481015 -0.49481015
 -0.46019374 -0.46019374 -0.4255254  -0.4255254  -0.39075857 -0.39075857
 -0.35542037 -0.35542037 -0.32051976 -0.32051976 -0.28559583 -0.28559583
 -0.25045194 -0.25045194 -0.21545771 -0.21545771 -0.18059318 -0.18059318
 -0.14551764 -0.14551764 -0.11098695 -0.11098695 -0.07666404 -0.07666404
 -0.04310379 -0.04310379 -0.00874698 -0.00874698  0.00874723  0.00874723
  0.04310146  0.04310146  0.07666328  0.07666328  0.11098007  0.11098007
  0.14552361  0.14552361  0.18059248  0.18059248  0.21546018  0.21546018
  0.25044714  0.25044714  0.28559381  0.28559381  0.3205125   0.3205125
  0.35542669  0.35542669  0.39075473  0.39075473  0.42553009  0.42553009
  0.46019379  0.46019379  0.49481047  0.49481047  0.5286555   0.5286555
  0.56274755  0.56274755  0.59599879  0.59599879  0.62798323  0.62798323
  0.65923095  0.65923095  0.68921543  0.68921543  0.71773903  0.71773903
  0.74448075  0.74448075  0.76995065  0.76995065  0.79320058  0.79320058
  0.81434354  0.81434354  0.83395882  0.83395882  0.85170802  0.85170802
  0.86747363  0.86747363  0.88143621  0.88143621  0.89392554  0.89392554
  0.90462657  0.90462657]
localization_length: 3.572660749811862
3.646564703805331
W_list: [2.0]
L_list: [116.6900705217706]
