[-2.41421356 -1.         -1.         -0.41421356  0.41421356  1.
  1.          2.41421356]
W: 2.8
num_iter: 0
[-0.69917342 -0.68574302 -0.67187123 -0.65736375 -0.64322597 -0.62767828
 -0.61191253 -0.5959822  -0.5787297  -0.56225865 -0.54443755 -0.5266524
 -0.50791575 -0.4889476  -0.46955489 -0.45029209 -0.43032307 -0.40988179
 -0.38903698 -0.36749136 -0.34570051 -0.3236695  -0.30093624 -0.27733385
 -0.25395653 -0.22914978 -0.20342533 -0.17639184 -0.14885926 -0.11884819
 -0.08581908 -0.04856498  0.04856269  0.08582251  0.11885131  0.14886224
  0.17638941  0.20342274  0.2291583   0.25394687  0.27733322  0.30094299
  0.32367455  0.34569544  0.36748359  0.38904625  0.4098847   0.4303214
  0.45028692  0.4695606   0.48893182  0.50791432  0.5266589   0.54444091
  0.56224961  0.57873597  0.59598414  0.61190829  0.62767565  0.64322591
  0.65737489  0.67187342  0.68571941  0.69918837]
localization_length: 0.6434981147760265
0.6468353244830511
W_list: [2.8]
L_list: [0.6468353244830511]
[-2.41421356 -1.         -1.         -0.41421356  0.41421356  1.
  1.          2.41421356]
W: 2.8
num_iter: 0
[-0.69861178 -0.68561123 -0.67165746 -0.65753415 -0.64327316 -0.62795714
 -0.61198877 -0.59586798 -0.5787319  -0.56165214 -0.54405854 -0.5263139
 -0.50792174 -0.48899995 -0.46903978 -0.44987454 -0.42967172 -0.40943962
 -0.38881421 -0.36734792 -0.3457893  -0.32294136 -0.30121825 -0.27731761
 -0.25320303 -0.22861089 -0.20307743 -0.17686441 -0.14874802 -0.11852963
 -0.08539511 -0.04703001  0.04703639  0.08539119  0.11852265  0.1487507
  0.17686278  0.20308619  0.22861861  0.25317887  0.27732129  0.30122439
  0.32294375  0.34579892  0.36734489  0.3888167   0.40943349  0.42968252
  0.44986645  0.46903475  0.48900264  0.50792154  0.52631124  0.54405607
  0.56165097  0.57872174  0.59587489  0.61198534  0.62796329  0.64326797
  0.65753574  0.67166062  0.68561354  0.69861258]
localization_length: 0.664469362968065
0.6780740314214716
W_list: [2.8]
L_list: [0.6780740314214716]
