[-2.41421356 -1.         -1.         -0.41421356  0.41421356  1.
  1.          2.41421356]
W: 2.6
num_iter: 0
[-0.65595241 -0.64202298 -0.62821502 -0.6142421  -0.59920937 -0.58390345
 -0.56855176 -0.55238749 -0.53606715 -0.51904002 -0.50119193 -0.48364255
 -0.46559273 -0.44785708 -0.42934304 -0.41040817 -0.39111067 -0.37153063
 -0.35266096 -0.33259159 -0.31157363 -0.29081172 -0.2696519  -0.24830941
 -0.22593924 -0.2031861  -0.17951361 -0.15465494 -0.1293554  -0.10243695
 -0.07246419 -0.03975166  0.03975454  0.07245942  0.10243043  0.12935876
  0.15465808  0.17951109  0.20317757  0.22593034  0.24830701  0.26964655
  0.29080595  0.31157561  0.33259394  0.35265776  0.37154284  0.39111058
  0.41039453  0.42934762  0.44785891  0.46559711  0.48365542  0.50119618
  0.51905067  0.53607532  0.55238074  0.56855349  0.58390005  0.59920869
  0.61424059  0.62821774  0.64201613  0.6559562 ]
localization_length: 0.7861306265785922
0.8045058062586639
W_list: [2.6]
L_list: [0.8045058062586639]
[-2.41421356 -1.         -1.         -0.41421356  0.41421356  1.
  1.          2.41421356]
W: 2.6
num_iter: 0
[-0.65582811 -0.64218851 -0.62798803 -0.61376869 -0.59928569 -0.58397939
 -0.56803401 -0.55171525 -0.53585875 -0.51892075 -0.50129937 -0.4839315
 -0.46638911 -0.44784929 -0.42944669 -0.41072565 -0.39134336 -0.37222449
 -0.3519252  -0.33263288 -0.31183524 -0.29096438 -0.26959741 -0.24798865
 -0.22624605 -0.20382126 -0.18013226 -0.15517988 -0.13012973 -0.10232184
 -0.07252123 -0.03828532  0.03828145  0.07251987  0.10232049  0.13012835
  0.15518286  0.18012975  0.20381386  0.22623803  0.24799055  0.26959006
  0.29097051  0.31183314  0.33264883  0.35191558  0.37222484  0.39134144
  0.4107374   0.42944245  0.44784663  0.46639775  0.48392635  0.50131357
  0.51892264  0.53584699  0.55172025  0.5680427   0.58396753  0.59928279
  0.61377507  0.6279769   0.64220167  0.65582766]
localization_length: 0.8163222031807631
0.8252986121538841
W_list: [2.6]
L_list: [0.8252986121538841]
