W: 1.0
num_iter: 0
[-1.11887822 -1.11887822 -1.07715221 -1.07715221 -1.00570316 -1.00570316
 -0.88702917 -0.88702917 -0.69568718 -0.69568718 -0.43216113 -0.43216113
 -0.21390389 -0.21390389 -0.04623385 -0.04623385  0.04623387  0.04623387
  0.21389978  0.21389978  0.4321623   0.4321623   0.69568703  0.69568703
  0.88702992  0.88702992  1.00570543  1.00570543  1.07715041  1.07715041
  1.11888007  1.11888007]
localization_length: 2.7036465693434706
2.682162838051806
W_list: [1.0]
L_list: [21.45730270441445]
