W: 3.6
num_iter: 0
[-0.90070617 -0.90070617 -0.85074603 -0.85074603 -0.78339375 -0.78339375
 -0.69739253 -0.69739253 -0.59144442 -0.59144442 -0.46017393 -0.46017393
 -0.2989624  -0.2989624  -0.09785685 -0.09785685  0.09785377  0.09785377
  0.29896712  0.29896712  0.46017136  0.46017136  0.59144249  0.59144249
  0.69739523  0.69739523  0.78339614  0.78339614  0.85074574  0.85074574
  0.90070425  0.90070425]
localization_length: 1.2774162647783198
1.2826596642861159
W_list: [3.6]
L_list: [10.261277314288927]
