W: 1.0
num_iter: 0
[-1.11813433 -1.11813433 -1.076787   -1.076787   -1.00463643 -1.00463643
 -0.8864216  -0.8864216  -0.69469716 -0.69469716 -0.43254194 -0.43254194
 -0.21395046 -0.21395046 -0.04527957 -0.04527957  0.04527809  0.04527809
  0.21395086  0.21395086  0.43254819  0.43254819  0.69469003  0.69469003
  0.88642188  0.88642188  1.00463942  1.00463942  1.07678851  1.07678851
  1.11813149  1.11813149]
localization_length: 2.760716925583316
2.749144289276538
W_list: [1.0]
L_list: [21.993154314212305]
