Norm difference: 1.0
Norm difference: 1.0
1 1
1 2
2 1
2 2
1 1
1 2
2 1
2 2
1 1
1 2
2 1
2 2
1 1
1 2
2 1
2 2
1 1
1 2
2 1
2 2
1 1
1 2
2 1
2 2
1 1
1 2
2 1
2 2
1 1
1 2
2 1
2 2
1 1
1 2
2 1
2 2
1 1
1 2
2 1
2 2
1 1
1 2
2 1
2 2
1 1
1 2
2 1
2 2
1 1
1 2
2 1
2 2
1 1
1 2
2 1
2 2
1 1
1 2
2 1
2 2
1 1
1 2
2 1
2 2
1 1
1 2
2 1
2 2
1 1
1 2
2 1
2 2
1 1
1 2
2 1
2 2
1 1
1 2
2 1
2 2
1 1 1 0.0009198206601653075
1 2 1 0.0012657575378999483
2 1 1 0.0009781727717788642
2 2 1 0.0013930562817644084
1 1 2 0.0007454669977644969
1 2 2 0.0012866205220674245
2 1 2 0.001367066981489045
2 2 2 0.002104028903014318
1 1 3 0.0009239413935845899
1 2 3 0.0013714754842696032
2 1 3 0.0009767237523441632
2 2 3 0.0015373352406081856
1 1 4 0.0011145051377207352
1 2 4 0.0011482132309941224
2 1 4 0.0017477691307917309
2 2 4 0.0016805240522247335
1 1 5 0.001359552939756178
1 2 5 0.0012662873737815006
2 1 5 0.0011215964269882836
2 2 5 0.001628862968102863
1 1 6 0.0011342449697881829
1 2 6 0.0013048030231263426
2 1 6 0.0018515496737163395
2 2 6 0.0012454104294501642
1 1 7 0.0014504187826467675
1 2 7 0.0017873672425923481
2 1 7 0.001954598457163258
2 2 7 0.001761763860132703
1 1 8 0.0012103229338612871
1 2 8 0.00103688673367581
2 1 8 0.0013340612449484483
2 2 8 0.0016371163386851694
1 1 9 0.0015463451640255802
1 2 9 0.001968962884851134
2 1 9 0.0018646375884588135
2 2 9 0.0022545007074984058
1 1 10 0.001459984460484223
1 2 10 0.00150704316450135
2 1 10 0.002102070544155981
2 2 10 0.002114935686055609
1 1 11 0.0022690713910093136
1 2 11 0.0024292501991090816
2 1 11 0.0023127829722315273
2 2 11 0.0022355585922794107
1 1 12 0.0018239572245328725
1 2 12 0.0018648416892249678
2 1 12 0.0021787096642158265
2 2 12 0.0020012024884702175
1 1 13 0.0022520775585044488
1 2 13 0.0019359057970275901
2 1 13 0.002934274687739246
2 2 13 0.003205013847882064
1 1 14 0.0018891943946001476
1 2 14 0.0021919195013981275
2 1 14 0.0030688791426126795
2 2 14 0.0024963965812877832
1 1 15 0.00226084975630812
1 2 15 0.002084219305342568
2 1 15 0.002269873305723406
2 2 15 0.002576679978759884
1 1 16 0.0017271100426251886
1 2 16 0.0026901722570715587
2 1 16 0.00260811104522104
2 2 16 0.003192892821467367
1 1 17 0.0021269596445086534
1 2 17 0.002429091685421193
2 1 17 0.0025219758223617742
2 2 17 0.0026936064415411746
1 1 18 0.002580646563457824
1 2 18 0.0019723835597018026
2 1 18 0.0029200778637946444
2 2 18 0.0027783045511731792
1 1 19 0.0022374452034170946
1 2 19 0.0015498810305172523
2 1 19 0.00211165027078896
2 2 19 0.0021665529946713353
1 1 20 0.0019448258097444604
1 2 20 0.0015978006322513814
2 1 20 0.002576878999275097
2 2 20 0.002515257435369561
