W: 4.0
num_iter: 0
[-1.12571214 -1.12571214 -1.09776563 -1.09776563 -1.06522567 -1.06522567
 -1.02796125 -1.02796125 -0.98656729 -0.98656729 -0.93901947 -0.93901947
 -0.88779772 -0.88779772 -0.83017395 -0.83017395 -0.76781925 -0.76781925
 -0.6985101  -0.6985101  -0.62282302 -0.62282302 -0.53891391 -0.53891391
 -0.44659382 -0.44659382 -0.34662937 -0.34662937 -0.23691087 -0.23691087
 -0.1059389  -0.1059389   0.10594243  0.10594243  0.23691022  0.23691022
  0.34663519  0.34663519  0.44659287  0.44659287  0.53891475  0.53891475
  0.62281977  0.62281977  0.69851343  0.69851343  0.76781855  0.76781855
  0.83017015  0.83017015  0.88779517  0.88779517  0.93901873  0.93901873
  0.98656632  0.98656632  1.02796651  1.02796651  1.06522421  1.06522421
  1.09776362  1.09776362  1.12571043  1.12571043]
localization_length: 0.589962723249433
0.5863215393018956
W_list: [4.0]
L_list: [9.381144628830329]
