W: 2.6
num_iter: 0
[-0.73473578 -0.73473578 -0.71627745 -0.71627745 -0.69313224 -0.69313224
 -0.66519561 -0.66519561 -0.63299667 -0.63299667 -0.59764662 -0.59764662
 -0.55833676 -0.55833676 -0.514805   -0.514805   -0.46738673 -0.46738673
 -0.41629739 -0.41629739 -0.36010858 -0.36010858 -0.29978423 -0.29978423
 -0.23544819 -0.23544819 -0.16783668 -0.16783668 -0.09680305 -0.09680305
 -0.02268559 -0.02268559  0.02268279  0.02268279  0.09680066  0.09680066
  0.167838    0.167838    0.23544272  0.23544272  0.29978839  0.29978839
  0.36010812  0.36010812  0.41630046  0.41630046  0.46738735  0.46738735
  0.51481012  0.51481012  0.55833849  0.55833849  0.59764254  0.59764254
  0.63300181  0.63300181  0.66518874  0.66518874  0.69313219  0.69313219
  0.71627476  0.71627476  0.73473941  0.73473941]
localization_length: 2.7553928121184166
2.765392533938114
W_list: [2.6]
L_list: [44.246280543009824]
