Norm difference: 1.0
Norm difference: 1.0
1 1
1 2
2 1
2 2
1 1
1 2
2 1
2 2
1 1
1 2
2 1
2 2
1 1
1 2
2 1
2 2
1 1
1 2
2 1
2 2
1 1
1 2
2 1
2 2
1 1
1 2
2 1
2 2
1 1
1 2
2 1
2 2
1 1
1 2
2 1
2 2
1 1
1 2
2 1
2 2
1 1
1 2
2 1
2 2
1 1
1 2
2 1
2 2
1 1
1 2
2 1
2 2
1 1
1 2
2 1
2 2
1 1
1 2
2 1
2 2
1 1
1 2
2 1
2 2
1 1
1 2
2 1
2 2
1 1
1 2
2 1
2 2
1 1
1 2
2 1
2 2
1 1
1 2
2 1
2 2
1 1 1 0.01701079319983011
1 2 1 0.014932295018850397
2 1 1 0.01829712972417858
2 2 1 0.011474529556865268
1 1 2 0.018602076373117657
1 2 2 0.017554842330498165
2 1 2 0.01583645812514588
2 2 2 0.013227775540193115
1 1 3 0.016342118233574027
1 2 3 0.012996202076816805
2 1 3 0.01229323700695529
2 2 3 0.010948718985519088
1 1 4 0.013843209389988101
1 2 4 0.012984144410830956
2 1 4 0.012829975098627452
2 2 4 0.011210527285871345
1 1 5 0.012218011621631362
1 2 5 0.01045557879055542
2 1 5 0.01138054249813587
2 2 5 0.012341741985757397
1 1 6 0.01305986146922282
1 2 6 0.012031325366980553
2 1 6 0.01157721382173021
2 2 6 0.010321145597427663
1 1 7 0.011082351045286001
1 2 7 0.011261787340186845
2 1 7 0.00982853937717813
2 2 7 0.009717574334236038
1 1 8 0.01106449509911645
1 2 8 0.009633430067712025
2 1 8 0.01266986792312497
2 2 8 0.010396832126560177
1 1 9 0.01031446850380833
1 2 9 0.009726039786891136
2 1 9 0.009479112511915206
2 2 9 0.008655783001783102
1 1 10 0.007060826848921786
1 2 10 0.00870021844225961
2 1 10 0.00830606762917316
2 2 10 0.009814250638062011
1 1 11 0.00803429923461645
1 2 11 0.006740305585642803
2 1 11 0.007545873189144302
2 2 11 0.007456607458797319
1 1 12 0.005641964628152411
1 2 12 0.005043034036387032
2 1 12 0.004821838411208887
2 2 12 0.006068623376714266
1 1 13 0.00443150886835299
1 2 13 0.005576472741917255
2 1 13 0.006612884413100192
2 2 13 0.004765318193638794
1 1 14 0.003854161973474716
1 2 14 0.004152175959952675
2 1 14 0.004124205778943038
2 2 14 0.0035247581896398162
1 1 15 0.004138657009810117
1 2 15 0.0035337164425541306
2 1 15 0.003449440435209894
2 2 15 0.0047460850903159844
1 1 16 0.0026608994941589646
1 2 16 0.003492399385832741
2 1 16 0.002895862301559245
2 2 16 0.003412026343378221
1 1 17 0.003279366907612767
1 2 17 0.0023403642876113594
2 1 17 0.0029916188038236163
2 2 17 0.0026093886451570574
1 1 18 0.0018416399158273857
1 2 18 0.0028242007369119328
2 1 18 0.0023843891197336147
2 2 18 0.002258433028317364
1 1 19 0.0019428974960657738
1 2 19 0.001763136809197468
2 1 19 0.0021910999743101783
2 2 19 0.001721060637620675
1 1 20 0.0010306349149681406
1 2 20 0.001459352814776529
2 1 20 0.00113538049035714
2 2 20 0.0021556705370417576
