[-2.41421356 -1.         -1.         -0.41421356  0.41421356  1.
  1.          2.41421356]
W: 3.8000000000000003
num_iter: 0
[-0.87421622 -0.81722813 -0.74866087 -0.66840979 -0.57734322 -0.47047823
 -0.34864833 -0.19995229  0.19995353  0.3486531   0.47047667  0.5773405
  0.66842167  0.7486566   0.81722385  0.87421117]
localization_length: 0.6251491257566533
0.6264871004545405
W_list: [3.8000000000000003]
L_list: [0.6264871004545405]
[-2.41421356 -1.         -1.         -0.41421356  0.41421356  1.
  1.          2.41421356]
W: 3.8000000000000003
num_iter: 0
[-0.87444128 -0.81698825 -0.74806726 -0.66831129 -0.57569477 -0.47051873
 -0.34839386 -0.19966152  0.19966011  0.34839604  0.47052263  0.57569742
  0.66831564  0.74805949  0.81698681  0.87443882]
localization_length: 0.626063949834275
0.6255594086299454
W_list: [3.8000000000000003]
L_list: [0.6255594086299454]
