W: 2.0
num_iter: 0
[-1.16316883 -1.16316883 -1.14201325 -1.14201325 -1.11531227 -1.11531227
 -1.08148436 -1.08148436 -1.03906133 -1.03906133 -0.98608626 -0.98608626
 -0.92140363 -0.92140363 -0.84303333 -0.84303333 -0.75082898 -0.75082898
 -0.64852871 -0.64852871 -0.54054104 -0.54054104 -0.43518061 -0.43518061
 -0.3351814  -0.3351814  -0.23867585 -0.23867585 -0.1452017  -0.1452017
 -0.04338155 -0.04338155  0.04337403  0.04337403  0.14520995  0.14520995
  0.23866952  0.23866952  0.33518402  0.33518402  0.43518128  0.43518128
  0.54053912  0.54053912  0.64852888  0.64852888  0.75083379  0.75083379
  0.84303468  0.84303468  0.92140032  0.92140032  0.98607921  0.98607921
  1.0390603   1.0390603   1.08148422  1.08148422  1.11531188  1.11531188
  1.14201741  1.14201741  1.16317449  1.16317449]
localization_length: 1.4409543703534546
1.4301740760764852
W_list: [2.0]
L_list: [22.882785217223763]
