W: 3.6
num_iter: 0
[-0.91322841 -0.91322841 -0.90389297 -0.90389297 -0.89384028 -0.89384028
 -0.88243702 -0.88243702 -0.87006884 -0.87006884 -0.8566319  -0.8566319
 -0.84201684 -0.84201684 -0.82608707 -0.82608707 -0.80941532 -0.80941532
 -0.79167507 -0.79167507 -0.77230979 -0.77230979 -0.75184384 -0.75184384
 -0.73031828 -0.73031828 -0.70823377 -0.70823377 -0.68432354 -0.68432354
 -0.65918405 -0.65918405 -0.6324557  -0.6324557  -0.60429696 -0.60429696
 -0.57510161 -0.57510161 -0.54379046 -0.54379046 -0.51109794 -0.51109794
 -0.476596   -0.476596   -0.44026011 -0.44026011 -0.40248913 -0.40248913
 -0.36300623 -0.36300623 -0.3211395  -0.3211395  -0.27848555 -0.27848555
 -0.23385567 -0.23385567 -0.18696659 -0.18696659 -0.13923353 -0.13923353
 -0.08943979 -0.08943979 -0.03214685 -0.03214685  0.03214635  0.03214635
  0.08943835  0.08943835  0.13923771  0.13923771  0.18697016  0.18697016
  0.23384771  0.23384771  0.27849575  0.27849575  0.3211395   0.3211395
  0.36300884  0.36300884  0.40249475  0.40249475  0.44026359  0.44026359
  0.47659276  0.47659276  0.51109688  0.51109688  0.54379643  0.54379643
  0.57510448  0.57510448  0.60429359  0.60429359  0.63245819  0.63245819
  0.65918892  0.65918892  0.68432115  0.68432115  0.7082285   0.7082285
  0.7303162   0.7303162   0.75184356  0.75184356  0.77231014  0.77231014
  0.7916708   0.7916708   0.80941149  0.80941149  0.82608284  0.82608284
  0.84201776  0.84201776  0.8566324   0.8566324   0.87006454  0.87006454
  0.88244035  0.88244035  0.89383582  0.89383582  0.90389374  0.90389374
  0.91322535  0.91322535]
localization_length: 0.9721165212376734
0.9594084958521502
W_list: [3.6]
L_list: [30.701071867268805]
