W: 3.6
num_iter: 0
[-0.90014667 -0.90014667 -0.85069641 -0.85069641 -0.78283312 -0.78283312
 -0.69802986 -0.69802986 -0.59047189 -0.59047189 -0.45942391 -0.45942391
 -0.30018276 -0.30018276 -0.09773218 -0.09773218  0.09773386  0.09773386
  0.30018134  0.30018134  0.45942706  0.45942706  0.59047131  0.59047131
  0.6980228   0.6980228   0.78283695  0.78283695  0.85069024  0.85069024
  0.90015325  0.90015325]
localization_length: 1.279005584320256
1.2666301896170686
W_list: [3.6]
L_list: [10.133041516936549]
