[-2.41421356 -1.         -1.         -0.41421356  0.41421356  1.
  1.          2.41421356]
W: 2.2
num_iter: 0
[-0.55728564 -0.52910594 -0.50026213 -0.46879179 -0.43771704 -0.40511465
 -0.37227067 -0.33847015 -0.30477605 -0.27111832 -0.23647882 -0.2012343
 -0.16442549 -0.12494477 -0.08614191 -0.04459021  0.04458741  0.08614003
  0.12495491  0.16441472  0.2012325   0.23647886  0.27112212  0.30476901
  0.33845708  0.37228643  0.40512334  0.43770541  0.46879764  0.50026669
  0.52910398  0.55728776]
localization_length: 1.4017411409640803
1.4091671944046245
W_list: [2.2]
L_list: [1.4091671944046245]
[-2.41421356 -1.         -1.         -0.41421356  0.41421356  1.
  1.          2.41421356]
W: 2.2
num_iter: 0
[-0.55635972 -0.52943976 -0.49938465 -0.46868569 -0.43761012 -0.40435105
 -0.37147732 -0.33823401 -0.30475329 -0.27026579 -0.23639889 -0.200728
 -0.164225   -0.12594663 -0.0869386  -0.04368714  0.04369041  0.08694006
  0.12593854  0.16422531  0.20073431  0.23638224  0.27026879  0.30476561
  0.33822896  0.37147612  0.40435201  0.43760219  0.46869367  0.49937284
  0.529451    0.5563636 ]
localization_length: 1.430626973339061
1.4193927075566728
W_list: [2.2]
L_list: [1.4193927075566728]
