W: 2.6
num_iter: 0
[-0.79636519 -0.79636519 -0.77509031 -0.77509031 -0.74838653 -0.74838653
 -0.71661806 -0.71661806 -0.68016342 -0.68016342 -0.63959487 -0.63959487
 -0.59520955 -0.59520955 -0.54640957 -0.54640957 -0.49450946 -0.49450946
 -0.43812988 -0.43812988 -0.37879383 -0.37879383 -0.31494072 -0.31494072
 -0.24781242 -0.24781242 -0.17672642 -0.17672642 -0.1033862  -0.1033862
 -0.02444515 -0.02444515  0.02444391  0.02444391  0.10338266  0.10338266
  0.17672344  0.17672344  0.2478131   0.2478131   0.31494675  0.31494675
  0.3787967   0.3787967   0.43812546  0.43812546  0.49451136  0.49451136
  0.54640641  0.54640641  0.59521104  0.59521104  0.63959021  0.63959021
  0.68016634  0.68016634  0.71661964  0.71661964  0.74838267  0.74838267
  0.77509345  0.77509345  0.7963684   0.7963684 ]
localization_length: 2.5568738543816463
2.5539702929261243
W_list: [2.6]
L_list: [40.86352468681799]
