W: 2.8
num_iter: 0
[-0.77005109 -0.77005109 -0.75117891 -0.75117891 -0.72739149 -0.72739149
 -0.6992757  -0.6992757  -0.66695164 -0.66695164 -0.63043577 -0.63043577
 -0.59006524 -0.59006524 -0.54495458 -0.54495458 -0.49636582 -0.49636582
 -0.44268648 -0.44268648 -0.38454617 -0.38454617 -0.3218076  -0.3218076
 -0.25378325 -0.25378325 -0.18262775 -0.18262775 -0.10737395 -0.10737395
 -0.0263545  -0.0263545   0.02635364  0.02635364  0.10737343  0.10737343
  0.18262746  0.18262746  0.25378805  0.25378805  0.32180854  0.32180854
  0.38454428  0.38454428  0.44268994  0.44268994  0.49636124  0.49636124
  0.544957    0.544957    0.59006823  0.59006823  0.63043331  0.63043331
  0.66695225  0.66695225  0.69927268  0.69927268  0.72738775  0.72738775
  0.75117848  0.75117848  0.77005368  0.77005368]
localization_length: 2.371589148921918
2.431212188471297
W_list: [2.8]
L_list: [38.899395015540755]
