[-2.41421356 -1.         -1.         -0.41421356  0.41421356  1.
  1.          2.41421356]
W: 3.6
num_iter: 0
[-0.81714779 -0.66510307 -0.47803225 -0.26130424  0.26130276  0.4780343
  0.66510694  0.81714335]
localization_length: 0.9567445666965984
0.9593745007465264
num_iter: 1
[-0.81775887 -0.66527735 -0.47847189 -0.26043937  0.26043703  0.47847277
  0.66527999  0.8177577 ]
localization_length: 0.9599249468524437
0.9662108333987324
num_iter: 2
[-0.81767375 -0.66538014 -0.47886002 -0.26071397  0.26070385  0.47886332
  0.66539076  0.81766995]
localization_length: 0.9589424999246574
0.9583796282484813
W_list: [3.6]
L_list: [0.9613216541312467]
[-2.41421356 -1.         -1.         -0.41421356  0.41421356  1.
  1.          2.41421356]
W: 3.6
num_iter: 0
[-0.81898705 -0.66544975 -0.47865998 -0.2602236   0.2602172   0.47866508
  0.66544673  0.81899136]
localization_length: 0.9607358858472639
0.9572632255274345
num_iter: 1
[-0.81809251 -0.66548356 -0.47969515 -0.26032987  0.26033439  0.47968956
  0.66548088  0.81809626]
localization_length: 0.9603200919793489
0.9662510203287795
num_iter: 2
[-0.81842991 -0.66653933 -0.47823508 -0.2615378   0.26154829  0.47822901
  0.66653972  0.81842511]
localization_length: 0.955884753375684
0.9508306785551849
W_list: [3.6]
L_list: [0.9581149748037996]
