W: 4.2
num_iter: 0
[-1.01286047 -1.01286047 -1.00286923 -1.00286923 -0.9923755  -0.9923755
 -0.98047389 -0.98047389 -0.96778086 -0.96778086 -0.95380995 -0.95380995
 -0.93921687 -0.93921687 -0.92313264 -0.92313264 -0.90660223 -0.90660223
 -0.88831521 -0.88831521 -0.86898315 -0.86898315 -0.84883671 -0.84883671
 -0.82702842 -0.82702842 -0.80389106 -0.80389106 -0.77981185 -0.77981185
 -0.75420957 -0.75420957 -0.7264927  -0.7264927  -0.69796759 -0.69796759
 -0.66716544 -0.66716544 -0.6346594  -0.6346594  -0.60036157 -0.60036157
 -0.56397624 -0.56397624 -0.5256859  -0.5256859  -0.48484459 -0.48484459
 -0.44187506 -0.44187506 -0.39720689 -0.39720689 -0.34965107 -0.34965107
 -0.29994213 -0.29994213 -0.24767854 -0.24767854 -0.19227455 -0.19227455
 -0.13288563 -0.13288563 -0.06466017 -0.06466017  0.06465578  0.06465578
  0.13289004  0.13289004  0.19227904  0.19227904  0.2476774   0.2476774
  0.29993769  0.29993769  0.34964879  0.34964879  0.39720927  0.39720927
  0.44188259  0.44188259  0.48484228  0.48484228  0.5256929   0.5256929
  0.5639741   0.5639741   0.60036511  0.60036511  0.63465923  0.63465923
  0.66716653  0.66716653  0.69796459  0.69796459  0.72649963  0.72649963
  0.75421069  0.75421069  0.77980853  0.77980853  0.80389036  0.80389036
  0.82702808  0.82702808  0.84883094  0.84883094  0.8689857   0.8689857
  0.88831586  0.88831586  0.90660105  0.90660105  0.92313422  0.92313422
  0.93920976  0.93920976  0.95380496  0.95380496  0.96777416  0.96777416
  0.98047392  0.98047392  0.99237723  0.99237723  1.00287195  1.00287195
  1.01286269  1.01286269]
localization_length: 0.4833288223677343
0.48435113877747654
W_list: [4.2]
L_list: [15.49923644087925]
