W: 2.8
num_iter: 0
[-0.77355302 -0.77355302 -0.76526548 -0.76526548 -0.75582374 -0.75582374
 -0.74505365 -0.74505365 -0.7330612  -0.7330612  -0.72000984 -0.72000984
 -0.7058924  -0.7058924  -0.69106873 -0.69106873 -0.67464488 -0.67464488
 -0.65741756 -0.65741756 -0.639158   -0.639158   -0.61989324 -0.61989324
 -0.59956813 -0.59956813 -0.57839931 -0.57839931 -0.556198   -0.556198
 -0.53280229 -0.53280229 -0.50827461 -0.50827461 -0.48253691 -0.48253691
 -0.45592305 -0.45592305 -0.42787144 -0.42787144 -0.39882883 -0.39882883
 -0.36897688 -0.36897688 -0.33679482 -0.33679482 -0.30426295 -0.30426295
 -0.27079119 -0.27079119 -0.23572481 -0.23572481 -0.19995861 -0.19995861
 -0.16335207 -0.16335207 -0.12648777 -0.12648777 -0.08896027 -0.08896027
 -0.05142526 -0.05142526 -0.01177344 -0.01177344  0.01177002  0.01177002
  0.05142789  0.05142789  0.08896477  0.08896477  0.12648385  0.12648385
  0.1633587   0.1633587   0.19996924  0.19996924  0.23572423  0.23572423
  0.2707905   0.2707905   0.30426315  0.30426315  0.33679585  0.33679585
  0.36896773  0.36896773  0.39883402  0.39883402  0.42787205  0.42787205
  0.45592293  0.45592293  0.48253633  0.48253633  0.50827359  0.50827359
  0.53280132  0.53280132  0.55619916  0.55619916  0.57839332  0.57839332
  0.59956674  0.59956674  0.61989294  0.61989294  0.63914873  0.63914873
  0.65742098  0.65742098  0.67464479  0.67464479  0.6910674   0.6910674
  0.70589072  0.70589072  0.72000987  0.72000987  0.73306594  0.73306594
  0.7450537   0.7450537   0.75582445  0.75582445  0.76526395  0.76526395
  0.77355354  0.77355354]
localization_length: 2.655050697874309
2.679826442973334
W_list: [2.8]
L_list: [85.75444617514668]
