W: 4.2
num_iter: 0
[-0.9994723  -0.9994723  -0.94901132 -0.94901132 -0.88016325 -0.88016325
 -0.79366163 -0.79366163 -0.68439485 -0.68439485 -0.54644369 -0.54644369
 -0.37372621 -0.37372621 -0.14698028 -0.14698028  0.14698009  0.14698009
  0.37372337  0.37372337  0.54643823  0.54643823  0.68439058  0.68439058
  0.79366763  0.79366763  0.88016899  0.88016899  0.94901159  0.94901159
  0.99947304  0.99947304]
localization_length: 0.8504553000216661
0.8388106282403399
W_list: [4.2]
L_list: [6.710485025922719]
