W: 4.0
num_iter: 0
[-1.01679865 -1.01679865 -0.99288933 -0.99288933 -0.9651536  -0.9651536
 -0.93319867 -0.93319867 -0.89674698 -0.89674698 -0.85596848 -0.85596848
 -0.81014813 -0.81014813 -0.75898848 -0.75898848 -0.70246297 -0.70246297
 -0.63993467 -0.63993467 -0.57015246 -0.57015246 -0.4930035  -0.4930035
 -0.40733486 -0.40733486 -0.3120334  -0.3120334  -0.20808191 -0.20808191
 -0.0850148  -0.0850148   0.08501588  0.08501588  0.20807465  0.20807465
  0.31202729  0.31202729  0.40733042  0.40733042  0.493004    0.493004
  0.57015503  0.57015503  0.6399361   0.6399361   0.70246406  0.70246406
  0.75899065  0.75899065  0.81014943  0.81014943  0.85597214  0.85597214
  0.89675308  0.89675308  0.9331987   0.9331987   0.96515631  0.96515631
  0.99288316  0.99288316  1.0168      1.0168    ]
localization_length: 0.7351661406382703
0.7353288704449296
W_list: [4.0]
L_list: [11.765261927118873]
