W: 2.0
num_iter: 0
[-0.88945699 -0.88945699 -0.82726523 -0.82726523 -0.7337935  -0.7337935
 -0.61488492 -0.61488492 -0.47947513 -0.47947513 -0.33894683 -0.33894683
 -0.19650439 -0.19650439 -0.04482625 -0.04482625  0.0448272   0.0448272
  0.19649744  0.19649744  0.33894594  0.33894594  0.47948144  0.47948144
  0.61488521  0.61488521  0.73379182  0.73379182  0.82726464  0.82726464
  0.88945956  0.88945956]
localization_length: 2.7885446357574697
2.7793004241965744
W_list: [2.0]
L_list: [22.234403393572595]
