Norm difference: 1.0
Norm difference: 1.0000000000000002
1 1
1 2
1 3
2 1
2 2
2 3
3 1
3 2
3 3
1 1
1 2
1 3
2 1
2 2
2 3
3 1
3 2
3 3
1 1
1 2
1 3
2 1
2 2
2 3
3 1
3 2
3 3
1 1
1 2
1 3
2 1
2 2
2 3
3 1
3 2
3 3
1 1
1 2
1 3
2 1
2 2
2 3
3 1
3 2
3 3
1 1
1 2
1 3
2 1
2 2
2 3
3 1
3 2
3 3
1 1
1 2
1 3
2 1
2 2
2 3
3 1
3 2
3 3
1 1
1 2
1 3
2 1
2 2
2 3
3 1
3 2
3 3
1 1
1 2
1 3
2 1
2 2
2 3
3 1
3 2
3 3
1 1
1 2
1 3
2 1
2 2
2 3
3 1
3 2
3 3
1 1
1 2
1 3
2 1
2 2
2 3
3 1
3 2
3 3
1 1
1 2
1 3
2 1
2 2
2 3
3 1
3 2
3 3
1 1
1 2
1 3
2 1
2 2
2 3
3 1
3 2
3 3
1 1
1 2
1 3
2 1
2 2
2 3
3 1
3 2
3 3
1 1
1 2
1 3
2 1
2 2
2 3
3 1
3 2
3 3
1 1
1 2
1 3
2 1
2 2
2 3
3 1
3 2
3 3
1 1
1 2
1 3
2 1
2 2
2 3
3 1
3 2
3 3
1 1
1 2
1 3
2 1
2 2
2 3
3 1
3 2
3 3
1 1
1 2
1 3
2 1
2 2
2 3
3 1
3 2
3 3
1 1
1 2
1 3
2 1
2 2
2 3
3 1
3 2
3 3
1 1 1 0.004806683651017439
1 2 1 0.00486232656129205
1 3 1 0.004435189953162423
2 1 1 0.0044583567991656765
2 2 1 0.004988777891968344
2 3 1 0.005795562723875911
3 1 1 0.00514701715193404
3 2 1 0.006447695031574448
3 3 1 0.006275876209389066
1 1 2 0.0034980194522158496
1 2 2 0.004398080735123549
1 3 2 0.0052588111553062466
2 1 2 0.0041708171258922335
2 2 2 0.0049133649142821135
2 3 2 0.006352624019641764
3 1 2 0.006015314427551289
3 2 2 0.006401320762530555
3 3 2 0.0050660960451190335
1 1 3 0.0028832932882097493
1 2 3 0.0037025911388251717
1 3 3 0.004595372151328986
2 1 3 0.003604371178207157
2 2 3 0.0050805829109243335
2 3 3 0.005341835636597673
3 1 3 0.004518705396509023
3 2 3 0.004336678498515499
3 3 3 0.006265529353359764
1 1 4 0.0031524538877612173
1 2 4 0.0032426824584552995
1 3 4 0.0036606343551544803
2 1 4 0.005249760616916571
2 2 4 0.0036381214327937754
2 3 4 0.004700282803668015
3 1 4 0.004414850845890009
3 2 4 0.005341918267486314
3 3 4 0.00623555000797036
1 1 5 0.004585246638372775
1 2 5 0.003372960098424771
1 3 5 0.004180023363070948
2 1 5 0.005758296812337953
2 2 5 0.004959211193649646
2 3 5 0.005051318577092663
3 1 5 0.004991350689926764
3 2 5 0.006081630460685635
3 3 5 0.005328108184303833
1 1 6 0.003976722652968267
1 2 6 0.005250628313724814
1 3 6 0.005050433957728048
2 1 6 0.00612182345961881
2 2 6 0.0053156492085376815
2 3 6 0.006002983428287272
3 1 6 0.007273085527793809
3 2 6 0.00491251357805473
3 3 6 0.00499704524965667
1 1 7 0.005018686567263711
1 2 7 0.005693365648068947
1 3 7 0.006109007641562744
2 1 7 0.005984523281876548
2 2 7 0.006974073232764545
2 3 7 0.0066347077700272565
3 1 7 0.006633946630526036
3 2 7 0.0056949113295789305
3 3 7 0.006339879853795574
1 1 8 0.005851825665021486
1 2 8 0.0035983615150707035
1 3 8 0.004774451498496325
2 1 8 0.00752143655736538
2 2 8 0.002992898216663913
2 3 8 0.006589560883137949
3 1 8 0.006239697367472565
3 2 8 0.007867073269905505
3 3 8 0.0076287916775458235
1 1 9 0.00700334419669898
1 2 9 0.005498701414196403
1 3 9 0.0046429090720447415
2 1 9 0.0087449932905467
2 2 9 0.006916786862298305
2 3 9 0.004925230811102084
3 1 9 0.005531966208658905
3 2 9 0.005046973744763095
3 3 9 0.00892618658234787
1 1 10 0.003875660836568122
1 2 10 0.006305736835043439
1 3 10 0.006085021038955206
2 1 10 0.0037405965469025477
2 2 10 0.008595305823307088
2 3 10 0.007904078974833039
3 1 10 0.008438629240328
3 2 10 0.0037739779864970624
3 3 10 0.0075701636163821055
1 1 11 0.004225871039661174
1 2 11 0.003086046701303172
1 3 11 0.007674402079522323
2 1 11 0.004186670947122069
2 2 11 0.0030279317777810203
2 3 11 0.009486004745864661
3 1 11 0.006741598002455597
3 2 11 0.010006202331849384
3 3 11 0.008609075374125396
1 1 12 0.0030235573907245175
1 2 12 0.003622021183913671
1 3 12 0.006386013986728094
2 1 12 0.003422497102218791
2 2 12 0.003933459831050269
2 3 12 0.007164834843719636
3 1 12 0.005375796172253624
3 2 12 0.006204229643443122
3 3 12 0.011473770549194314
1 1 13 0.0033021808966544794
1 2 13 0.004647357957096367
1 3 13 0.0074293264054522525
2 1 13 0.004718903840306305
2 2 13 0.004313529066531868
2 3 13 0.007364291639953708
3 1 13 0.006748442785875877
3 2 13 0.0036935870537074316
3 3 13 0.008702282371330982
1 1 14 0.0038281367903615
1 2 14 0.0031128390823531547
1 3 14 0.005978491699718131
2 1 14 0.003861834094696706
2 2 14 0.004435104467829242
2 3 14 0.0062069519470281075
3 1 14 0.006086937464277392
3 2 14 0.006419419192368578
3 3 14 0.008021538999046115
1 1 15 0.005413076786859671
1 2 15 0.002913503869076915
1 3 15 0.004745525875140275
2 1 15 0.006408210771209247
2 2 15 0.0029133001568364663
2 3 15 0.006334349228609118
3 1 15 0.004091162439127062
3 2 15 0.005498706007017546
3 3 15 0.008648302887664957
1 1 16 0.0042078975241774
1 2 16 0.003320274297498297
1 3 16 0.004299926436585562
2 1 16 0.00400160721469259
2 2 16 0.00317542381303665
2 3 16 0.0046863462868542375
3 1 16 0.0053545592265205385
3 2 16 0.0035988649722475995
3 3 16 0.0075054261646501615
1 1 17 0.0035048541622957293
1 2 17 0.00222519844740715
1 3 17 0.004230603300366535
2 1 17 0.003323307577315785
2 2 17 0.002507884152344362
2 3 17 0.004669331839844115
3 1 17 0.006029436655182261
3 2 17 0.003794940983051648
3 3 17 0.006163578546930522
1 1 18 0.00290569709228443
1 2 18 0.0032109491598071626
1 3 18 0.003634843983909351
2 1 18 0.004546803287857235
2 2 18 0.002990243453571309
2 3 18 0.0037049154989436473
3 1 18 0.0035372866738146193
3 2 18 0.0037833762283745005
3 3 18 0.005395248646665615
1 1 19 0.0028265570676721495
1 2 19 0.0022934048923601113
1 3 19 0.003946403764350479
2 1 19 0.0025734534170263708
2 2 19 0.003926963827286669
2 3 19 0.003209559286757151
3 1 19 0.0051364619990573405
3 2 19 0.0028750124627202585
3 3 19 0.005020943183944705
1 1 20 0.0026928705898942125
1 2 20 0.0021217163714037893
1 3 20 0.002543499871012611
2 1 20 0.003761375946265311
2 2 20 0.0017658494361051699
2 3 20 0.0034715665805084145
3 1 20 0.00469265276889178
3 2 20 0.0036005863273682374
3 3 20 0.004301272946621743
