[-2.41421356 -1.         -1.         -0.41421356  0.41421356  1.
  1.          2.41421356]
W: 2.8
num_iter: 0
[-0.69068182 -0.66327972 -0.63420877 -0.60294136 -0.56922982 -0.53494999
 -0.49816675 -0.45912768 -0.41895971 -0.37808016 -0.33452644 -0.2895968
 -0.24081713 -0.19029575 -0.13427545 -0.0721491   0.07215049  0.13426663
  0.19030471  0.24080708  0.28960358  0.33452064  0.37806709  0.41896965
  0.45913054  0.49816653  0.53494221  0.5692381   0.60294484  0.63421665
  0.66327192  0.69068579]
localization_length: 0.8662616759851576
0.8622134806688736
W_list: [2.8]
L_list: [0.8622134806688736]
[-2.41421356 -1.         -1.         -0.41421356  0.41421356  1.
  1.          2.41421356]
W: 2.8
num_iter: 0
[-0.6911941  -0.66430452 -0.63417199 -0.60297863 -0.56974563 -0.53449005
 -0.49767032 -0.4592503  -0.41854592 -0.37830652 -0.33339913 -0.28850035
 -0.2403744  -0.18941146 -0.13466922 -0.07207954  0.07207657  0.13468158
  0.18940304  0.24037857  0.28850447  0.33339086  0.3782862   0.41855961
  0.45925134  0.49767167  0.5344824   0.56975495  0.60298818  0.63417262
  0.66429899  0.69119104]
localization_length: 0.8671333624593764
0.8611750861517662
W_list: [2.8]
L_list: [0.8611750861517662]
