[-2.41421356 -1.         -1.         -0.41421356  0.41421356  1.
  1.          2.41421356]
W: 1.5999999999999999
num_iter: 0
[-0.41564039 -0.27965198 -0.16264371 -0.07597245  0.07597385  0.16264275
  0.27965107  0.41564086]
localization_length: 3.2906664031243698
3.276883080839614
num_iter: 1
[-0.4159271  -0.2795642  -0.16326869 -0.07656873  0.07657031  0.16326419
  0.27957648  0.41591775]
localization_length: 3.26504042059885
3.244281278199419
num_iter: 2
[-0.41461943 -0.28022375 -0.163367   -0.07659903  0.07660043  0.16336584
  0.28022141  0.41462153]
localization_length: 3.26374880025784
3.267330909518144
W_list: [1.5999999999999999]
L_list: [3.262831756185726]
[-2.41421356 -1.         -1.         -0.41421356  0.41421356  1.
  1.          2.41421356]
W: 1.5999999999999999
num_iter: 0
[-0.41613672 -0.27976318 -0.16251116 -0.0752994   0.07528396  0.16252833
  0.27976203  0.41613614]
localization_length: 3.3207605475747095
3.313993303198687
num_iter: 1
[-0.41619837 -0.279766   -0.16384211 -0.0759343   0.07594563  0.16384659
  0.2797487   0.41619987]
localization_length: 3.29231964893566
3.33521460473376
num_iter: 2
[-0.41473665 -0.28086289 -0.1628844  -0.0761281   0.07612788  0.16287551
  0.28087236  0.41473628]
localization_length: 3.2839479794705575
3.2889987025809955
W_list: [1.5999999999999999]
L_list: [3.312735536837814]
