W: 3.8
num_iter: 0
[-1.10929911 -1.10929911 -1.09599012 -1.09599012 -1.08229488 -1.08229488
 -1.06704549 -1.06704549 -1.05092289 -1.05092289 -1.03360141 -1.03360141
 -1.01480853 -1.01480853 -0.9947041  -0.9947041  -0.97345624 -0.97345624
 -0.95120744 -0.95120744 -0.92709693 -0.92709693 -0.90203609 -0.90203609
 -0.87581498 -0.87581498 -0.84841622 -0.84841622 -0.8196269  -0.8196269
 -0.78989489 -0.78989489 -0.75788784 -0.75788784 -0.72556409 -0.72556409
 -0.69047742 -0.69047742 -0.65454481 -0.65454481 -0.61702509 -0.61702509
 -0.57737787 -0.57737787 -0.53555869 -0.53555869 -0.49256424 -0.49256424
 -0.44724768 -0.44724768 -0.40008602 -0.40008602 -0.35096842 -0.35096842
 -0.30018597 -0.30018597 -0.24721438 -0.24721438 -0.19152203 -0.19152203
 -0.13235022 -0.13235022 -0.06377098 -0.06377098  0.0637685   0.0637685
  0.13235351  0.13235351  0.1915261   0.1915261   0.24720956  0.24720956
  0.30018238  0.30018238  0.35096375  0.35096375  0.40008428  0.40008428
  0.44724516  0.44724516  0.49256687  0.49256687  0.53555886  0.53555886
  0.57737479  0.57737479  0.61702307  0.61702307  0.65453852  0.65453852
  0.69047969  0.69047969  0.72556127  0.72556127  0.75788527  0.75788527
  0.7898927   0.7898927   0.81962773  0.81962773  0.84841032  0.84841032
  0.875813    0.875813    0.9020364   0.9020364   0.927097    0.927097
  0.95121271  0.95121271  0.97346509  0.97346509  0.99471503  0.99471503
  1.01481556  1.01481556  1.03361092  1.03361092  1.05092195  1.05092195
  1.06704828  1.06704828  1.08228829  1.08228829  1.09598733  1.09598733
  1.10929806  1.10929806]
localization_length: 0.49005387179689897
0.4927339524572779
W_list: [3.8]
L_list: [15.767486478632893]
