Norm difference: 1.0
Norm difference: 1.0
1 1
1 2
2 1
2 2
1 1
1 2
2 1
2 2
1 1
1 2
2 1
2 2
1 1
1 2
2 1
2 2
1 1
1 2
2 1
2 2
1 1
1 2
2 1
2 2
1 1
1 2
2 1
2 2
1 1
1 2
2 1
2 2
1 1
1 2
2 1
2 2
1 1
1 2
2 1
2 2
1 1
1 2
2 1
2 2
1 1
1 2
2 1
2 2
1 1
1 2
2 1
2 2
1 1
1 2
2 1
2 2
1 1
1 2
2 1
2 2
1 1
1 2
2 1
2 2
1 1
1 2
2 1
2 2
1 1
1 2
2 1
2 2
1 1
1 2
2 1
2 2
1 1
1 2
2 1
2 2
1 1 1 0.0039220555144034355
1 2 1 0.0028903703148197195
2 1 1 0.003943519535434974
2 2 1 0.003644596239648041
1 1 2 0.002778711699233451
1 2 2 0.0036793220582162617
2 1 2 0.004072998593233244
2 2 2 0.003551497606238427
1 1 3 0.004012251967171754
1 2 3 0.003729001160233076
2 1 3 0.0030682910512963677
2 2 3 0.0031544867364769512
1 1 4 0.0030913149101155103
1 2 4 0.0031722983280509875
2 1 4 0.003465523940415949
2 2 4 0.0038257340154996323
1 1 5 0.002145769979161976
1 2 5 0.0036419496691806434
2 1 5 0.0036540447088034634
2 2 5 0.00489510417236202
1 1 6 0.0035309690106705162
1 2 6 0.0028450416487091567
2 1 6 0.003258275141558604
2 2 6 0.003195532345811364
1 1 7 0.002825612909126933
1 2 7 0.003268939536111512
2 1 7 0.004115759137355726
2 2 7 0.004009043989547273
1 1 8 0.0023184694633184796
1 2 8 0.002612065795973762
2 1 8 0.00325687957004222
2 2 8 0.002752211390263776
1 1 9 0.002584462063554443
1 2 9 0.0025147579199474726
2 1 9 0.0037002931036443044
2 2 9 0.00406097598417929
1 1 10 0.002886426321595566
1 2 10 0.003618880889486657
2 1 10 0.002335949962191275
2 2 10 0.003469428068293474
1 1 11 0.0025045186876215585
1 2 11 0.002542668692896978
2 1 11 0.003224320423167662
2 2 11 0.004512672424798266
1 1 12 0.003932693353810541
1 2 12 0.002942461951228241
2 1 12 0.004246662483901699
2 2 12 0.003146250683009822
1 1 13 0.0032507768535009448
1 2 13 0.00308471716224416
2 1 13 0.004287829840867057
2 2 13 0.002829233023801338
1 1 14 0.00283498958023224
1 2 14 0.003839657194789489
2 1 14 0.004661268348569654
2 2 14 0.004357971937074874
1 1 15 0.0032153778188624047
1 2 15 0.0026707703669462653
2 1 15 0.0027936202877928504
2 2 15 0.004625789990561256
1 1 16 0.0033478756196502492
1 2 16 0.00314821808420179
2 1 16 0.004267179152965058
2 2 16 0.003807018724632382
1 1 17 0.003446171607330516
1 2 17 0.0027205745109114845
2 1 17 0.0040757289178372175
2 2 17 0.0029127049871352727
1 1 18 0.0032554165170310353
1 2 18 0.003027827525263069
2 1 18 0.0044147634574280515
2 2 18 0.0035631572802038297
1 1 19 0.0033329306702466538
1 2 19 0.003069042551996123
2 1 19 0.003748294608566451
2 2 19 0.0036789233183925755
1 1 20 0.0026801979732542095
1 2 20 0.0027973374837099154
2 1 20 0.003782716718786722
2 2 20 0.0036381058441314874
