W: 2.6
num_iter: 0
[-0.95300826 -0.95300826 -0.88826343 -0.88826343 -0.79852165 -0.79852165
 -0.6849372  -0.6849372  -0.55309481 -0.55309481 -0.40891186 -0.40891186
 -0.25033549 -0.25033549 -0.06910358 -0.06910358  0.06910293  0.06910293
  0.25033971  0.25033971  0.40890706  0.40890706  0.55309253  0.55309253
  0.68493576  0.68493576  0.79852407  0.79852407  0.88826785  0.88826785
  0.95300638  0.95300638]
localization_length: 1.8088957552703506
1.785028413839597
W_list: [2.6]
L_list: [14.280227310716777]
