W: 4.2
num_iter: 0
[-1.15018833 -1.15018833 -1.12199648 -1.12199648 -1.08929116 -1.08929116
 -1.05255592 -1.05255592 -1.01087644 -1.01087644 -0.9647426  -0.9647426
 -0.91320596 -0.91320596 -0.85684334 -0.85684334 -0.79428635 -0.79428635
 -0.72455789 -0.72455789 -0.64924184 -0.64924184 -0.56469571 -0.56469571
 -0.47092904 -0.47092904 -0.36819753 -0.36819753 -0.25532669 -0.25532669
 -0.12081954 -0.12081954  0.1208167   0.1208167   0.25533231  0.25533231
  0.36819301  0.36819301  0.47093014  0.47093014  0.56469971  0.56469971
  0.64924418  0.64924418  0.72455667  0.72455667  0.79428854  0.79428854
  0.85684451  0.85684451  0.91320477  0.91320477  0.96474174  0.96474174
  1.01087526  1.01087526  1.05254748  1.05254748  1.08929673  1.08929673
  1.12199492  1.12199492  1.15018817  1.15018817]
localization_length: 0.5173125699257604
0.520371307237089
W_list: [4.2]
L_list: [8.325940915793424]
