W: 2.4
num_iter: 0
[-0.69963771 -0.69963771 -0.68159499 -0.68159499 -0.65871445 -0.65871445
 -0.63148479 -0.63148479 -0.60054717 -0.60054717 -0.56585433 -0.56585433
 -0.52765276 -0.52765276 -0.48559218 -0.48559218 -0.44050837 -0.44050837
 -0.39131909 -0.39131909 -0.33782342 -0.33782342 -0.2803535  -0.2803535
 -0.21957889 -0.21957889 -0.1552962  -0.1552962  -0.08907699 -0.08907699
 -0.01937285 -0.01937285  0.01936805  0.01936805  0.08907957  0.08907957
  0.15529582  0.15529582  0.21957338  0.21957338  0.28035047  0.28035047
  0.33781966  0.33781966  0.39132277  0.39132277  0.44050849  0.44050849
  0.48559168  0.48559168  0.52765932  0.52765932  0.5658573   0.5658573
  0.60055051  0.60055051  0.63148315  0.63148315  0.65871091  0.65871091
  0.68159694  0.68159694  0.69963965  0.69963965]
localization_length: 3.226963523634648
3.239817295031364
W_list: [2.4]
L_list: [51.83707672050183]
