W: 4.2
num_iter: 0
[-0.99964279 -0.99964279 -0.94824592 -0.94824592 -0.88048167 -0.88048167
 -0.7933751  -0.7933751  -0.68403038 -0.68403038 -0.54663793 -0.54663793
 -0.37333469 -0.37333469 -0.14655152 -0.14655152  0.14655018  0.14655018
  0.37334035  0.37334035  0.5466338   0.5466338   0.68403384  0.68403384
  0.79337467  0.79337467  0.88048108  0.88048108  0.94824283  0.94824283
  0.99964325  0.99964325]
localization_length: 0.852950189414675
0.8488800113410153
W_list: [4.2]
L_list: [6.7910400907281225]
