[-2.41421356 -1.         -1.         -0.41421356  0.41421356  1.
  1.          2.41421356]
W: 3.0
num_iter: 0
[-0.74175597 -0.72814219 -0.71398137 -0.69971823 -0.68540495 -0.67050918
 -0.65453287 -0.63815975 -0.62146122 -0.60408117 -0.58642426 -0.56780005
 -0.54909688 -0.52974637 -0.50984776 -0.48922473 -0.46819877 -0.44779885
 -0.42551541 -0.4029388  -0.37982551 -0.35624526 -0.33245003 -0.30720181
 -0.2816749  -0.25542689 -0.22777306 -0.19935043 -0.16859826 -0.13639731
 -0.09927399 -0.05768535  0.05768831  0.09925969  0.13641283  0.16859916
  0.19935649  0.22776839  0.25543438  0.28167768  0.30720161  0.3324531
  0.35624404  0.37981894  0.40293368  0.42552148  0.4478057   0.46821076
  0.48922174  0.50983993  0.52974855  0.5490843   0.56780325  0.5864287
  0.60407285  0.62144477  0.63816881  0.65453333  0.67050015  0.68541282
  0.69971328  0.71398225  0.72814383  0.7417568 ]
localization_length: 0.5417320310119723
0.5496210363718547
W_list: [3.0]
L_list: [0.5496210363718547]
[-2.41421356 -1.         -1.         -0.41421356  0.41421356  1.
  1.          2.41421356]
W: 3.0
num_iter: 0
[-0.74155559 -0.72792907 -0.7140869  -0.70042716 -0.68523568 -0.67012581
 -0.65447951 -0.63764347 -0.62112791 -0.60340688 -0.58602363 -0.56735602
 -0.54839011 -0.52941859 -0.50940313 -0.48877615 -0.46822962 -0.44713579
 -0.42504649 -0.40261388 -0.37978045 -0.35602295 -0.3322323  -0.30728302
 -0.28109767 -0.25500806 -0.22725906 -0.1986559  -0.16800033 -0.13509762
 -0.09902377 -0.05676343  0.05676196  0.09902487  0.13509979  0.1679915
  0.19865037  0.2272632   0.25499781  0.28109438  0.30728913  0.33223008
  0.35602761  0.3797733   0.40260942  0.42504535  0.44713075  0.46823681
  0.48877304  0.50939101  0.52941791  0.54839801  0.56736466  0.58602298
  0.60342312  0.62112226  0.63764304  0.65448961  0.67013375  0.6852467
  0.70041444  0.71406583  0.72794156  0.74156167]
localization_length: 0.5505447834929627
0.5546494659955454
W_list: [3.0]
L_list: [0.5546494659955454]
