W: 1.6
num_iter: 0
[-1.14951065 -1.14951065 -1.14152968 -1.14152968 -1.13227593 -1.13227593
 -1.121634   -1.121634   -1.10970999 -1.10970999 -1.0960085  -1.0960085
 -1.08040982 -1.08040982 -1.06272967 -1.06272967 -1.04279753 -1.04279753
 -1.02069362 -1.02069362 -0.99593564 -0.99593564 -0.96736603 -0.96736603
 -0.93525657 -0.93525657 -0.90022319 -0.90022319 -0.86108381 -0.86108381
 -0.81742355 -0.81742355 -0.76997399 -0.76997399 -0.71826518 -0.71826518
 -0.66332497 -0.66332497 -0.60510626 -0.60510626 -0.54662412 -0.54662412
 -0.48863543 -0.48863543 -0.4324192  -0.4324192  -0.37877915 -0.37877915
 -0.32786708 -0.32786708 -0.27901468 -0.27901468 -0.23270837 -0.23270837
 -0.18781216 -0.18781216 -0.14473595 -0.14473595 -0.10224855 -0.10224855
 -0.05969481 -0.05969481 -0.01524013 -0.01524013  0.01524158  0.01524158
  0.05968805  0.05968805  0.10225302  0.10225302  0.14474424  0.14474424
  0.18782051  0.18782051  0.23270366  0.23270366  0.27901586  0.27901586
  0.32786359  0.32786359  0.37878185  0.37878185  0.43242779  0.43242779
  0.48863523  0.48863523  0.54661989  0.54661989  0.6051092   0.6051092
  0.66333145  0.66333145  0.71825877  0.71825877  0.76997186  0.76997186
  0.8174235   0.8174235   0.86107691  0.86107691  0.90022526  0.90022526
  0.9352515   0.9352515   0.96736149  0.96736149  0.99593577  0.99593577
  1.0206972   1.0206972   1.04279184  1.04279184  1.06272673  1.06272673
  1.08041775  1.08041775  1.09600616  1.09600616  1.10971701  1.10971701
  1.12163418  1.12163418  1.13226808  1.13226808  1.14152959  1.14152959
  1.1495087   1.1495087 ]
localization_length: 2.0505070253466635
2.1187892086743374
W_list: [1.6]
L_list: [67.8012546775788]
