C_list:
0.0006551698313635467 0.21604842563495982
C_list:
0.0006815798316292694 0.2399091081979342
C_list:
0.0006432305694110131 0.2405537567810342
C_list:
0.0006498822579021231 0.2549266514065883
C_list:
0.0006258643958753357 0.2664544532827677
C_list:
0.0006696670889393373 0.2995706561549106
ndim2: 60
W_list: [2.3, 2.4, 2.5, 2.5999999999999996, 2.6999999999999997, 2.8]
L_list: [4.628591932855008, 4.168245247174866, 4.157074964787423, 3.9226969580558966, 3.7529866274697863, 3.338110657550155]
C_list:
0.0005470523542031391 0.16187787922737124
C_list:
0.0005526140062503608 0.16775627120651404
C_list:
0.0005456326477992869 0.17335575706774983
C_list:
0.0006067609251492768 0.1995965403833166
C_list:
0.0005376892960206119 0.20077844269809397
C_list:
0.0005953071236817244 0.2217445100822662
ndim2: 60
W_list: [2.3, 2.4, 2.5, 2.5999999999999996, 2.6999999999999997, 2.8]
L_list: [6.1774963001301435, 5.961029014342861, 5.768484513665077, 5.010106879004731, 4.980614385497937, 4.509694511169655]
C_list:
0.0005151804812094083 0.13092443701188822
C_list:
0.0005606862022774256 0.14740474710225834
C_list:
0.0005426425655261075 0.15610718022096923
C_list:
0.0005063164971930226 0.16602467988046185
C_list:
0.0005069016217262688 0.17629829108895856
C_list:
0.0005291268709807875 0.1839300092589424
ndim2: 60
W_list: [2.3, 2.4, 2.5, 2.5999999999999996, 2.6999999999999997, 2.8]
L_list: [7.637993508493742, 6.784042031606181, 6.405855250120482, 6.0232008923010865, 5.672204726564303, 5.436850702226458]
