W: 2.4
num_iter: 0
[-0.69955597 -0.69955597 -0.68151308 -0.68151308 -0.65843929 -0.65843929
 -0.63142435 -0.63142435 -0.60054902 -0.60054902 -0.56557254 -0.56557254
 -0.52741889 -0.52741889 -0.48641367 -0.48641367 -0.44075604 -0.44075604
 -0.39138466 -0.39138466 -0.3377951  -0.3377951  -0.28052823 -0.28052823
 -0.2194896  -0.2194896  -0.15503887 -0.15503887 -0.08899303 -0.08899303
 -0.01938431 -0.01938431  0.0193832   0.0193832   0.08899597  0.08899597
  0.15503652  0.15503652  0.2194903   0.2194903   0.28052351  0.28052351
  0.33779581  0.33779581  0.39138256  0.39138256  0.44075457  0.44075457
  0.48641716  0.48641716  0.52741903  0.52741903  0.56556817  0.56556817
  0.60055598  0.60055598  0.63142391  0.63142391  0.65844161  0.65844161
  0.68151437  0.68151437  0.69955401  0.69955401]
localization_length: 3.2244424883442617
3.253833150877617
W_list: [2.4]
L_list: [52.06133041404187]
