W: 3.2
num_iter: 0
[-0.89732043 -0.89732043 -0.88699546 -0.88699546 -0.87584263 -0.87584263
 -0.86315809 -0.86315809 -0.84981299 -0.84981299 -0.83491326 -0.83491326
 -0.8189603  -0.8189603  -0.80176768 -0.80176768 -0.78318772 -0.78318772
 -0.76395468 -0.76395468 -0.74309984 -0.74309984 -0.72139569 -0.72139569
 -0.69862345 -0.69862345 -0.67462553 -0.67462553 -0.64953128 -0.64953128
 -0.62334425 -0.62334425 -0.59573095 -0.59573095 -0.56707051 -0.56707051
 -0.53702708 -0.53702708 -0.50584706 -0.50584706 -0.47328904 -0.47328904
 -0.43906732 -0.43906732 -0.40374367 -0.40374367 -0.36737217 -0.36737217
 -0.32891949 -0.32891949 -0.28917465 -0.28917465 -0.24867842 -0.24867842
 -0.20652473 -0.20652473 -0.16312006 -0.16312006 -0.11861087 -0.11861087
 -0.07319767 -0.07319767 -0.02253097 -0.02253097  0.02253277  0.02253277
  0.07319775  0.07319775  0.11860826  0.11860826  0.16312182  0.16312182
  0.20652738  0.20652738  0.24867306  0.24867306  0.28917013  0.28917013
  0.32891724  0.32891724  0.36737412  0.36737412  0.40374581  0.40374581
  0.43906685  0.43906685  0.47329044  0.47329044  0.50584637  0.50584637
  0.53702616  0.53702616  0.5670731   0.5670731   0.59573701  0.59573701
  0.62333772  0.62333772  0.6495328   0.6495328   0.67462915  0.67462915
  0.69862492  0.69862492  0.72138507  0.72138507  0.74309592  0.74309592
  0.7639572   0.7639572   0.78318956  0.78318956  0.80177228  0.80177228
  0.81896008  0.81896008  0.83491474  0.83491474  0.84980753  0.84980753
  0.86316168  0.86316168  0.87584315  0.87584315  0.88699948  0.88699948
  0.89731839  0.89731839]
localization_length: 1.3869796119723652
1.3745927983305084
W_list: [3.2]
L_list: [43.98696954657627]
