W: 3.4000000000000004
num_iter: 0
[-0.87497117 -0.87497117 -0.85485638 -0.85485638 -0.83027223 -0.83027223
 -0.80104946 -0.80104946 -0.76759831 -0.76759831 -0.72968363 -0.72968363
 -0.68738703 -0.68738703 -0.64008759 -0.64008759 -0.58715211 -0.58715211
 -0.52937284 -0.52937284 -0.46544153 -0.46544153 -0.3956643  -0.3956643
 -0.31884147 -0.31884147 -0.2357772  -0.2357772  -0.14706582 -0.14706582
 -0.04548844 -0.04548844  0.04549185  0.04549185  0.14706508  0.14706508
  0.2357816   0.2357816   0.31883621  0.31883621  0.39566672  0.39566672
  0.46543993  0.46543993  0.52938065  0.52938065  0.58714912  0.58714912
  0.64007895  0.64007895  0.68738215  0.68738215  0.72968146  0.72968146
  0.76760874  0.76760874  0.80105303  0.80105303  0.83027243  0.83027243
  0.85485263  0.85485263  0.87496895  0.87496895]
localization_length: 1.3739755789753478
1.373582867509285
W_list: [3.4000000000000004]
L_list: [21.97732588014856]
