W: 2.2
num_iter: 0
[-1.17723256 -1.17723256 -1.16746857 -1.16746857 -1.1564602  -1.1564602
 -1.14368018 -1.14368018 -1.12942185 -1.12942185 -1.11391599 -1.11391599
 -1.09635529 -1.09635529 -1.07629431 -1.07629431 -1.0545261  -1.0545261
 -1.03015198 -1.03015198 -1.00349244 -1.00349244 -0.97357645 -0.97357645
 -0.94101174 -0.94101174 -0.90593981 -0.90593981 -0.86703004 -0.86703004
 -0.82560586 -0.82560586 -0.78074963 -0.78074963 -0.73303296 -0.73303296
 -0.68384346 -0.68384346 -0.63282279 -0.63282279 -0.58189411 -0.58189411
 -0.53000864 -0.53000864 -0.47858538 -0.47858538 -0.42795635 -0.42795635
 -0.37831465 -0.37831465 -0.32904214 -0.32904214 -0.27988154 -0.27988154
 -0.23106895 -0.23106895 -0.18300642 -0.18300642 -0.1343548  -0.1343548
 -0.08504344 -0.08504344 -0.02928617 -0.02928617  0.02928643  0.02928643
  0.08504929  0.08504929  0.13435052  0.13435052  0.18300754  0.18300754
  0.23106922  0.23106922  0.27987413  0.27987413  0.32903899  0.32903899
  0.37832298  0.37832298  0.42795663  0.42795663  0.4785888   0.4785888
  0.53000763  0.53000763  0.58189106  0.58189106  0.63282047  0.63282047
  0.68383967  0.68383967  0.73303247  0.73303247  0.78075236  0.78075236
  0.8256083   0.8256083   0.86702675  0.86702675  0.90593744  0.90593744
  0.94101048  0.94101048  0.97357939  0.97357939  1.00349715  1.00349715
  1.03015985  1.03015985  1.05452276  1.05452276  1.07628933  1.07628933
  1.0963533   1.0963533   1.11391386  1.11391386  1.12942732  1.12942732
  1.14367224  1.14367224  1.15645762  1.15645762  1.16747945  1.16747945
  1.17723134  1.17723134]
localization_length: 1.0670565402105985
1.0526206982812571
W_list: [2.2]
L_list: [33.68386234500023]
