W: 3.0
num_iter: 0
[-0.80477798 -0.80477798 -0.78535595 -0.78535595 -0.76126252 -0.76126252
 -0.7329119  -0.7329119  -0.70012896 -0.70012896 -0.6627667  -0.6627667
 -0.62181009 -0.62181009 -0.57567393 -0.57567393 -0.5259155  -0.5259155
 -0.47046577 -0.47046577 -0.41033588 -0.41033588 -0.34418341 -0.34418341
 -0.2736949  -0.2736949  -0.19802271 -0.19802271 -0.11859017 -0.11859017
 -0.03085287 -0.03085287  0.03084793  0.03084793  0.11859303  0.11859303
  0.19802117  0.19802117  0.27369502  0.27369502  0.34418383  0.34418383
  0.4103314   0.4103314   0.47046763  0.47046763  0.52591322  0.52591322
  0.57567713  0.57567713  0.62181107  0.62181107  0.66277215  0.66277215
  0.70012754  0.70012754  0.73291109  0.73291109  0.76126084  0.76126084
  0.78535741  0.78535741  0.80477877  0.80477877]
localization_length: 2.0260677151650657
2.0069710145923296
W_list: [3.0]
L_list: [32.111536233477274]
