W: 3.6
num_iter: 0
[-0.95522894 -0.95522894 -0.93185927 -0.93185927 -0.90441025 -0.90441025
 -0.87232457 -0.87232457 -0.83534125 -0.83534125 -0.79455602 -0.79455602
 -0.74880851 -0.74880851 -0.69779013 -0.69779013 -0.64173874 -0.64173874
 -0.58013184 -0.58013184 -0.51222402 -0.51222402 -0.4375507  -0.4375507
 -0.35557569 -0.35557569 -0.26731667 -0.26731667 -0.17142854 -0.17142854
 -0.06019339 -0.06019339  0.06018928  0.06018928  0.1714253   0.1714253
  0.26731925  0.26731925  0.35557306  0.35557306  0.43755042  0.43755042
  0.51222418  0.51222418  0.58012917  0.58012917  0.64174116  0.64174116
  0.6977853   0.6977853   0.74881246  0.74881246  0.79455871  0.79455871
  0.83534148  0.83534148  0.87232357  0.87232357  0.90441028  0.90441028
  0.93186521  0.93186521  0.9552297   0.9552297 ]
localization_length: 1.0383908068480299
1.0409356526204578
W_list: [3.6]
L_list: [16.654970441927325]
