W: 2.6
num_iter: 0
[-0.73795141 -0.73795141 -0.72986167 -0.72986167 -0.72062736 -0.72062736
 -0.71030207 -0.71030207 -0.69866735 -0.69866735 -0.68567234 -0.68567234
 -0.67184418 -0.67184418 -0.65694324 -0.65694324 -0.64111727 -0.64111727
 -0.62388924 -0.62388924 -0.60627507 -0.60627507 -0.58763274 -0.58763274
 -0.56775312 -0.56775312 -0.5473678  -0.5473678  -0.52524809 -0.52524809
 -0.50263016 -0.50263016 -0.47912588 -0.47912588 -0.45455483 -0.45455483
 -0.42882098 -0.42882098 -0.40167898 -0.40167898 -0.37388989 -0.37388989
 -0.34478857 -0.34478857 -0.3146937  -0.3146937  -0.28369234 -0.28369234
 -0.25174786 -0.25174786 -0.21876776 -0.21876776 -0.18462865 -0.18462865
 -0.15019389 -0.15019389 -0.11583903 -0.11583903 -0.0808389  -0.0808389
 -0.04593166 -0.04593166 -0.010001   -0.010001    0.00999704  0.00999704
  0.04593164  0.04593164  0.08083868  0.08083868  0.11583992  0.11583992
  0.15019305  0.15019305  0.1846282   0.1846282   0.2187716   0.2187716
  0.25174405  0.25174405  0.28369015  0.28369015  0.31469536  0.31469536
  0.34478815  0.34478815  0.37389743  0.37389743  0.40167969  0.40167969
  0.42881845  0.42881845  0.45454613  0.45454613  0.47912346  0.47912346
  0.50262785  0.50262785  0.52524883  0.52524883  0.54736753  0.54736753
  0.56774558  0.56774558  0.58763744  0.58763744  0.60627106  0.60627106
  0.62389026  0.62389026  0.6411173   0.6411173   0.65694175  0.65694175
  0.6718488   0.6718488   0.68567598  0.68567598  0.69866899  0.69866899
  0.71030631  0.71030631  0.72063228  0.72063228  0.72986308  0.72986308
  0.73795099  0.73795099]
localization_length: 3.1259238406053425
3.143692076284393
W_list: [2.6]
L_list: [100.59814644110058]
