Norm difference: 1.0
Norm difference: 1.0
1 1
1 2
2 1
2 2
1 1
1 2
2 1
2 2
1 1
1 2
2 1
2 2
1 1
1 2
2 1
2 2
1 1
1 2
2 1
2 2
1 1
1 2
2 1
2 2
1 1
1 2
2 1
2 2
1 1
1 2
2 1
2 2
1 1
1 2
2 1
2 2
1 1
1 2
2 1
2 2
1 1
1 2
2 1
2 2
1 1
1 2
2 1
2 2
1 1
1 2
2 1
2 2
1 1
1 2
2 1
2 2
1 1
1 2
2 1
2 2
1 1
1 2
2 1
2 2
1 1
1 2
2 1
2 2
1 1
1 2
2 1
2 2
1 1
1 2
2 1
2 2
1 1
1 2
2 1
2 2
1 1 1 0.00018750150534997402
1 2 1 0.000123393404023944
2 1 1 0.00024006980620068768
2 2 1 0.00022918955946719805
1 1 2 0.00015359885140144768
1 2 2 0.0002012325800148591
2 1 2 0.00023746511463923185
2 2 2 0.00014413893778860034
1 1 3 0.00022227079976078518
1 2 3 0.0001708366360788844
2 1 3 0.00022041812257529177
2 2 3 0.00017760514910776084
1 1 4 0.00017341052685475167
1 2 4 0.00017475488794766475
2 1 4 0.0001606662642567248
2 2 4 0.00013932473493153644
1 1 5 0.0001839948602880721
1 2 5 0.00013779810524996858
2 1 5 0.00019000466067315818
2 2 5 0.00018200708933084994
1 1 6 0.0001971932022651929
1 2 6 0.00016928220716803916
2 1 6 0.00024057178023168124
2 2 6 0.00012973471397936703
1 1 7 0.00020679351739204456
1 2 7 0.00017358756031321304
2 1 7 0.00022501000689554798
2 2 7 0.000163341049431731
1 1 8 0.00019520263318023525
1 2 8 0.0001241683196567161
2 1 8 0.00013675537506601553
2 2 8 0.00017099640232270946
1 1 9 0.00015226847206334238
1 2 9 0.00014119120767918267
2 1 9 0.0001640799888312434
2 2 9 0.00014653924843748304
1 1 10 0.00013936964241147834
1 2 10 0.00014135929210334067
2 1 10 0.00014266094153361823
2 2 10 0.00014992183311350474
1 1 11 0.00010817329484856971
1 2 11 0.00010362815817123948
2 1 11 0.0001327245533733039
2 2 11 0.00013271731888750914
1 1 12 0.00013249014129585276
1 2 12 0.00016814275767190254
2 1 12 0.00010748918346940033
2 2 12 9.913203606343578e-5
1 1 13 7.518614012427444e-5
1 2 13 9.580948956168823e-5
2 1 13 0.0001279860612170307
2 2 13 0.00016730204481406896
1 1 14 0.00012643248322402996
1 2 14 0.00016000892128119516
2 1 14 0.00010006667763239323
2 2 14 0.00017621601777123214
1 1 15 0.0001370999810487986
1 2 15 0.00012719172757121673
2 1 15 0.00014727121079354254
2 2 15 0.00023719290090332005
1 1 16 6.819837156987358e-5
1 2 16 0.0001922512157241994
2 1 16 0.00022863146923038962
2 2 16 0.00012183358416273161
1 1 17 0.0002293060436971398
1 2 17 0.00019500530744801203
2 1 17 0.0001426249517864796
2 2 17 0.00015645206989276777
1 1 18 0.00012678310791645967
1 2 18 0.00011065420879606221
2 1 18 0.00019588665703906103
2 2 18 0.00018070188883028112
1 1 19 0.00021261260833383777
1 2 19 0.00022670272813850426
2 1 19 0.00013360081641732914
2 2 19 0.0001650933155582644
1 1 20 0.00021084557213716477
1 2 20 0.0001571253094035984
2 1 20 0.0002887177187542144
2 2 20 0.0002563907515620787
