[-2.41421356 -1.         -1.         -0.41421356  0.41421356  1.
  1.          2.41421356]
W: 3.0
num_iter: 0
[-0.71812699 -0.65918306 -0.59081031 -0.51550093 -0.43332919 -0.34204823
 -0.24176853 -0.12883986  0.1288287   0.24178231  0.34203929  0.4333261
  0.51550263  0.59080849  0.65918821  0.71813138]
localization_length: 0.9702807200658382
0.9632210091709543
W_list: [3.0]
L_list: [0.9632210091709543]
[-2.41421356 -1.         -1.         -0.41421356  0.41421356  1.
  1.          2.41421356]
W: 3.0
num_iter: 0
[-0.71816234 -0.6588685  -0.59161785 -0.51545299 -0.43344763 -0.34206237
 -0.24175506 -0.12971891  0.12971835  0.24174552  0.34206836  0.43346483
  0.51544609  0.59160959  0.65887003  0.71816289]
localization_length: 0.9636262237148147
0.9598542237046819
W_list: [3.0]
L_list: [0.9598542237046819]
