W: 2.0
num_iter: 0
[-0.70131986 -0.70131986 -0.68180916 -0.68180916 -0.65641645 -0.65641645
 -0.62488897 -0.62488897 -0.58961824 -0.58961824 -0.5502973  -0.5502973
 -0.5079113  -0.5079113  -0.46245537 -0.46245537 -0.41484733 -0.41484733
 -0.36450307 -0.36450307 -0.31165783 -0.31165783 -0.25656901 -0.25656901
 -0.1992229  -0.1992229  -0.13969769 -0.13969769 -0.07833991 -0.07833991
 -0.01623192 -0.01623192  0.01623041  0.01623041  0.07833946  0.07833946
  0.13969772  0.13969772  0.19922443  0.19922443  0.25656555  0.25656555
  0.31165732  0.31165732  0.36450229  0.36450229  0.41484924  0.41484924
  0.46245134  0.46245134  0.5079162   0.5079162   0.55029821  0.55029821
  0.58961567  0.58961567  0.62488648  0.62488648  0.65642033  0.65642033
  0.68180976  0.68180976  0.70132189  0.70132189]
localization_length: 3.8507951491006454
3.934880151197212
W_list: [2.0]
L_list: [62.95808241915539]
