Norm difference: 1.0
Norm difference: 1.0
1 1
1 2
2 1
2 2
1 1
1 2
2 1
2 2
1 1
1 2
2 1
2 2
1 1
1 2
2 1
2 2
1 1
1 2
2 1
2 2
1 1
1 2
2 1
2 2
1 1
1 2
2 1
2 2
1 1
1 2
2 1
2 2
1 1
1 2
2 1
2 2
1 1
1 2
2 1
2 2
1 1
1 2
2 1
2 2
1 1
1 2
2 1
2 2
1 1
1 2
2 1
2 2
1 1
1 2
2 1
2 2
1 1
1 2
2 1
2 2
1 1
1 2
2 1
2 2
1 1
1 2
2 1
2 2
1 1
1 2
2 1
2 2
1 1
1 2
2 1
2 2
1 1
1 2
2 1
2 2
1 1 1 0.02063450409850804
1 2 1 0.019269670861344918
2 1 1 0.017644134902484856
2 2 1 0.014864905669272385
1 1 2 0.018054213907209373
1 2 2 0.012163423135139621
2 1 2 0.013540340066185402
2 2 2 0.015575671194689505
1 1 3 0.012670024381707456
1 2 3 0.013457269715159093
2 1 3 0.013506264733653784
2 2 3 0.00904714914929574
1 1 4 0.011318580664552037
1 2 4 0.012454753575263416
2 1 4 0.008274086467858302
2 2 4 0.010529677286997514
1 1 5 0.00978822820281239
1 2 5 0.01284595485840189
2 1 5 0.008208440362927992
2 2 5 0.010832367005839918
1 1 6 0.009519027365735603
1 2 6 0.010629444586298577
2 1 6 0.008992303595689853
2 2 6 0.009354051174922582
1 1 7 0.012123676101825376
1 2 7 0.008202099419099839
2 1 7 0.00793491963341503
2 2 7 0.006310994445811241
1 1 8 0.009723012696797163
1 2 8 0.006696623317400232
2 1 8 0.007572879544609662
2 2 8 0.004444415831786622
1 1 9 0.0078006119924864436
1 2 9 0.005806327729292813
2 1 9 0.006894350926498464
2 2 9 0.004352237053954405
1 1 10 0.006318444824053986
1 2 10 0.005643952973653147
2 1 10 0.003794996434953249
2 2 10 0.005536020623989296
1 1 11 0.003747004379576535
1 2 11 0.006869299030719947
2 1 11 0.0032253899073060597
2 2 11 0.004596803031859214
1 1 12 0.0033990769562605846
1 2 12 0.004934247568587941
2 1 12 0.002957969836274106
2 2 12 0.0032726146773092895
1 1 13 0.0032310627238153417
1 2 13 0.0037073245693707646
2 1 13 0.0020630959884606324
2 2 13 0.0023290027610308192
1 1 14 0.002604671063788875
1 2 14 0.0025770443507266167
2 1 14 0.0017489317692076858
2 2 14 0.0019840076449873538
1 1 15 0.0016667275030520495
1 2 15 0.0021327905235760296
2 1 15 0.0014230021642125117
2 2 15 0.0015691607598631886
1 1 16 0.0011580163289179922
1 2 16 0.0016820205855910188
2 1 16 0.0011567721867754496
2 2 16 0.0012820441030732444
1 1 17 0.0008607063054383293
1 2 17 0.0013571664061894822
2 1 17 0.000688998754069663
2 2 17 0.0009124886401419074
1 1 18 0.0007089236662875528
1 2 18 0.0007620889069468442
2 1 18 0.0004985272333009279
2 2 18 0.0004577019289390017
1 1 19 0.0005432567144337802
1 2 19 0.0005340487063231125
2 1 19 0.0004027471017131458
2 2 19 0.0003039431525794177
1 1 20 0.0004041305840530864
1 2 20 0.0004658793465619512
2 1 20 0.0002794183506192217
2 2 20 0.0003796136783655639
