W: 3.2
num_iter: 0
[-0.84050209 -0.84050209 -0.8204535  -0.8204535  -0.79639889 -0.79639889
 -0.76712874 -0.76712874 -0.7340002  -0.7340002  -0.69645049 -0.69645049
 -0.6545491  -0.6545491  -0.60794965 -0.60794965 -0.55669663 -0.55669663
 -0.49962773 -0.49962773 -0.43757361 -0.43757361 -0.36922168 -0.36922168
 -0.29566868 -0.29566868 -0.21613803 -0.21613803 -0.13211538 -0.13211538
 -0.03795019 -0.03795019  0.03795035  0.03795035  0.13211828  0.13211828
  0.21613375  0.21613375  0.29566988  0.29566988  0.36922448  0.36922448
  0.43756845  0.43756845  0.49962918  0.49962918  0.55669676  0.55669676
  0.60794888  0.60794888  0.65454455  0.65454455  0.69645199  0.69645199
  0.73399412  0.73399412  0.7671388   0.7671388   0.79639537  0.79639537
  0.82045901  0.82045901  0.84050074  0.84050074]
localization_length: 1.6468954533450242
1.6389740447799057
W_list: [3.2]
L_list: [26.22358471647849]
