[-2.41421356 -1.         -1.         -0.41421356  0.41421356  1.
  1.          2.41421356]
W: 4.0
num_iter: 0
[-0.91070697 -0.85215304 -0.78399985 -0.70320276 -0.60994881 -0.50096812
 -0.37423133 -0.21839633  0.21839398  0.37423389  0.50095387  0.60994867
  0.70321619  0.78399664  0.85215055  0.91071341]
localization_length: 0.5723600957516154
0.5729575218810053
W_list: [4.0]
L_list: [0.5729575218810053]
[-2.41421356 -1.         -1.         -0.41421356  0.41421356  1.
  1.          2.41421356]
W: 4.0
num_iter: 0
[-0.90989587 -0.85412579 -0.78538932 -0.70461803 -0.61077292 -0.50220204
 -0.37357969 -0.21765204  0.21764882  0.37358498  0.50220167  0.61076015
  0.70461845  0.78539625  0.8541317   0.90989367]
localization_length: 0.5743196745310568
0.5732282293154312
W_list: [4.0]
L_list: [0.5732282293154312]
