W: 2.0
num_iter: 0
[-0.63439324 -0.63439324 -0.62726773 -0.62726773 -0.61861876 -0.61861876
 -0.60923653 -0.60923653 -0.59808461 -0.59808461 -0.58598735 -0.58598735
 -0.57328715 -0.57328715 -0.55953144 -0.55953144 -0.54538969 -0.54538969
 -0.53006742 -0.53006742 -0.51411437 -0.51411437 -0.49732007 -0.49732007
 -0.48001825 -0.48001825 -0.46178987 -0.46178987 -0.44274502 -0.44274502
 -0.42319462 -0.42319462 -0.40260515 -0.40260515 -0.38123666 -0.38123666
 -0.35900422 -0.35900422 -0.33590041 -0.33590041 -0.31201913 -0.31201913
 -0.28722444 -0.28722444 -0.26132897 -0.26132897 -0.23474794 -0.23474794
 -0.20737008 -0.20737008 -0.17916271 -0.17916271 -0.15066964 -0.15066964
 -0.12169292 -0.12169292 -0.09251591 -0.09251591 -0.06368082 -0.06368082
 -0.03541411 -0.03541411 -0.00713508 -0.00713508  0.00714009  0.00714009
  0.03540603  0.03540603  0.06368267  0.06368267  0.09251948  0.09251948
  0.12169035  0.12169035  0.15066935  0.15066935  0.17916357  0.17916357
  0.20737298  0.20737298  0.23474733  0.23474733  0.26133293  0.26133293
  0.28721934  0.28721934  0.31201441  0.31201441  0.33589405  0.33589405
  0.35900645  0.35900645  0.38123815  0.38123815  0.40260368  0.40260368
  0.42318951  0.42318951  0.44274549  0.44274549  0.46178832  0.46178832
  0.48001677  0.48001677  0.49731752  0.49731752  0.51411253  0.51411253
  0.53007189  0.53007189  0.54539169  0.54539169  0.55953312  0.55953312
  0.57328988  0.57328988  0.58599068  0.58599068  0.59809053  0.59809053
  0.60924411  0.60924411  0.6186152   0.6186152   0.62726382  0.62726382
  0.63439237  0.63439237]
localization_length: 4.379767938825587
4.580866957383363
W_list: [2.0]
L_list: [146.58774263626762]
