Norm difference: 1.0
Norm difference: 1.0
1 1
1 2
2 1
2 2
1 1
1 2
2 1
2 2
1 1
1 2
2 1
2 2
1 1
1 2
2 1
2 2
1 1
1 2
2 1
2 2
1 1
1 2
2 1
2 2
1 1
1 2
2 1
2 2
1 1
1 2
2 1
2 2
1 1
1 2
2 1
2 2
1 1
1 2
2 1
2 2
1 1
1 2
2 1
2 2
1 1
1 2
2 1
2 2
1 1
1 2
2 1
2 2
1 1
1 2
2 1
2 2
1 1
1 2
2 1
2 2
1 1
1 2
2 1
2 2
1 1
1 2
2 1
2 2
1 1
1 2
2 1
2 2
1 1
1 2
2 1
2 2
1 1
1 2
2 1
2 2
1 1 1 3.1211020685084637e-5
1 2 1 3.6035972768457253e-5
2 1 1 5.835813854031977e-5
2 2 1 3.979650380472599e-5
1 1 2 3.1992377509523514e-5
1 2 2 2.9088743343415843e-5
2 1 2 4.253381945617414e-5
2 2 2 3.0030096599245603e-5
1 1 3 3.419487344475279e-5
1 2 3 3.781395342741522e-5
2 1 3 5.040765618084609e-5
2 2 3 3.1711260490146314e-5
1 1 4 4.2730352565589576e-5
1 2 4 4.232299596285064e-5
2 1 4 5.4593231801651466e-5
2 2 4 3.0121134783577018e-5
1 1 5 6.064777855301971e-5
1 2 5 3.201196854222097e-5
2 1 5 3.711165104742889e-5
2 2 5 7.18818179172042e-5
1 1 6 4.428082328579882e-5
1 2 6 4.05103594512665e-5
2 1 6 3.984941692574522e-5
2 2 6 6.335801991580802e-5
1 1 7 4.31779190486072e-5
1 2 7 5.6499138669593754e-5
2 1 7 7.262011365234054e-5
2 2 7 6.87179289180371e-5
1 1 8 6.229552387529472e-5
1 2 8 5.997166750370846e-5
2 1 8 8.505395372938589e-5
2 2 8 5.9970781297495853e-5
1 1 9 7.416938494176434e-5
1 2 9 7.401459873569947e-5
2 1 9 8.718925567678939e-5
2 2 9 0.00010108512133213036
1 1 10 5.480480660554392e-5
1 2 10 7.080819457097561e-5
2 1 10 7.835971195479598e-5
2 2 10 9.22709004219857e-5
1 1 11 7.131456242336327e-5
1 2 11 6.961404680871697e-5
2 1 11 7.351555266365166e-5
2 2 11 7.735945314357201e-5
1 1 12 8.399167023397225e-5
1 2 12 5.9736241197147696e-5
2 1 12 9.27831492291579e-5
2 2 12 5.803267247929877e-5
1 1 13 7.569573395212373e-5
1 2 13 8.349777286708919e-5
2 1 13 7.768821239093461e-5
2 2 13 8.409343573629261e-5
1 1 14 6.830046288443192e-5
1 2 14 8.043398974169854e-5
2 1 14 0.00010077458377252635
2 2 14 9.96712511577246e-5
1 1 15 7.094790346084881e-5
1 2 15 6.661853083790516e-5
2 1 15 5.625185383691955e-5
2 2 15 5.5737861205625475e-5
1 1 16 7.166797975852086e-5
1 2 16 4.732759061188773e-5
2 1 16 0.00010292526953870778
2 2 16 7.38390742823119e-5
1 1 17 6.83067738374931e-5
1 2 17 7.067119404382073e-5
2 1 17 7.04359045481047e-5
2 2 17 3.668378881292946e-5
1 1 18 6.840650625994321e-5
1 2 18 6.885525235731112e-5
2 1 18 5.614125748559963e-5
2 2 18 0.0001103659156730765
1 1 19 4.099547994939859e-5
1 2 19 6.800704721490045e-5
2 1 19 7.34698450898168e-5
2 2 19 0.00017061104759908273
1 1 20 8.884960764191556e-5
1 2 20 0.00011599209049912817
2 1 20 0.0002100224583403342
2 2 20 0.00010339009762584969
