W: 3.8
num_iter: 0
[-0.94744344 -0.94744344 -0.93807014 -0.93807014 -0.92733345 -0.92733345
 -0.91598059 -0.91598059 -0.90343255 -0.90343255 -0.88982784 -0.88982784
 -0.87496701 -0.87496701 -0.85920968 -0.85920968 -0.842247   -0.842247
 -0.82436547 -0.82436547 -0.80532246 -0.80532246 -0.78471199 -0.78471199
 -0.76297656 -0.76297656 -0.74028459 -0.74028459 -0.71619803 -0.71619803
 -0.69078371 -0.69078371 -0.66404138 -0.66404138 -0.63561159 -0.63561159
 -0.60570474 -0.60570474 -0.57400189 -0.57400189 -0.54114549 -0.54114549
 -0.50600871 -0.50600871 -0.46890806 -0.46890806 -0.43000539 -0.43000539
 -0.38968482 -0.38968482 -0.34667679 -0.34667679 -0.30182713 -0.30182713
 -0.25517976 -0.25517976 -0.20610488 -0.20610488 -0.1552283  -0.1552283
 -0.10230084 -0.10230084 -0.04035347 -0.04035347  0.04035274  0.04035274
  0.10230301  0.10230301  0.15522685  0.15522685  0.20611094  0.20611094
  0.25518517  0.25518517  0.30183089  0.30183089  0.34667366  0.34667366
  0.3896854   0.3896854   0.43000841  0.43000841  0.46891088  0.46891088
  0.50600783  0.50600783  0.54114669  0.54114669  0.57399324  0.57399324
  0.60571243  0.60571243  0.63561432  0.63561432  0.66403862  0.66403862
  0.69078274  0.69078274  0.71619516  0.71619516  0.74028565  0.74028565
  0.76297499  0.76297499  0.78470934  0.78470934  0.8053229   0.8053229
  0.82435687  0.82435687  0.84224646  0.84224646  0.85920574  0.85920574
  0.87497375  0.87497375  0.88983154  0.88983154  0.90343593  0.90343593
  0.91597432  0.91597432  0.92733095  0.92733095  0.93806494  0.93806494
  0.94744538  0.94744538]
localization_length: 0.7744206789627597
0.7781092297604648
W_list: [3.8]
L_list: [24.899495352334874]
