W: 2.0
num_iter: 0
[-1.16792177 -1.16792177 -1.15849608 -1.15849608 -1.14802093 -1.14802093
 -1.13619302 -1.13619302 -1.12267299 -1.12267299 -1.10759491 -1.10759491
 -1.09081316 -1.09081316 -1.07165675 -1.07165675 -1.05028702 -1.05028702
 -1.02658935 -1.02658935 -1.00002206 -1.00002206 -0.97059343 -0.97059343
 -0.93852086 -0.93852086 -0.90283647 -0.90283647 -0.86381584 -0.86381584
 -0.82075346 -0.82075346 -0.77483362 -0.77483362 -0.72583259 -0.72583259
 -0.6748109  -0.6748109  -0.62154696 -0.62154696 -0.56805134 -0.56805134
 -0.51396085 -0.51396085 -0.46196952 -0.46196952 -0.41005058 -0.41005058
 -0.36020598 -0.36020598 -0.31143793 -0.31143793 -0.26316688 -0.26316688
 -0.21564044 -0.21564044 -0.16939051 -0.16939051 -0.12260727 -0.12260727
 -0.07554314 -0.07554314 -0.02334114 -0.02334114  0.0233414   0.0233414
  0.07554318  0.07554318  0.12260033  0.12260033  0.16939276  0.16939276
  0.21564201  0.21564201  0.26316328  0.26316328  0.31143714  0.31143714
  0.36020972  0.36020972  0.41004896  0.41004896  0.46197011  0.46197011
  0.51396404  0.51396404  0.56805483  0.56805483  0.62154242  0.62154242
  0.67480996  0.67480996  0.72582376  0.72582376  0.77483504  0.77483504
  0.82074864  0.82074864  0.86381814  0.86381814  0.90284046  0.90284046
  0.93852546  0.93852546  0.97059266  0.97059266  1.00002457  1.00002457
  1.02658866  1.02658866  1.05028929  1.05028929  1.07165455  1.07165455
  1.09081464  1.09081464  1.10759887  1.10759887  1.12268297  1.12268297
  1.13619049  1.13619049  1.14802292  1.14802292  1.15848975  1.15848975
  1.16791677  1.16791677]
localization_length: 1.338837519158055
1.3471154473615607
W_list: [2.0]
L_list: [43.107694315569944]
