W: 3.6
num_iter: 0
[-1.06757243 -1.06757243 -1.00331825 -1.00331825 -0.91655173 -0.91655173
 -0.81033416 -0.81033416 -0.68375953 -0.68375953 -0.53309786 -0.53309786
 -0.35338684 -0.35338684 -0.12887727 -0.12887727  0.12887962  0.12887962
  0.35338408  0.35338408  0.53310267  0.53310267  0.68375879  0.68375879
  0.8103325   0.8103325   0.91655411  0.91655411  1.0033196   1.0033196
  1.06756672  1.06756672]
localization_length: 0.9699150148540785
0.9754353700069494
W_list: [3.6]
L_list: [7.803482960055595]
