W: 2.2
num_iter: 0
[-1.17725607 -1.17725607 -1.16738576 -1.16738576 -1.15613809 -1.15613809
 -1.14354158 -1.14354158 -1.12940452 -1.12940452 -1.11376439 -1.11376439
 -1.09573622 -1.09573622 -1.07653224 -1.07653224 -1.05482019 -1.05482019
 -1.03036605 -1.03036605 -1.00365982 -1.00365982 -0.97375753 -0.97375753
 -0.9410544  -0.9410544  -0.90578472 -0.90578472 -0.86691983 -0.86691983
 -0.82519881 -0.82519881 -0.78031894 -0.78031894 -0.7332074  -0.7332074
 -0.6837933  -0.6837933  -0.63352577 -0.63352577 -0.58169319 -0.58169319
 -0.53011644 -0.53011644 -0.47833453 -0.47833453 -0.42789103 -0.42789103
 -0.37775197 -0.37775197 -0.32831612 -0.32831612 -0.28029153 -0.28029153
 -0.23154974 -0.23154974 -0.18279424 -0.18279424 -0.13438835 -0.13438835
 -0.08460701 -0.08460701 -0.02865012 -0.02865012  0.02865214  0.02865214
  0.08461412  0.08461412  0.13438698  0.13438698  0.18279216  0.18279216
  0.23155582  0.23155582  0.28028833  0.28028833  0.32830927  0.32830927
  0.37774871  0.37774871  0.42789339  0.42789339  0.4783408   0.4783408
  0.5301177   0.5301177   0.58169229  0.58169229  0.6335262   0.6335262
  0.6837914   0.6837914   0.73321439  0.73321439  0.78032318  0.78032318
  0.82519119  0.82519119  0.86691085  0.86691085  0.90578364  0.90578364
  0.94104962  0.94104962  0.97375444  0.97375444  1.00366223  1.00366223
  1.03037106  1.03037106  1.05481894  1.05481894  1.07653448  1.07653448
  1.09572933  1.09572933  1.11376207  1.11376207  1.12941019  1.12941019
  1.14354833  1.14354833  1.15614234  1.15614234  1.16737267  1.16737267
  1.17726163  1.17726163]
localization_length: 1.090745888769965
1.0905832714588726
W_list: [2.2]
L_list: [34.89866468668392]
