W: 2.4
num_iter: 0
[-0.69980861 -0.69980861 -0.68163209 -0.68163209 -0.65853222 -0.65853222
 -0.63169622 -0.63169622 -0.60037295 -0.60037295 -0.56617461 -0.56617461
 -0.52714055 -0.52714055 -0.48591375 -0.48591375 -0.44025957 -0.44025957
 -0.39093302 -0.39093302 -0.33759543 -0.33759543 -0.28002867 -0.28002867
 -0.21928696 -0.21928696 -0.15514038 -0.15514038 -0.08871535 -0.08871535
 -0.01908626 -0.01908626  0.01908686  0.01908686  0.08871626  0.08871626
  0.15513797  0.15513797  0.21928658  0.21928658  0.28002609  0.28002609
  0.33759894  0.33759894  0.39093514  0.39093514  0.44025653  0.44025653
  0.48591102  0.48591102  0.52713849  0.52713849  0.56617304  0.56617304
  0.60037352  0.60037352  0.63169779  0.63169779  0.65853755  0.65853755
  0.6816318   0.6816318   0.69980908  0.69980908]
localization_length: 3.2746069336649053
3.298948490667973
W_list: [2.4]
L_list: [52.78317585068757]
