Norm difference: 1.0
Norm difference: 1.0
1 1
1 2
2 1
2 2
1 1
1 2
2 1
2 2
1 1
1 2
2 1
2 2
1 1
1 2
2 1
2 2
1 1
1 2
2 1
2 2
1 1
1 2
2 1
2 2
1 1
1 2
2 1
2 2
1 1
1 2
2 1
2 2
1 1
1 2
2 1
2 2
1 1
1 2
2 1
2 2
1 1
1 2
2 1
2 2
1 1
1 2
2 1
2 2
1 1
1 2
2 1
2 2
1 1
1 2
2 1
2 2
1 1
1 2
2 1
2 2
1 1
1 2
2 1
2 2
1 1
1 2
2 1
2 2
1 1
1 2
2 1
2 2
1 1
1 2
2 1
2 2
1 1
1 2
2 1
2 2
1 1 1 0.00010698946078390864
1 2 1 0.00012117498477501914
2 1 1 0.00014862121957728665
2 2 1 0.0001433630349663366
1 1 2 0.00013379077466047694
1 2 2 0.00013017764408850753
2 1 2 0.0001425345450541377
2 2 2 0.00015557437933464373
1 1 3 0.00012479946525223207
1 2 3 0.00013045196973072334
2 1 3 0.00013257847249755378
2 2 3 0.00012069260718640747
1 1 4 0.00014862836909187446
1 2 4 0.00016776167895199878
2 1 4 0.00017506077898240413
2 2 4 0.0001573075070459395
1 1 5 0.00016400302709037546
1 2 5 0.00013998794428845006
2 1 5 0.00011911660724484694
2 2 5 0.000130108051121172
1 1 6 0.00016851967392099491
1 2 6 0.0001598950838153503
2 1 6 0.00015517982158194928
2 2 6 0.00016547225720630498
1 1 7 0.0001688643311278942
1 2 7 0.00014575778911946112
2 1 7 0.0001903945046904352
2 2 7 0.00014543791937106108
1 1 8 0.00020030698212059845
1 2 8 0.00019821612818806403
2 1 8 0.00019821840856054326
2 2 8 0.00020512892061057812
1 1 9 0.00023051057499300312
1 2 9 0.00017411171716976117
2 1 9 0.00019763947430614793
2 2 9 0.00021441485174839413
1 1 10 0.0002071273896622486
1 2 10 0.00017957341294749064
2 1 10 0.0002437650515791473
2 2 10 0.00019101692237244146
1 1 11 0.00020483957981372775
1 2 11 0.00017108066546806943
2 1 11 0.00023888564802887745
2 2 11 0.00013939981504984485
1 1 12 0.00020583705620290203
1 2 12 0.00022235752890233684
2 1 12 0.00023863360086366116
2 2 12 0.00020696262838038534
1 1 13 0.00027176447696101373
1 2 13 0.0001843288849904334
2 1 13 0.00024952712220294664
2 2 13 0.00019869281251752975
1 1 14 0.00031922244280298414
1 2 14 0.00019827600596929325
2 1 14 0.0002360358777176515
2 2 14 0.00021067800933585742
1 1 15 0.00025728524581243497
1 2 15 0.0002656829634355636
2 1 15 0.00028181140758231076
2 2 15 0.00013837158688416933
1 1 16 0.0002543808110953767
1 2 16 0.00029004397575549347
2 1 16 0.000266073217084221
2 2 16 0.0002448254479123394
1 1 17 0.00037979619466852523
1 2 17 0.00016457844539321606
2 1 17 0.00031954750245937467
2 2 17 0.0002681236722321477
1 1 18 0.00040595614096147645
1 2 18 0.0002510638033190522
2 1 18 0.0004307621223917089
2 2 18 0.00029062909954098406
1 1 19 0.0004328083396091196
1 2 19 0.0003338347176395893
2 1 19 0.00046529188217289
2 2 19 0.00030106297085208216
1 1 20 0.00036358350259857154
1 2 20 0.0004467682592493613
2 1 20 0.0004629308947836591
2 2 20 0.0004243169967913907
