W: 2.0
num_iter: 0
[-1.16297417 -1.16297417 -1.14175147 -1.14175147 -1.11499233 -1.11499233
 -1.08115324 -1.08115324 -1.03917044 -1.03917044 -0.98618551 -0.98618551
 -0.9212281  -0.9212281  -0.84305205 -0.84305205 -0.75115823 -0.75115823
 -0.64877106 -0.64877106 -0.5413219  -0.5413219  -0.43599574 -0.43599574
 -0.33523302 -0.33523302 -0.23855139 -0.23855139 -0.14470357 -0.14470357
 -0.04325399 -0.04325399  0.04325187  0.04325187  0.14470283  0.14470283
  0.23854863  0.23854863  0.33524207  0.33524207  0.43599765  0.43599765
  0.54132277  0.54132277  0.64876721  0.64876721  0.75115934  0.75115934
  0.84305026  0.84305026  0.92122169  0.92122169  0.98617992  0.98617992
  1.03917012  1.03917012  1.08115574  1.08115574  1.11500066  1.11500066
  1.14175354  1.14175354  1.16297188  1.16297188]
localization_length: 1.445024267556454
1.4469512441912342
W_list: [2.0]
L_list: [23.151219907059748]
