[-2.41421356 -1.         -1.         -0.41421356  0.41421356  1.
  1.          2.41421356]
W: 3.4
num_iter: 0
[-0.82202605 -0.80849211 -0.79493281 -0.78066293 -0.76583962 -0.75114682
 -0.73461918 -0.71871403 -0.70161493 -0.68379746 -0.66597229 -0.64677984
 -0.62713819 -0.60729333 -0.58601843 -0.5653634  -0.54309314 -0.52090333
 -0.49710156 -0.47243136 -0.44809666 -0.42205342 -0.39544378 -0.36773633
 -0.33884701 -0.30960683 -0.27857977 -0.24565888 -0.21064715 -0.17333336
 -0.13082732 -0.08023192  0.08023052  0.13083749  0.17332965  0.21065283
  0.24564668  0.27857704  0.30960097  0.33885924  0.36773609  0.3954403
  0.42204648  0.44809084  0.47243907  0.49709892  0.52090331  0.54309344
  0.56535422  0.58601942  0.60727981  0.62714761  0.6467882   0.66597157
  0.6837934   0.70162206  0.71871192  0.73462072  0.75116592  0.76584064
  0.78066314  0.79492552  0.80848026  0.82203599]
localization_length: 0.38950265933151373
0.39114484548229084
W_list: [3.4]
L_list: [0.39114484548229084]
[-2.41421356 -1.         -1.         -0.41421356  0.41421356  1.
  1.          2.41421356]
W: 3.4
num_iter: 0
[-0.82196799 -0.80880233 -0.79526446 -0.7813254  -0.7664099  -0.75136198
 -0.73554058 -0.71932161 -0.70179982 -0.68408557 -0.66626996 -0.64693279
 -0.62696833 -0.60742548 -0.58661124 -0.56532881 -0.54269487 -0.51984276
 -0.49583794 -0.47221812 -0.4474153  -0.4217766  -0.39475172 -0.36735258
 -0.3386271  -0.30895495 -0.27825624 -0.24578344 -0.21042375 -0.17258669
 -0.13065767 -0.08039802  0.08039411  0.13065445  0.17258417  0.21043245
  0.2457774   0.27825405  0.3089612   0.33863051  0.3673574   0.3947373
  0.42178774  0.44741207  0.4722105   0.49583664  0.51982899  0.54269894
  0.56532813  0.58660996  0.60742536  0.62695562  0.64694631  0.66627407
  0.68408051  0.70179322  0.71933459  0.73553546  0.75137404  0.76640871
  0.78132993  0.79526591  0.80880319  0.82197108]
localization_length: 0.38871006143208037
0.38757643173846346
W_list: [3.4]
L_list: [0.38757643173846346]
