W: 2.6
num_iter: 0
[-0.73441478 -0.73441478 -0.71583821 -0.71583821 -0.69249418 -0.69249418
 -0.66455743 -0.66455743 -0.63295526 -0.63295526 -0.5975743  -0.5975743
 -0.55802533 -0.55802533 -0.5143141  -0.5143141  -0.46704096 -0.46704096
 -0.41565083 -0.41565083 -0.35997482 -0.35997482 -0.29990759 -0.29990759
 -0.23545913 -0.23545913 -0.16803876 -0.16803876 -0.09740875 -0.09740875
 -0.02219323 -0.02219323  0.02220005  0.02220005  0.09740003  0.09740003
  0.16803251  0.16803251  0.23546084  0.23546084  0.29990822  0.29990822
  0.35996822  0.35996822  0.41565145  0.41565145  0.46704193  0.46704193
  0.51431521  0.51431521  0.55802461  0.55802461  0.59757559  0.59757559
  0.63295381  0.63295381  0.66456053  0.66456053  0.69249806  0.69249806
  0.71584153  0.71584153  0.73441507  0.73441507]
localization_length: 2.8161743030569135
2.8539955883490777
W_list: [2.6]
L_list: [45.663929413585244]
