W: 3.2
num_iter: 0
[-1.02123478 -1.02123478 -0.95606951 -0.95606951 -0.86882057 -0.86882057
 -0.75956308 -0.75956308 -0.63169549 -0.63169549 -0.48248906 -0.48248906
 -0.31213752 -0.31213752 -0.10337476 -0.10337476  0.10337179  0.10337179
  0.31213833  0.31213833  0.48249019  0.48249019  0.63169908  0.63169908
  0.75956277  0.75956277  0.86881816  0.86881816  0.95606703  0.95606703
  1.02123742  1.02123742]
localization_length: 1.209227410670642
1.2128321709139598
W_list: [3.2]
L_list: [9.702657367311678]
