W: 3.8
num_iter: 0
[-0.94298205 -0.94298205 -0.92208644 -0.92208644 -0.89681509 -0.89681509
 -0.86736182 -0.86736182 -0.83338688 -0.83338688 -0.79528957 -0.79528957
 -0.75228814 -0.75228814 -0.70377056 -0.70377056 -0.65028027 -0.65028027
 -0.59068997 -0.59068997 -0.52368447 -0.52368447 -0.45015663 -0.45015663
 -0.36783216 -0.36783216 -0.27877837 -0.27877837 -0.1812112  -0.1812112
 -0.06748543 -0.06748543  0.06748299  0.06748299  0.18121697  0.18121697
  0.27877757  0.27877757  0.36782788  0.36782788  0.45015571  0.45015571
  0.52368426  0.52368426  0.59069042  0.59069042  0.65027834  0.65027834
  0.70376857  0.70376857  0.75229544  0.75229544  0.79528999  0.79528999
  0.83338254  0.83338254  0.86736269  0.86736269  0.89681411  0.89681411
  0.92208749  0.92208749  0.94298406  0.94298406]
localization_length: 0.9261593691245595
0.9385807366943072
W_list: [3.8]
L_list: [15.017291787108915]
