W: 3.6
num_iter: 0
[-0.95537567 -0.95537567 -0.93237255 -0.93237255 -0.90493269 -0.90493269
 -0.8722063  -0.8722063  -0.83570342 -0.83570342 -0.79442155 -0.79442155
 -0.74876119 -0.74876119 -0.69801932 -0.69801932 -0.6419755  -0.6419755
 -0.58041883 -0.58041883 -0.51261832 -0.51261832 -0.43717099 -0.43717099
 -0.35588878 -0.35588878 -0.26767317 -0.26767317 -0.17195893 -0.17195893
 -0.06034647 -0.06034647  0.06034362  0.06034362  0.17196003  0.17196003
  0.26767157  0.26767157  0.35588572  0.35588572  0.43717522  0.43717522
  0.51261873  0.51261873  0.5804223   0.5804223   0.64197548  0.64197548
  0.69801579  0.69801579  0.7487593   0.7487593   0.79441735  0.79441735
  0.83570696  0.83570696  0.87220271  0.87220271  0.90493633  0.90493633
  0.93237725  0.93237725  0.95537531  0.95537531]
localization_length: 1.0357349544449685
1.0302266276168799
W_list: [3.6]
L_list: [16.483626041870078]
