W: 1.4
num_iter: 0
[-1.14130887 -1.14130887 -1.13361098 -1.13361098 -1.12518116 -1.12518116
 -1.11530356 -1.11530356 -1.10389798 -1.10389798 -1.09059821 -1.09059821
 -1.07582287 -1.07582287 -1.05933354 -1.05933354 -1.03990363 -1.03990363
 -1.01820486 -1.01820486 -0.99409155 -0.99409155 -0.96650126 -0.96650126
 -0.93523462 -0.93523462 -0.90084135 -0.90084135 -0.86124311 -0.86124311
 -0.81799868 -0.81799868 -0.76997451 -0.76997451 -0.71731163 -0.71731163
 -0.65996187 -0.65996187 -0.60011248 -0.60011248 -0.53872881 -0.53872881
 -0.47752818 -0.47752818 -0.41924615 -0.41924615 -0.36410715 -0.36410715
 -0.31303792 -0.31303792 -0.26508081 -0.26508081 -0.21914388 -0.21914388
 -0.17612574 -0.17612574 -0.13421308 -0.13421308 -0.09355773 -0.09355773
 -0.05387533 -0.05387533 -0.01253719 -0.01253719  0.01253862  0.01253862
  0.05387465  0.05387465  0.09355705  0.09355705  0.13420986  0.13420986
  0.17612101  0.17612101  0.21914482  0.21914482  0.26507739  0.26507739
  0.3130383   0.3130383   0.36411346  0.36411346  0.41923962  0.41923962
  0.47753554  0.47753554  0.53872905  0.53872905  0.600112    0.600112
  0.65995954  0.65995954  0.71731494  0.71731494  0.76997277  0.76997277
  0.81800331  0.81800331  0.86123661  0.86123661  0.90084658  0.90084658
  0.93522528  0.93522528  0.96650822  0.96650822  0.99408591  0.99408591
  1.0182076   1.0182076   1.03989843  1.03989843  1.05933482  1.05933482
  1.07582414  1.07582414  1.09059822  1.09059822  1.10390128  1.10390128
  1.11530536  1.11530536  1.12518604  1.12518604  1.13360976  1.13360976
  1.14130847  1.14130847]
localization_length: 2.492584647539141
2.5262147082190594
W_list: [1.4]
L_list: [80.8388706630099]
