W: 3.2
num_iter: 0
[-0.83280492 -0.83280492 -0.7836172  -0.7836172  -0.71734228 -0.71734228
 -0.63301418 -0.63301418 -0.52978299 -0.52978299 -0.40521023 -0.40521023
 -0.25635113 -0.25635113 -0.07331168 -0.07331168  0.07331105  0.07331105
  0.25634965  0.25634965  0.40520844  0.40520844  0.52978308  0.52978308
  0.63301703  0.63301703  0.71734213  0.71734213  0.7836175   0.7836175
  0.83280573  0.83280573]
localization_length: 1.7050636302633457
1.71445778317098
W_list: [3.2]
L_list: [13.71566226536784]
