W: 1.6
num_iter: 0
[-1.13832935 -1.13832935 -1.0902415  -1.0902415  -1.01037277 -1.01037277
 -0.88468051 -0.88468051 -0.69431383 -0.69431383 -0.46066764 -0.46066764
 -0.25425542 -0.25425542 -0.06494361 -0.06494361  0.06494048  0.06494048
  0.25425625  0.25425625  0.46066539  0.46066539  0.69431715  0.69431715
  0.8846817   0.8846817   1.01037046  1.01037046  1.09024452  1.09024452
  1.13832865  1.13832865]
localization_length: 1.9248393444727787
1.9277138791457082
W_list: [1.6]
L_list: [15.421711033165666]
