W: 2.8
num_iter: 0
[-1.20463812 -1.20463812 -1.17833691 -1.17833691 -1.14655243 -1.14655243
 -1.10777019 -1.10777019 -1.06151388 -1.06151388 -1.00677541 -1.00677541
 -0.94263927 -0.94263927 -0.86980721 -0.86980721 -0.78839606 -0.78839606
 -0.70090301 -0.70090301 -0.60723311 -0.60723311 -0.51116696 -0.51116696
 -0.41138138 -0.41138138 -0.30941778 -0.30941778 -0.20298696 -0.20298696
 -0.07997068 -0.07997068  0.07997265  0.07997265  0.20298882  0.20298882
  0.30941703  0.30941703  0.41138647  0.41138647  0.51116548  0.51116548
  0.60723705  0.60723705  0.70090818  0.70090818  0.78838794  0.78838794
  0.86980426  0.86980426  0.94263364  0.94263364  1.00677123  1.00677123
  1.0615158   1.0615158   1.10777246  1.10777246  1.14655205  1.14655205
  1.17833176  1.17833176  1.20464456  1.20464456]
localization_length: 0.781536468359929
0.7866279478478466
W_list: [2.8]
L_list: [12.586047165565546]
