Norm difference: 1.0
Norm difference: 1.0
1 1
1 2
1 3
2 1
2 2
2 3
3 1
3 2
3 3
1 1
1 2
1 3
2 1
2 2
2 3
3 1
3 2
3 3
1 1
1 2
1 3
2 1
2 2
2 3
3 1
3 2
3 3
1 1
1 2
1 3
2 1
2 2
2 3
3 1
3 2
3 3
1 1
1 2
1 3
2 1
2 2
2 3
3 1
3 2
3 3
1 1
1 2
1 3
2 1
2 2
2 3
3 1
3 2
3 3
1 1
1 2
1 3
2 1
2 2
2 3
3 1
3 2
3 3
1 1
1 2
1 3
2 1
2 2
2 3
3 1
3 2
3 3
1 1
1 2
1 3
2 1
2 2
2 3
3 1
3 2
3 3
1 1
1 2
1 3
2 1
2 2
2 3
3 1
3 2
3 3
1 1
1 2
1 3
2 1
2 2
2 3
3 1
3 2
3 3
1 1
1 2
1 3
2 1
2 2
2 3
3 1
3 2
3 3
1 1
1 2
1 3
2 1
2 2
2 3
3 1
3 2
3 3
1 1
1 2
1 3
2 1
2 2
2 3
3 1
3 2
3 3
1 1
1 2
1 3
2 1
2 2
2 3
3 1
3 2
3 3
1 1
1 2
1 3
2 1
2 2
2 3
3 1
3 2
3 3
1 1
1 2
1 3
2 1
2 2
2 3
3 1
3 2
3 3
1 1
1 2
1 3
2 1
2 2
2 3
3 1
3 2
3 3
1 1
1 2
1 3
2 1
2 2
2 3
3 1
3 2
3 3
1 1
1 2
1 3
2 1
2 2
2 3
3 1
3 2
3 3
1 1 1 0.009679848500210649
1 2 1 0.007536166623989734
1 3 1 0.008875302333361021
2 1 1 0.0057361093894256554
2 2 1 0.003631850171716464
2 3 1 0.004992402929943624
3 1 1 0.006482600500983699
3 2 1 0.005311285354181119
3 3 1 0.008852066350808544
1 1 2 0.011999787016392729
1 2 2 0.0045927509379644
1 3 2 0.009237789907505756
2 1 2 0.005977991293348119
2 2 2 0.0027032901852934955
2 3 2 0.0038118628399667264
3 1 2 0.008041383424412584
3 2 2 0.005289057521368314
3 3 2 0.005431705752544629
1 1 3 0.011978991661296897
1 2 3 0.0062646598457495265
1 3 3 0.009265638741428463
2 1 3 0.006804144575614948
2 2 3 0.003086892333024497
2 3 3 0.004982605967428063
3 1 3 0.0077271816420716065
3 2 3 0.005245028638790462
3 3 3 0.004838173718062043
1 1 4 0.010881780655541335
1 2 4 0.0057029816431687546
1 3 4 0.009908219149826245
2 1 4 0.006955098899309084
2 2 4 0.004336320307949849
2 3 4 0.00451611487283575
3 1 4 0.007066801209177011
3 2 4 0.005644751797869367
3 3 4 0.004666259830994081
1 1 5 0.011947363940751732
1 2 5 0.004670540227966284
1 3 5 0.008809685925201805
2 1 5 0.00653974827674147
2 2 5 0.002908373568533593
2 3 5 0.00543936460643017
3 1 5 0.008189331098510647
3 2 5 0.004694521224541712
3 3 5 0.0062394372946930135
1 1 6 0.010004946247948631
1 2 6 0.004675074286733964
1 3 6 0.00840097428804756
2 1 6 0.005454570162123468
2 2 6 0.004208712275858447
2 3 6 0.005188864727007348
3 1 6 0.008565444704829412
3 2 6 0.005138784624839732
3 3 6 0.006236939502406539
1 1 7 0.009343156173217742
1 2 7 0.005057096736414037
1 3 7 0.009232430922987025
2 1 7 0.00579084729342932
2 2 7 0.0032003884232012633
2 3 7 0.0061425675500183935
3 1 7 0.005919202512358978
3 2 7 0.005516572004024416
3 3 7 0.008033460870282793
1 1 8 0.010028553997644806
1 2 8 0.005485648868307706
1 3 8 0.009914865344718133
2 1 8 0.005613429636676059
2 2 8 0.0033247470619278243
2 3 8 0.006095291724461362
3 1 8 0.008688017370230961
3 2 8 0.005196659167997092
3 3 8 0.006863843726207894
1 1 9 0.007696608485788759
1 2 9 0.004013674091600315
1 3 9 0.007210136034872824
2 1 9 0.005765119838253226
2 2 9 0.0036535926191406643
2 3 9 0.004521912081425878
3 1 9 0.00616633888128339
3 2 9 0.003761024020893097
3 3 9 0.005283274090848631
1 1 10 0.007984959739766382
1 2 10 0.00687031360845178
1 3 10 0.0084382103705153
2 1 10 0.004809602820844001
2 2 10 0.003168915413358668
2 3 10 0.004097983922572054
3 1 10 0.006923530625229974
3 2 10 0.0043868834198878305
3 3 10 0.005589539660594363
1 1 11 0.008866034222794167
1 2 11 0.0037766754797432063
1 3 11 0.00733227820951884
2 1 11 0.0056835318925344235
2 2 11 0.002897952144009697
2 3 11 0.003948759886289838
3 1 11 0.008657435437630697
3 2 11 0.003640328530003383
3 3 11 0.005028035592759715
1 1 12 0.008709128882178572
1 2 12 0.004503547485667114
1 3 12 0.00855267414467491
2 1 12 0.005118861936636496
2 2 12 0.00233745306947133
2 3 12 0.004531929921744901
3 1 12 0.007216766250465816
3 2 12 0.003941943560497428
3 3 12 0.006684853041384181
1 1 13 0.008994603658584479
1 2 13 0.004138262068345963
1 3 13 0.007120329836270467
2 1 13 0.005752224722026552
2 2 13 0.002753880747714217
2 3 13 0.005081763200068022
3 1 13 0.007836042434803759
3 2 13 0.005540516782612243
3 3 13 0.0075835908995854585
1 1 14 0.009420324848667883
1 2 14 0.003832785670969211
1 3 14 0.008336478718998699
2 1 14 0.005497052621353343
2 2 14 0.0030672073563922687
2 3 14 0.0051187195790997325
3 1 14 0.006100371329294843
3 2 14 0.003650922335964515
3 3 14 0.007443235318978803
1 1 15 0.009664270644970448
1 2 15 0.005234360317085759
1 3 15 0.008648242841970162
2 1 15 0.0057772243624982685
2 2 15 0.0036717678694714504
2 3 15 0.006063849346027374
3 1 15 0.006657196453711695
3 2 15 0.004291761657675251
3 3 15 0.006886867233524574
1 1 16 0.008070152469153151
1 2 16 0.0033441815013819896
1 3 16 0.008193725461730174
2 1 16 0.004473394717334387
2 2 16 0.0024511446655396405
2 3 16 0.004212888297104278
3 1 16 0.00657847733975804
3 2 16 0.003526045286598046
3 3 16 0.0062303911961671555
1 1 17 0.00864414283601302
1 2 17 0.004546455992975177
1 3 17 0.00834361978053883
2 1 17 0.0060739713729744274
2 2 17 0.0029533318124162268
2 3 17 0.005099074408651275
3 1 17 0.007959145147718663
3 2 17 0.003398488825631439
3 3 17 0.006881813683012772
1 1 18 0.00891331142348146
1 2 18 0.003296694473821229
1 3 18 0.009793389733988331
2 1 18 0.00641564399115885
2 2 18 0.002490004247510585
2 3 18 0.006161439445309731
3 1 18 0.007491747938072402
3 2 18 0.0029356472703791834
3 3 18 0.006111238010571908
1 1 19 0.007895691608554292
1 2 19 0.0034368889498231554
1 3 19 0.009131699705334218
2 1 19 0.0057781151723603225
2 2 19 0.003025668286567792
2 3 19 0.005999837245877918
3 1 19 0.006834728276391149
3 2 19 0.0033177471477369228
3 3 19 0.006499843609421944
1 1 20 0.007216495325749887
1 2 20 0.0032075250897086105
1 3 20 0.007595643620638658
2 1 20 0.004229086665775446
2 2 20 0.0024182755661536336
2 3 20 0.004465292287118675
3 1 20 0.007147001922293941
3 2 20 0.0036791671752612032
3 3 20 0.008065579939206934
