W: 4.0
num_iter: 0
[-0.96705241 -0.96705241 -0.91679681 -0.91679681 -0.84887645 -0.84887645
 -0.76127943 -0.76127943 -0.65389503 -0.65389503 -0.51773088 -0.51773088
 -0.34930355 -0.34930355 -0.12916194 -0.12916194  0.12916627  0.12916627
  0.34930454  0.34930454  0.51772949  0.51772949  0.65389328  0.65389328
  0.76128273  0.76128273  0.84887576  0.84887576  0.91679759  0.91679759
  0.96704684  0.96704684]
localization_length: 0.9677773677631151
0.969029811119796
W_list: [4.0]
L_list: [7.752238488958368]
