W: 3.4000000000000004
num_iter: 0
[-1.06234944 -1.06234944 -1.04966567 -1.04966567 -1.03544497 -1.03544497
 -1.02031843 -1.02031843 -1.00417055 -1.00417055 -0.98639957 -0.98639957
 -0.96718854 -0.96718854 -0.94703157 -0.94703157 -0.9253857  -0.9253857
 -0.90211176 -0.90211176 -0.87825421 -0.87825421 -0.85264958 -0.85264958
 -0.82613954 -0.82613954 -0.7977143  -0.7977143  -0.76844527 -0.76844527
 -0.73775396 -0.73775396 -0.70611976 -0.70611976 -0.67302892 -0.67302892
 -0.63842402 -0.63842402 -0.60232938 -0.60232938 -0.56532805 -0.56532805
 -0.52630895 -0.52630895 -0.48581306 -0.48581306 -0.44410963 -0.44410963
 -0.4009215  -0.4009215  -0.35570013 -0.35570013 -0.30907407 -0.30907407
 -0.26124118 -0.26124118 -0.21161085 -0.21161085 -0.15962982 -0.15962982
 -0.10559595 -0.10559595 -0.04317221 -0.04317221  0.0431743   0.0431743
  0.10559903  0.10559903  0.1596288   0.1596288   0.21160476  0.21160476
  0.26123925  0.26123925  0.3090769   0.3090769   0.35570349  0.35570349
  0.40092495  0.40092495  0.44410877  0.44410877  0.48581012  0.48581012
  0.52630978  0.52630978  0.56532863  0.56532863  0.6023306   0.6023306
  0.6384264   0.6384264   0.67302607  0.67302607  0.70612208  0.70612208
  0.7377544   0.7377544   0.76844843  0.76844843  0.79771227  0.79771227
  0.82614337  0.82614337  0.85264299  0.85264299  0.87825257  0.87825257
  0.90210767  0.90210767  0.9253833   0.9253833   0.947035    0.947035
  0.96719288  0.96719288  0.98639795  0.98639795  1.00416766  1.00416766
  1.02031773  1.02031773  1.03544954  1.03544954  1.04965805  1.04965805
  1.06235281  1.06235281]
localization_length: 0.7238452041139203
0.7170030124878606
W_list: [3.4000000000000004]
L_list: [22.94409639961154]
