C_list:
0.000639121079458536 0.21695835398530167
C_list:
0.00058314003557649 0.22640110418689852
C_list:
0.000647103846227542 0.2459594526711515
C_list:
0.0006289599574159004 0.26114090380587157
C_list:
0.0006278451650438692 0.29397242866445134
C_list:
0.0006540380499561241 0.29427798164531477
ndim2: 60
W_list: [2.3, 2.4, 2.5, 2.5999999999999996, 2.6999999999999997, 2.8]
L_list: [4.609179511325696, 4.416939588662432, 4.06571078744838, 3.8293503063900927, 3.4016795539061557, 3.398147542024645]
C_list:
0.0005669938377333419 0.15404899168777153
C_list:
0.0005994111247698921 0.1756601941900071
C_list:
0.000539656673336898 0.17423883262023054
C_list:
0.0005594046509787257 0.19403381803919426
C_list:
0.000576025150942941 0.2077213803312366
C_list:
0.0006137816312352916 0.22972190334636663
ndim2: 60
W_list: [2.3, 2.4, 2.5, 2.5999999999999996, 2.6999999999999997, 2.8]
L_list: [6.491441385262767, 5.692809373296751, 5.739248736701487, 5.1537407762496485, 4.814140934387112, 4.353089476593075]
C_list:
0.000524193188576083 0.1314651190205421
C_list:
0.0004922895656648621 0.13992938143058647
C_list:
0.0005115669395098501 0.14931281771278115
C_list:
0.0004783409395958852 0.16472945142803064
C_list:
0.000509987963784033 0.17672253910193028
C_list:
0.0004960456438729027 0.1823750002632394
ndim2: 60
W_list: [2.3, 2.4, 2.5, 2.5999999999999996, 2.6999999999999997, 2.8]
L_list: [7.606580418063174, 7.146461949423117, 6.6973486624812395, 6.070559886717612, 5.658587778796108, 5.483207668576305]
