Norm difference: 1.0
Norm difference: 1.0
1 1
1 2
2 1
2 2
1 1
1 2
2 1
2 2
1 1
1 2
2 1
2 2
1 1
1 2
2 1
2 2
1 1
1 2
2 1
2 2
1 1
1 2
2 1
2 2
1 1
1 2
2 1
2 2
1 1
1 2
2 1
2 2
1 1
1 2
2 1
2 2
1 1
1 2
2 1
2 2
1 1
1 2
2 1
2 2
1 1
1 2
2 1
2 2
1 1
1 2
2 1
2 2
1 1
1 2
2 1
2 2
1 1
1 2
2 1
2 2
1 1
1 2
2 1
2 2
1 1
1 2
2 1
2 2
1 1
1 2
2 1
2 2
1 1
1 2
2 1
2 2
1 1
1 2
2 1
2 2
1 1 1 0.013201042888444887
1 2 1 0.01552268426174096
2 1 1 0.007394005396813182
2 2 1 0.010770888890493546
1 1 2 0.011220279884230433
1 2 2 0.012492418800806251
2 1 2 0.010461336238807054
2 2 2 0.0097142471953493
1 1 3 0.005520086013255653
1 2 3 0.006324615525678407
2 1 3 0.008392988638071709
2 2 3 0.00739334028556213
1 1 4 0.008371094882731963
1 2 4 0.008254537863942452
2 1 4 0.005877555895802525
2 2 4 0.004827103009171418
1 1 5 0.004390860550453179
1 2 5 0.004190481331399992
2 1 5 0.0021734775131523392
2 2 5 0.0020788921446107398
1 1 6 0.002616817059525356
1 2 6 0.0018743873841850088
2 1 6 0.001474097519193742
2 2 6 0.0007376351642782616
1 1 7 0.001057040681708111
1 2 7 0.0005810602372192214
2 1 7 0.0005610435446462436
2 2 7 0.0004267353446339401
1 1 8 0.00041061780351711987
1 2 8 0.00032796614265367203
2 1 8 0.0003448179788358329
2 2 8 0.00038271066138971093
1 1 9 0.00012592904513443942
1 2 9 0.00024968106438523366
2 1 9 0.00028110615212047175
2 2 9 0.0002147092927983471
1 1 10 0.00029760959846162667
1 2 10 0.00021928712194173696
2 1 10 0.00021468798464431668
2 2 10 0.00022745995141899454
1 1 11 0.00019027160187231584
1 2 11 0.00014172949591573393
2 1 11 0.00014114675817389956
2 2 11 0.0002630358248338975
1 1 12 0.00013369756598328092
1 2 12 0.00020899098947706855
2 1 12 0.00018982807205870133
2 2 12 0.00016159503461698192
1 1 13 0.00013772094105931487
1 2 13 0.00019353547176095354
2 1 13 0.00017516660588328547
2 2 13 0.00017524305619004456
1 1 14 0.00013965253328044697
1 2 14 0.00012040989525448589
2 1 14 0.0001384051700206111
2 2 14 0.00011849454166915537
1 1 15 0.0001401311199360877
1 2 15 0.00015261010571318413
2 1 15 0.0001870544552013416
2 2 15 0.00014634694715885652
1 1 16 0.00015298365840464567
1 2 16 0.0001002409161992999
2 1 16 0.0001232332008829963
2 2 16 0.00010373792063013971
1 1 17 0.00012479555568810133
1 2 17 0.00010886241422932063
2 1 17 0.00010264539343082511
2 2 17 0.0001067837527997611
1 1 18 8.707047422334281e-5
1 2 18 9.253642281297445e-5
2 1 18 0.00010483537192308599
2 2 18 0.00011922883249718603
1 1 19 9.522738573006528e-5
1 2 19 9.965454744932794e-5
2 1 19 7.152434782771235e-5
2 2 19 9.21206398048944e-5
1 1 20 8.646248977681092e-5
1 2 20 8.82080812470057e-5
2 1 20 8.421180471503186e-5
2 2 20 8.03990889726862e-5
