W: 3.4000000000000004
num_iter: 0
[-0.87884923 -0.87884923 -0.8701424  -0.8701424  -0.8600867  -0.8600867
 -0.8487086  -0.8487086  -0.83639062 -0.83639062 -0.82284541 -0.82284541
 -0.80838094 -0.80838094 -0.79257647 -0.79257647 -0.77610799 -0.77610799
 -0.75830963 -0.75830963 -0.73938656 -0.73938656 -0.71903336 -0.71903336
 -0.69793816 -0.69793816 -0.67557453 -0.67557453 -0.65208984 -0.65208984
 -0.62688908 -0.62688908 -0.60077572 -0.60077572 -0.57307563 -0.57307563
 -0.54440883 -0.54440883 -0.5140016  -0.5140016  -0.48201599 -0.48201599
 -0.44824622 -0.44824622 -0.41326104 -0.41326104 -0.37664182 -0.37664182
 -0.33822811 -0.33822811 -0.2983549  -0.2983549  -0.25687022 -0.25687022
 -0.21381993 -0.21381993 -0.17006233 -0.17006233 -0.12466266 -0.12466266
 -0.07774883 -0.07774883 -0.02489529 -0.02489529  0.02489752  0.02489752
  0.07774652  0.07774652  0.12465695  0.12465695  0.17006751  0.17006751
  0.21382012  0.21382012  0.25687162  0.25687162  0.29835971  0.29835971
  0.33822658  0.33822658  0.37664254  0.37664254  0.41327101  0.41327101
  0.44824741  0.44824741  0.48201508  0.48201508  0.51399586  0.51399586
  0.54441141  0.54441141  0.57307693  0.57307693  0.60077698  0.60077698
  0.62689544  0.62689544  0.65210094  0.65210094  0.67556672  0.67556672
  0.69793033  0.69793033  0.71902771  0.71902771  0.73938187  0.73938187
  0.75831207  0.75831207  0.77610594  0.77610594  0.79257565  0.79257565
  0.80837817  0.80837817  0.82283866  0.82283866  0.83638928  0.83638928
  0.84870906  0.84870906  0.86009409  0.86009409  0.87013902  0.87013902
  0.87884995  0.87884995]
localization_length: 1.2552573970307384
1.2491426099666412
W_list: [3.4000000000000004]
L_list: [39.97256351893252]
