W: 1.0
num_iter: 0
[-1.12425521 -1.12425521 -1.1089003  -1.1089003  -1.0879637  -1.0879637
 -1.0604007  -1.0604007  -1.02454869 -1.02454869 -0.97845161 -0.97845161
 -0.91978312 -0.91978312 -0.84385627 -0.84385627 -0.74732694 -0.74732694
 -0.6307052  -0.6307052  -0.49707136 -0.49707136 -0.3690338  -0.3690338
 -0.26219634 -0.26219634 -0.17379277 -0.17379277 -0.09578559 -0.09578559
 -0.02058098 -0.02058098  0.0205836   0.0205836   0.09578549  0.09578549
  0.17378888  0.17378888  0.2621948   0.2621948   0.36903153  0.36903153
  0.49707236  0.49707236  0.63070528  0.63070528  0.74732368  0.74732368
  0.84385303  0.84385303  0.91978235  0.91978235  0.97845421  0.97845421
  1.02454599  1.02454599  1.06040689  1.06040689  1.08796824  1.08796824
  1.10890292  1.10890292  1.12425332  1.12425332]
localization_length: 3.036784708178683
3.112619672136161
W_list: [1.0]
L_list: [49.801914754178576]
