Norm difference: 1.0
Norm difference: 1.0
1 1
1 2
1 3
2 1
2 2
2 3
3 1
3 2
3 3
1 1
1 2
1 3
2 1
2 2
2 3
3 1
3 2
3 3
1 1
1 2
1 3
2 1
2 2
2 3
3 1
3 2
3 3
1 1
1 2
1 3
2 1
2 2
2 3
3 1
3 2
3 3
1 1
1 2
1 3
2 1
2 2
2 3
3 1
3 2
3 3
1 1
1 2
1 3
2 1
2 2
2 3
3 1
3 2
3 3
1 1
1 2
1 3
2 1
2 2
2 3
3 1
3 2
3 3
1 1
1 2
1 3
2 1
2 2
2 3
3 1
3 2
3 3
1 1
1 2
1 3
2 1
2 2
2 3
3 1
3 2
3 3
1 1
1 2
1 3
2 1
2 2
2 3
3 1
3 2
3 3
1 1
1 2
1 3
2 1
2 2
2 3
3 1
3 2
3 3
1 1
1 2
1 3
2 1
2 2
2 3
3 1
3 2
3 3
1 1
1 2
1 3
2 1
2 2
2 3
3 1
3 2
3 3
1 1
1 2
1 3
2 1
2 2
2 3
3 1
3 2
3 3
1 1
1 2
1 3
2 1
2 2
2 3
3 1
3 2
3 3
1 1
1 2
1 3
2 1
2 2
2 3
3 1
3 2
3 3
1 1
1 2
1 3
2 1
2 2
2 3
3 1
3 2
3 3
1 1
1 2
1 3
2 1
2 2
2 3
3 1
3 2
3 3
1 1
1 2
1 3
2 1
2 2
2 3
3 1
3 2
3 3
1 1
1 2
1 3
2 1
2 2
2 3
3 1
3 2
3 3
1 1 1 0.003992725943151233
1 2 1 0.003987588804591639
1 3 1 0.004401109019997255
2 1 1 0.003355299580966222
2 2 1 0.0032204022785348565
2 3 1 0.0031786494733166194
3 1 1 0.004243402171793903
3 2 1 0.00458910650975293
3 3 1 0.006305344843018319
1 1 2 0.0040608549816946084
1 2 2 0.003418112040683389
1 3 2 0.0037730846322078194
2 1 2 0.0030728209936021524
2 2 2 0.0038906862877109614
2 3 2 0.0028928009194707947
3 1 2 0.005360152236128928
3 2 2 0.004918568100930132
3 3 2 0.004014064559797777
1 1 3 0.003539252614714058
1 2 3 0.0046115156855527605
1 3 3 0.003432058504221849
2 1 3 0.003869909850520923
2 2 3 0.004118318302579927
2 3 3 0.003010531975387902
3 1 3 0.0034195441229662718
3 2 3 0.005038498013090291
3 3 3 0.0022572616540464966
1 1 4 0.002210405379620723
1 2 4 0.002866029836829379
1 3 4 0.0029313650121022858
2 1 4 0.0028792089268112756
2 2 4 0.0034306291166397024
2 3 4 0.002572229445087963
3 1 4 0.003070347949543965
3 2 4 0.004894199991689287
3 3 4 0.0023818644019324266
1 1 5 0.0030761881535066593
1 2 5 0.003599822372541682
1 3 5 0.0032405752459526613
2 1 5 0.003167901775454897
2 2 5 0.00246942482159756
2 3 5 0.003482928012763383
3 1 5 0.002973123536568326
3 2 5 0.004100663692557923
3 3 5 0.003599063265419515
1 1 6 0.0026584547861484703
1 2 6 0.0028281674063343975
1 3 6 0.003594326751057452
2 1 6 0.0027731509878523805
2 2 6 0.0022092487695675243
2 3 6 0.0027633543841054315
3 1 6 0.003282174950956411
3 2 6 0.003201493173061524
3 3 6 0.0032569204108785664
1 1 7 0.002523088828600312
1 2 7 0.0018817049994637291
1 3 7 0.002054613849315945
2 1 7 0.0025179555984862333
2 2 7 0.0031419879767117078
2 3 7 0.0024447355166180187
3 1 7 0.003232540093504338
3 2 7 0.003052847218961002
3 3 7 0.0028667344834078113
1 1 8 0.002917844729979728
1 2 8 0.00228578392776541
1 3 8 0.00264450344433355
2 1 8 0.0027790787876310545
2 2 8 0.001756656242968595
2 3 8 0.0031309834680585415
3 1 8 0.0033462438572343925
3 2 8 0.0031928815962672884
3 3 8 0.0026942210137698404
1 1 9 0.002133840078822434
1 2 9 0.002566764649663183
1 3 9 0.0022065251162305334
2 1 9 0.0024179732291835314
2 2 9 0.003035599918765598
2 3 9 0.0018198857994258244
3 1 9 0.003016250949203975
3 2 9 0.0024194652696429824
3 3 9 0.003053353965598196
1 1 10 0.0027157728547141714
1 2 10 0.0020374136048634576
1 3 10 0.0017035216403884878
2 1 10 0.0027465522277654877
2 2 10 0.0015397882086844593
2 3 10 0.002496333740299176
3 1 10 0.002655817856166984
3 2 10 0.0025215340296437182
3 3 10 0.003098669355120609
1 1 11 0.0022234135126544693
1 2 11 0.0018598551596204962
1 3 11 0.002751429254608524
2 1 11 0.0022934720112446688
2 2 11 0.002827867702360285
2 3 11 0.002066519553029051
3 1 11 0.002665119212226864
3 2 11 0.0036288881670277487
3 3 11 0.0029254132533768277
1 1 12 0.0021860165459464554
1 2 12 0.002729688522479217
1 3 12 0.0013460684387232194
2 1 12 0.0027805682959444965
2 2 12 0.0016141378925661892
2 3 12 0.0020643424415207725
3 1 12 0.00300438858141813
3 2 12 0.0026546781448650476
3 3 12 0.0023004971307580115
1 1 13 0.0025283807480929003
1 2 13 0.0018537368553267204
1 3 13 0.001685839065813339
2 1 13 0.002344691082980796
2 2 13 0.0019425809561761632
2 3 13 0.0018492251405794178
3 1 13 0.0027094988025386773
3 2 13 0.002039055620428369
3 3 13 0.002485408415074356
1 1 14 0.0019378343819831591
1 2 14 0.0015707844945162055
1 3 14 0.0020522873604988854
2 1 14 0.0023898359571646326
2 2 14 0.0017011391649149339
2 3 14 0.002261424845811399
3 1 14 0.002296047168482097
3 2 14 0.0018976815509181774
3 3 14 0.0018299913543646375
1 1 15 0.002137781939309556
1 2 15 0.001625411138518281
1 3 15 0.001772795464654297
2 1 15 0.0020532882871707827
2 2 15 0.001890321548186046
2 3 15 0.0018034128796934868
3 1 15 0.00295352303058494
3 2 15 0.002144788794247055
3 3 15 0.0015370420997870365
1 1 16 0.0019047725899814898
1 2 16 0.0016155520266011379
1 3 16 0.0021448341483889747
2 1 16 0.002226131666063222
2 2 16 0.0023022836840148895
2 3 16 0.002487900273227455
3 1 16 0.0024507925426679317
3 2 16 0.0015994663011359353
3 3 16 0.001894274150082312
1 1 17 0.0018247504106405198
1 2 17 0.0016781887283673735
1 3 17 0.0026058446494903863
2 1 17 0.0025415500603973725
2 2 17 0.0018415498519781844
2 3 17 0.0022642411606788237
3 1 17 0.0024408743895201436
3 2 17 0.001967831395390849
3 3 17 0.002351551854852965
1 1 18 0.0022116440502094104
1 2 18 0.0018320682245639677
1 3 18 0.001536290947319837
2 1 18 0.0020112289437904363
2 2 18 0.002451310094704644
2 3 18 0.002515322703933928
3 1 18 0.0019344563356522935
3 2 18 0.0020598677132587758
3 3 18 0.0028032470492499652
1 1 19 0.0015115426103037575
1 2 19 0.0019157088646234715
1 3 19 0.0022028343312448045
2 1 19 0.0016076379948944826
2 2 19 0.0017004425025217828
2 3 19 0.0024105368875238253
3 1 19 0.0015320800879527518
3 2 19 0.002432773170676005
3 3 19 0.003115225555812275
1 1 20 0.002234138039277296
1 2 20 0.0017502213658733272
1 3 20 0.0019970112528038446
2 1 20 0.00287921347099786
2 2 20 0.0018936574563385316
2 3 20 0.00253574514372573
3 1 20 0.0020982502928066442
3 2 20 0.0027350322178162595
3 3 20 0.0020905367528803193
