Norm difference: 1.0
Norm difference: 1.0
1 1
1 2
2 1
2 2
1 1
1 2
2 1
2 2
1 1
1 2
2 1
2 2
1 1
1 2
2 1
2 2
1 1
1 2
2 1
2 2
1 1
1 2
2 1
2 2
1 1
1 2
2 1
2 2
1 1
1 2
2 1
2 2
1 1
1 2
2 1
2 2
1 1
1 2
2 1
2 2
1 1
1 2
2 1
2 2
1 1
1 2
2 1
2 2
1 1
1 2
2 1
2 2
1 1
1 2
2 1
2 2
1 1
1 2
2 1
2 2
1 1
1 2
2 1
2 2
1 1
1 2
2 1
2 2
1 1
1 2
2 1
2 2
1 1
1 2
2 1
2 2
1 1
1 2
2 1
2 2
1 1 1 0.0036394437775742585
1 2 1 0.005638907125373929
2 1 1 0.0038688073820070607
2 2 1 0.003224978608204008
1 1 2 0.004252380530459864
1 2 2 0.003748427611391581
2 1 2 0.0031700948957914727
2 2 2 0.004921682532684361
1 1 3 0.003728503577189251
1 2 3 0.002851144343619614
2 1 3 0.0036070433912091574
2 2 3 0.005211256107810851
1 1 4 0.003568905651169034
1 2 4 0.004885887944285265
2 1 4 0.003427251737325007
2 2 4 0.004322443420317287
1 1 5 0.00303127124279069
1 2 5 0.005579384127989061
2 1 5 0.0037766341838284777
2 2 5 0.00274206461790414
1 1 6 0.0036286668436543773
1 2 6 0.0030897699515739473
2 1 6 0.0037883971282037148
2 2 6 0.002956203193483185
1 1 7 0.003706197209967006
1 2 7 0.002929932327002913
2 1 7 0.00299245846477907
2 2 7 0.0037569500643247094
1 1 8 0.0032165410242526206
1 2 8 0.003171196957068739
2 1 8 0.0023270574267542725
2 2 8 0.003249183466123816
1 1 9 0.0024055721564920775
1 2 9 0.002885220927589356
2 1 9 0.0024967765929252783
2 2 9 0.0016016757398595895
1 1 10 0.002396857527868062
1 2 10 0.0014255355351460745
2 1 10 0.002201570303731362
2 2 10 0.0013804382701253183
1 1 11 0.001738356033570141
1 2 11 0.0014518199971570171
2 1 11 0.001901627747393691
2 2 11 0.0011823389624249496
1 1 12 0.0011590430534310836
1 2 12 0.0014042184701952261
2 1 12 0.0011710736213896883
2 2 12 0.0015460005080199014
1 1 13 0.000984270423637901
1 2 13 0.000832699689807526
2 1 13 0.0010304520005966987
2 2 13 0.0011519462830853443
1 1 14 0.0010669211015587336
1 2 14 0.00063304516876074
2 1 14 0.0009192097200249934
2 2 14 0.0008090885928517672
1 1 15 0.0011024347759069182
1 2 15 0.0007503884202786674
2 1 15 0.0008907763637059203
2 2 15 0.000642515933342723
1 1 16 0.000836466927784834
1 2 16 0.0009042990638628209
2 1 16 0.0008273100398310468
2 2 16 0.0007004864909174733
1 1 17 0.0007185220795583846
1 2 17 0.0008468302860467272
2 1 17 0.0006859974641809464
2 2 17 0.0006320195325640258
1 1 18 0.0007124494595799934
1 2 18 0.0008485881432947543
2 1 18 0.0008171059915653596
2 2 18 0.0006971967226270596
1 1 19 0.0007396077416675407
1 2 19 0.0006006974556057805
2 1 19 0.0009256173225771158
2 2 19 0.0007738668873828801
1 1 20 0.0008660980037699766
1 2 20 0.0005931169595428941
2 1 20 0.0005919282934108069
2 2 20 0.0008876645220606031
