[-2.41421356 -1.         -1.         -0.41421356  0.41421356  1.
  1.          2.41421356]
W: 3.2
num_iter: 0
[-0.78280715 -0.76898646 -0.75545242 -0.74123262 -0.72625981 -0.71186803
 -0.69581505 -0.67928807 -0.66219755 -0.64441705 -0.62705642 -0.60827237
 -0.58866614 -0.56949197 -0.54865138 -0.5279668  -0.50596229 -0.48378554
 -0.46092958 -0.43749665 -0.41370839 -0.38920753 -0.36386478 -0.33743187
 -0.31046646 -0.28241087 -0.25228144 -0.22154555 -0.1894785  -0.15369984
 -0.11445289 -0.06787288  0.06788002  0.11444432  0.15371461  0.18945953
  0.22155122  0.25228445  0.28239997  0.31047096  0.33742983  0.36386719
  0.38919946  0.41369966  0.43749561  0.46094686  0.48378202  0.50596211
  0.52797411  0.54865614  0.56951184  0.58866597  0.60827863  0.62704972
  0.64441496  0.66218546  0.67929067  0.69581831  0.71186309  0.72626499
  0.7412228   0.7554425   0.7689881   0.78280926]
localization_length: 0.46041955699260706
0.46326653875428453
W_list: [3.2]
L_list: [0.46326653875428453]
[-2.41421356 -1.         -1.         -0.41421356  0.41421356  1.
  1.          2.41421356]
W: 3.2
num_iter: 0
[-0.78262366 -0.76838197 -0.75525763 -0.74086444 -0.72651834 -0.71107881
 -0.69515363 -0.67920348 -0.6618085  -0.64455085 -0.62648555 -0.60787225
 -0.58851937 -0.56874125 -0.54866363 -0.52720745 -0.50616657 -0.48369624
 -0.46122518 -0.43774299 -0.41373294 -0.38913723 -0.36344735 -0.33708118
 -0.30978143 -0.28215556 -0.25263474 -0.22179661 -0.18924965 -0.15342675
 -0.11443458 -0.06818257  0.06818576  0.114432    0.15341745  0.18924467
  0.22181231  0.25262457  0.28215829  0.30979252  0.33708026  0.36344208
  0.38913584  0.41372309  0.43775077  0.46122039  0.483696    0.50616575
  0.52721191  0.54866339  0.56874567  0.58853293  0.60786981  0.62647544
  0.64456517  0.66178793  0.67920494  0.6951586   0.71107658  0.72650474
  0.74087392  0.75525031  0.76839699  0.78262229]
localization_length: 0.45832829578457246
0.4541361757641221
W_list: [3.2]
L_list: [0.4541361757641221]
