W: 2.6
num_iter: 0
[-1.18217779 -1.18217779 -1.12067336 -1.12067336 -1.028993   -1.028993
 -0.90041529 -0.90041529 -0.73332195 -0.73332195 -0.54074873 -0.54074873
 -0.34051476 -0.34051476 -0.11667798 -0.11667798  0.11667902  0.11667902
  0.34051688  0.34051688  0.54074867  0.54074867  0.73332074  0.73332074
  0.90041699  0.90041699  1.02898797  1.02898797  1.12067689  1.12067689
  1.18217568  1.18217568]
localization_length: 1.071324685432759
1.0700752125215824
W_list: [2.6]
L_list: [8.56060170017266]
