Norm difference: 1.0
Norm difference: 1.0
1 1
1 2
2 1
2 2
1 1
1 2
2 1
2 2
1 1
1 2
2 1
2 2
1 1
1 2
2 1
2 2
1 1
1 2
2 1
2 2
1 1
1 2
2 1
2 2
1 1
1 2
2 1
2 2
1 1
1 2
2 1
2 2
1 1
1 2
2 1
2 2
1 1
1 2
2 1
2 2
1 1
1 2
2 1
2 2
1 1
1 2
2 1
2 2
1 1
1 2
2 1
2 2
1 1
1 2
2 1
2 2
1 1
1 2
2 1
2 2
1 1
1 2
2 1
2 2
1 1
1 2
2 1
2 2
1 1
1 2
2 1
2 2
1 1
1 2
2 1
2 2
1 1
1 2
2 1
2 2
1 1 1 0.002373204482647354
1 2 1 0.00229826779287745
2 1 1 0.002383091733972085
2 2 1 0.002514039402586536
1 1 2 0.0018038197674031572
1 2 2 0.002140185079790398
2 1 2 0.002354828288033325
2 2 2 0.0024287264489801807
1 1 3 0.0017139791715773535
1 2 3 0.0019298866840435744
2 1 3 0.0019901444529610867
2 2 3 0.002024700960010871
1 1 4 0.0014785779811301192
1 2 4 0.0018504405747367934
2 1 4 0.001669251438572193
2 2 4 0.0020315247496848496
1 1 5 0.0015618604076198
1 2 5 0.0019453484229572545
2 1 5 0.001878921752412064
2 2 5 0.002129991871130501
1 1 6 0.0019755669695961436
1 2 6 0.0017329210509045138
2 1 6 0.0018722028993236543
2 2 6 0.0017129713519881719
1 1 7 0.0021448506328331507
1 2 7 0.001975204587840243
2 1 7 0.0019169499188022375
2 2 7 0.0020635736702950274
1 1 8 0.001655530788461442
1 2 8 0.0018632774719759115
2 1 8 0.001805943311509961
2 2 8 0.0017189006327114915
1 1 9 0.0018476773603745907
1 2 9 0.002345209910392299
2 1 9 0.0020328208930438046
2 2 9 0.0024683012952688077
1 1 10 0.0017073808448665167
1 2 10 0.00231860031721799
2 1 10 0.00162660988747811
2 2 10 0.0023642372854225237
1 1 11 0.0021618786715769797
1 2 11 0.002599628580733073
2 1 11 0.002418073411790337
2 2 11 0.002308085027543261
1 1 12 0.0029723310364452556
1 2 12 0.0016699092494233403
2 1 12 0.003036388510266485
2 2 12 0.0021240697695454475
1 1 13 0.0033948975257493846
1 2 13 0.0019588294745020002
2 1 13 0.0029992522177401328
2 2 13 0.0029042461546400617
1 1 14 0.0028832127087626636
1 2 14 0.003430338726982114
2 1 14 0.0030187442986379285
2 2 14 0.0026797429806005727
1 1 15 0.002356803251837003
1 2 15 0.003158257119934759
2 1 15 0.003271425576858196
2 2 15 0.0030593968367349186
1 1 16 0.003088134867580661
1 2 16 0.0030952243018363373
2 1 16 0.0031109869635788548
2 2 16 0.0036489486967917297
1 1 17 0.004042788574931353
1 2 17 0.0043561229258140596
2 1 17 0.0035343212994269797
2 2 17 0.003938284970846219
1 1 18 0.004923351259209804
1 2 18 0.0041815655308437335
2 1 18 0.00412270204868226
2 2 18 0.0034294098150607468
1 1 19 0.00549607613478022
1 2 19 0.003593920553808936
2 1 19 0.005069611978035048
2 2 19 0.0039119127018574715
1 1 20 0.004949407363654587
1 2 20 0.0048619157983260785
2 1 20 0.0046801832778213944
2 2 20 0.004527712402146451
