W: 2.4
num_iter: 0
[-0.69993275 -0.69993275 -0.68164983 -0.68164983 -0.65872709 -0.65872709
 -0.63169759 -0.63169759 -0.60045476 -0.60045476 -0.56546579 -0.56546579
 -0.52759774 -0.52759774 -0.48607281 -0.48607281 -0.44026113 -0.44026113
 -0.39043273 -0.39043273 -0.33773642 -0.33773642 -0.2804122  -0.2804122
 -0.21910475 -0.21910475 -0.15500111 -0.15500111 -0.08900685 -0.08900685
 -0.0192724  -0.0192724   0.01927405  0.01927405  0.08900734  0.08900734
  0.15500596  0.15500596  0.21909761  0.21909761  0.28041408  0.28041408
  0.33773128  0.33773128  0.39043483  0.39043483  0.4402585   0.4402585
  0.48607127  0.48607127  0.527594    0.527594    0.56546653  0.56546653
  0.60046316  0.60046316  0.63170106  0.63170106  0.65872541  0.65872541
  0.68165062  0.68165062  0.69993024  0.69993024]
localization_length: 3.2429803043574004
3.2560305958809854
W_list: [2.4]
L_list: [52.09648953409577]
