Norm difference: 1.0
Norm difference: 1.0
1 1
1 2
2 1
2 2
1 1
1 2
2 1
2 2
1 1
1 2
2 1
2 2
1 1
1 2
2 1
2 2
1 1
1 2
2 1
2 2
1 1
1 2
2 1
2 2
1 1
1 2
2 1
2 2
1 1
1 2
2 1
2 2
1 1
1 2
2 1
2 2
1 1
1 2
2 1
2 2
1 1
1 2
2 1
2 2
1 1
1 2
2 1
2 2
1 1
1 2
2 1
2 2
1 1
1 2
2 1
2 2
1 1
1 2
2 1
2 2
1 1
1 2
2 1
2 2
1 1
1 2
2 1
2 2
1 1
1 2
2 1
2 2
1 1
1 2
2 1
2 2
1 1
1 2
2 1
2 2
1 1 1 0.006591634126123609
1 2 1 0.0067705060534371435
2 1 1 0.006610995621563186
2 2 1 0.005995395457406559
1 1 2 0.005434124464685336
1 2 2 0.00708446186362491
2 1 2 0.006723192906077981
2 2 2 0.004551588416471505
1 1 3 0.00572826790806317
1 2 3 0.00566815594605735
2 1 3 0.006041314637705172
2 2 3 0.00573751901981682
1 1 4 0.0072866907810805095
1 2 4 0.003709065180552628
2 1 4 0.005131133387647192
2 2 4 0.004931809320504643
1 1 5 0.005320039294938567
1 2 5 0.004241649094439689
2 1 5 0.005794943991392485
2 2 5 0.0038404709950212988
1 1 6 0.00446006007252644
1 2 6 0.005466545415671239
2 1 6 0.0046057593125708035
2 2 6 0.004389291001493731
1 1 7 0.003968363979254518
1 2 7 0.003333482815421286
2 1 7 0.0037575193721200635
2 2 7 0.0033166608865150527
1 1 8 0.0059906168498257435
1 2 8 0.003665946601983743
2 1 8 0.004635586789067697
2 2 8 0.0029333075515934406
1 1 9 0.00386913787926106
1 2 9 0.0033240533660897744
2 1 9 0.0038900828027380653
2 2 9 0.0028580678401699837
1 1 10 0.0043913480944747785
1 2 10 0.0031524660229837144
2 1 10 0.00354418451350281
2 2 10 0.002770520915011756
1 1 11 0.0036780898927205956
1 2 11 0.002932404534388043
2 1 11 0.0033240849459893083
2 2 11 0.003612500091468379
1 1 12 0.004241971826489594
1 2 12 0.0028636188116959015
2 1 12 0.004077674627972086
2 2 12 0.002540056097628194
1 1 13 0.003427285382898336
1 2 13 0.003546972558240795
2 1 13 0.0044406651012426895
2 2 13 0.0020980160945215346
1 1 14 0.004224625166010448
1 2 14 0.0027031944054498893
2 1 14 0.0032204022532497365
2 2 14 0.002749392327781415
1 1 15 0.0036597553926005126
1 2 15 0.001825075177460968
2 1 15 0.002774377226653108
2 2 15 0.0030080788227327465
1 1 16 0.003004101200738233
1 2 16 0.002761466696357454
2 1 16 0.0032489682505314568
2 2 16 0.0026163193441478627
1 1 17 0.0022031314534127124
1 2 17 0.0030442474945946998
2 1 17 0.003261585327673816
2 2 17 0.002142789404995688
1 1 18 0.0030663303675261184
1 2 18 0.00244072283847706
2 1 18 0.002592916392135199
2 2 18 0.0024723482353408467
1 1 19 0.003290621147532719
1 2 19 0.0014010686709508531
2 1 19 0.0030689204259589107
2 2 19 0.0019572903964365992
1 1 20 0.0020542475086653207
1 2 20 0.001723965862899819
2 1 20 0.0020889967539176224
2 2 20 0.0015881109902791284
