[-2.41421356 -1.         -1.         -0.41421356  0.41421356  1.
  1.          2.41421356]
W: 2.0
num_iter: 0
[-0.49663566 -0.43264684 -0.37073124 -0.30956543 -0.24847263 -0.18719582
 -0.12599408 -0.06344429  0.0634447   0.12599373  0.1871851   0.24849475
  0.30956097  0.37073242  0.43264076  0.49663355]
localization_length: 1.9702325577900268
1.9811792806091595
W_list: [2.0]
L_list: [1.9811792806091595]
[-2.41421356 -1.         -1.         -0.41421356  0.41421356  1.
  1.          2.41421356]
W: 2.0
num_iter: 0
[-0.49606864 -0.43387969 -0.37080588 -0.30845263 -0.2484566  -0.18779751
 -0.12584282 -0.06337809  0.06337913  0.12584306  0.18779513  0.24845683
  0.30844862  0.37080553  0.43388292  0.49607062]
localization_length: 1.9722903341710945
1.9673941522971157
W_list: [2.0]
L_list: [1.9673941522971157]
