W: 3.0
num_iter: 0
[-0.79760269 -0.79760269 -0.7496007  -0.7496007  -0.68365943 -0.68365943
 -0.60105593 -0.60105593 -0.50016721 -0.50016721 -0.37913887 -0.37913887
 -0.23582849 -0.23582849 -0.06324494 -0.06324494  0.06324885  0.06324885
  0.23583003  0.23583003  0.3791343   0.3791343   0.50016888  0.50016888
  0.60105692  0.60105692  0.68366284  0.68366284  0.74959707  0.74959707
  0.79759938  0.79759938]
localization_length: 1.9764426705199882
1.982908860339156
W_list: [3.0]
L_list: [15.863270882713248]
