W: 2.6
num_iter: 0
[-0.78793256 -0.78793256 -0.73449929 -0.73449929 -0.66194587 -0.66194587
 -0.57265083 -0.57265083 -0.46797762 -0.46797762 -0.34876701 -0.34876701
 -0.21184098 -0.21184098 -0.05196584 -0.05196584  0.05196217  0.05196217
  0.21184332  0.21184332  0.34877071  0.34877071  0.46797346  0.46797346
  0.57265506  0.57265506  0.66194391  0.66194391  0.73449949  0.73449949
  0.78793188  0.78793188]
localization_length: 2.4055960303463917
2.4244287297059888
W_list: [2.6]
L_list: [19.39542983764791]
