W: 3.0
num_iter: 0
[-0.86048327 -0.86048327 -0.83847204 -0.83847204 -0.81166787 -0.81166787
 -0.77932141 -0.77932141 -0.7430173  -0.7430173  -0.70157001 -0.70157001
 -0.65589486 -0.65589486 -0.60637978 -0.60637978 -0.55218694 -0.55218694
 -0.49359534 -0.49359534 -0.42991822 -0.42991822 -0.36148164 -0.36148164
 -0.28783229 -0.28783229 -0.20930761 -0.20930761 -0.1262652  -0.1262652
 -0.03493705 -0.03493705  0.03493724  0.03493724  0.12626328  0.12626328
  0.20930946  0.20930946  0.28783538  0.28783538  0.36148297  0.36148297
  0.42992159  0.42992159  0.4935893   0.4935893   0.55219184  0.55219184
  0.60637405  0.60637405  0.65589422  0.65589422  0.701576    0.701576
  0.74301823  0.74301823  0.77932326  0.77932326  0.81166444  0.81166444
  0.83846554  0.83846554  0.86048402  0.86048402]
localization_length: 1.7889317181746762
1.8020394594253375
W_list: [3.0]
L_list: [28.8326313508054]
