Norm difference: 1.0
Norm difference: 1.0
1 1
1 2
2 1
2 2
1 1
1 2
2 1
2 2
1 1
1 2
2 1
2 2
1 1
1 2
2 1
2 2
1 1
1 2
2 1
2 2
1 1
1 2
2 1
2 2
1 1
1 2
2 1
2 2
1 1
1 2
2 1
2 2
1 1
1 2
2 1
2 2
1 1
1 2
2 1
2 2
1 1
1 2
2 1
2 2
1 1
1 2
2 1
2 2
1 1
1 2
2 1
2 2
1 1
1 2
2 1
2 2
1 1
1 2
2 1
2 2
1 1
1 2
2 1
2 2
1 1
1 2
2 1
2 2
1 1
1 2
2 1
2 2
1 1
1 2
2 1
2 2
1 1
1 2
2 1
2 2
1 1 1 0.0033502607910986817
1 2 1 0.003811850389310309
2 1 1 0.002603607494891982
2 2 1 0.0023750163178484864
1 1 2 0.0019823575255575225
1 2 2 0.0031169432846552022
2 1 2 0.0034574730623683275
2 2 2 0.000858864718096402
1 1 3 0.0014837071714444607
1 2 3 0.0021410048932864324
2 1 3 0.0011099636061622149
2 2 3 0.002835638401409374
1 1 4 0.0011900290739585459
1 2 4 0.0008295601045578856
2 1 4 0.0009799121242216342
2 2 4 0.001311955490467973
1 1 5 0.0008418867845686876
1 2 5 0.001115697844298232
2 1 5 0.0010794607790101034
2 2 5 0.0012017862037043932
1 1 6 0.00039309839437612923
1 2 6 0.0005667595154226561
2 1 6 0.0006372825812492943
2 2 6 0.0004439595906918568
1 1 7 0.0004217197347142847
1 2 7 0.00043737234100638936
2 1 7 0.0003772792114199469
2 2 7 0.000577357017578818
1 1 8 0.00025901216273981737
1 2 8 0.00025966581781003157
2 1 8 0.00028340257035957964
2 2 8 0.0002856022615330281
1 1 9 0.00029486227368099715
1 2 9 0.00027824071053762924
2 1 9 0.000383198748249484
2 2 9 0.00026701459120131424
1 1 10 0.00016892349307210931
1 2 10 0.00016603865692757497
2 1 10 0.00022501263710820313
2 2 10 0.0002054695054562855
1 1 11 0.00017316421687235884
1 2 11 0.00019593205681914822
2 1 11 0.00016308317656595108
2 2 11 0.00022733678643197512
1 1 12 0.00010643446443154835
1 2 12 0.00014360302077653155
2 1 12 9.188578236722956e-5
2 2 12 0.00014198517492335804
1 1 13 0.00014514374933349974
1 2 13 0.00012972633121585434
2 1 13 0.00015669963278655417
2 2 13 0.00014841404906902828
1 1 14 0.00010407234949196207
1 2 14 0.0001045362380897596
2 1 14 0.00014252864040756544
2 2 14 0.00011242056472685665
1 1 15 0.00010425091284983947
1 2 15 0.00011414141215994667
2 1 15 0.00013363853098525118
2 2 15 0.00012151935179387139
1 1 16 0.00010348269307104672
1 2 16 7.614669022833693e-5
2 1 16 0.00011101879836817809
2 2 16 0.00010669348648148294
1 1 17 9.541654758235685e-5
1 2 17 7.703868642577054e-5
2 1 17 0.0001088350270454604
2 2 17 0.00011828664875182023
1 1 18 9.292233265899904e-5
1 2 18 8.637925416737567e-5
2 1 18 0.00011286974847027216
2 2 18 9.669058990517438e-5
1 1 19 8.249682254446443e-5
1 2 19 7.721323918275731e-5
2 1 19 0.00011724865638079408
2 2 19 5.877797916521826e-5
1 1 20 7.476836661906433e-5
1 2 20 7.024096962693563e-5
2 1 20 8.796992806534343e-5
2 2 20 8.963998491420864e-5
