Norm difference: 1.0
Norm difference: 1.0
1 1
1 2
1 3
2 1
2 2
2 3
3 1
3 2
3 3
1 1
1 2
1 3
2 1
2 2
2 3
3 1
3 2
3 3
1 1
1 2
1 3
2 1
2 2
2 3
3 1
3 2
3 3
1 1
1 2
1 3
2 1
2 2
2 3
3 1
3 2
3 3
1 1
1 2
1 3
2 1
2 2
2 3
3 1
3 2
3 3
1 1
1 2
1 3
2 1
2 2
2 3
3 1
3 2
3 3
1 1
1 2
1 3
2 1
2 2
2 3
3 1
3 2
3 3
1 1
1 2
1 3
2 1
2 2
2 3
3 1
3 2
3 3
1 1
1 2
1 3
2 1
2 2
2 3
3 1
3 2
3 3
1 1
1 2
1 3
2 1
2 2
2 3
3 1
3 2
3 3
1 1
1 2
1 3
2 1
2 2
2 3
3 1
3 2
3 3
1 1
1 2
1 3
2 1
2 2
2 3
3 1
3 2
3 3
1 1
1 2
1 3
2 1
2 2
2 3
3 1
3 2
3 3
1 1
1 2
1 3
2 1
2 2
2 3
3 1
3 2
3 3
1 1
1 2
1 3
2 1
2 2
2 3
3 1
3 2
3 3
1 1
1 2
1 3
2 1
2 2
2 3
3 1
3 2
3 3
1 1
1 2
1 3
2 1
2 2
2 3
3 1
3 2
3 3
1 1
1 2
1 3
2 1
2 2
2 3
3 1
3 2
3 3
1 1
1 2
1 3
2 1
2 2
2 3
3 1
3 2
3 3
1 1
1 2
1 3
2 1
2 2
2 3
3 1
3 2
3 3
1 1 1 0.022334128676962738
1 2 1 0.012617337147041455
1 3 1 0.015900837524489085
2 1 1 0.017710307907353257
2 2 1 0.012280302296041021
2 3 1 0.01924123021792861
3 1 1 0.016586465292777568
3 2 1 0.013691000439900522
3 3 1 0.012403123434044346
1 1 2 0.017463215413438836
1 2 2 0.012947053546529644
1 3 2 0.017040170056573864
2 1 2 0.015109388455677367
2 2 2 0.012339059222794033
2 3 2 0.01658632238165922
3 1 2 0.017021484910082003
3 2 2 0.013494036657496392
3 3 2 0.015062079613145285
1 1 3 0.013933880678923882
1 2 3 0.013143087296340866
1 3 3 0.016236324143518555
2 1 3 0.016583364281539593
2 2 3 0.01270161509871363
2 3 3 0.010920021200603477
3 1 3 0.018290490963603273
3 2 3 0.010581689679443031
3 3 3 0.015521920998902042
1 1 4 0.014584243416601635
1 2 4 0.01085465204308988
1 3 4 0.015819477796706886
2 1 4 0.014545012461901685
2 2 4 0.011223433808963661
2 3 4 0.011635410962678656
3 1 4 0.015803116490324287
3 2 4 0.010231411727160938
3 3 4 0.009760216430861295
1 1 5 0.01649947950976365
1 2 5 0.01034456934675378
1 3 5 0.013955886211423064
2 1 5 0.013807111592875213
2 2 5 0.008924187684378918
2 3 5 0.012973405617147946
3 1 5 0.012440082378466851
3 2 5 0.009952310819657655
3 3 5 0.01076972045327611
1 1 6 0.01601585262148476
1 2 6 0.008608399029577492
1 3 6 0.012411738952235223
2 1 6 0.010916893844820377
2 2 6 0.00898858620304809
2 3 6 0.009805342662296318
3 1 6 0.011119294690643457
3 2 6 0.008021297469045974
3 3 6 0.012713224720715371
1 1 7 0.012396046100858088
1 2 7 0.006416014489009594
1 3 7 0.011082158695325618
2 1 7 0.00937215206860911
2 2 7 0.007428012466176257
2 3 7 0.011473857092147387
3 1 7 0.010209901631034624
3 2 7 0.007606174364330631
3 3 7 0.012253846089789551
1 1 8 0.009056467292175201
1 2 8 0.006202958699832583
1 3 8 0.00872194357916157
2 1 8 0.008575910967402744
2 2 8 0.007173095250415476
2 3 8 0.008629354276595284
3 1 8 0.009920398583603274
3 2 8 0.00830325601308755
3 3 8 0.009552152783275234
1 1 9 0.0074658951527514835
1 2 9 0.005212495628721673
1 3 9 0.005803692609721296
2 1 9 0.00782400784143857
2 2 9 0.006242585201383126
2 3 9 0.007816400691607477
3 1 9 0.00928503194720089
3 2 9 0.005148427409223351
3 3 9 0.008512569282380825
1 1 10 0.007289426943330038
1 2 10 0.005846504234691914
1 3 10 0.007456369785502397
2 1 10 0.006271945260623543
2 2 10 0.005254082802392169
2 3 10 0.007371542704516576
3 1 10 0.008770941891796752
3 2 10 0.0054690505335618905
3 3 10 0.00686258025881901
1 1 11 0.00588792993786926
1 2 11 0.004204714036808671
1 3 11 0.005782741077311977
2 1 11 0.0057713989254978325
2 2 11 0.004897009627110713
2 3 11 0.004726439473167284
3 1 11 0.006963623221102615
3 2 11 0.004210550817063697
3 3 11 0.005989977334599479
1 1 12 0.004861433204938572
1 2 12 0.004456219446631954
1 3 12 0.005814223910269879
2 1 12 0.005472292698017677
2 2 12 0.004515029428058334
2 3 12 0.004413452524982486
3 1 12 0.00409897878907614
3 2 12 0.0038058906225301066
3 3 12 0.004417996380469336
1 1 13 0.004132605343490801
1 2 13 0.0029883085822068715
1 3 13 0.005313115476299329
2 1 13 0.004653716469293174
2 2 13 0.004141679086536946
2 3 13 0.004117762321436472
3 1 13 0.004705071646582991
3 2 13 0.003697719438933844
3 3 13 0.003416901416521091
1 1 14 0.004340850954207679
1 2 14 0.004452346002732527
1 3 14 0.003197595691309689
2 1 14 0.004362527287421759
2 2 14 0.003843979038472505
2 3 14 0.003934315280486425
3 1 14 0.003908627348433435
3 2 14 0.003282948517535727
3 3 14 0.004855653583696808
1 1 15 0.003802688748719079
1 2 15 0.0029257223339606937
1 3 15 0.0035845277361349604
2 1 15 0.0045685189021604546
2 2 15 0.003907645469571004
2 3 15 0.0043167431463105865
3 1 15 0.003372375182082745
3 2 15 0.0028217964958337405
3 3 15 0.0038958206251112465
1 1 16 0.004401591323398203
1 2 16 0.0030442929445923263
1 3 16 0.0030491210102915065
2 1 16 0.00415247424903269
2 2 16 0.00308041691662977
2 3 16 0.0041425728209352145
3 1 16 0.0022422276145416093
3 2 16 0.0029210958449750446
3 3 16 0.0036058756752079223
1 1 17 0.003513363510003839
1 2 17 0.0026882134186637014
1 3 17 0.003182721433535288
2 1 17 0.004014237076060551
2 2 17 0.00358872116399936
2 3 17 0.003551934100925519
3 1 17 0.003223804447611455
3 2 17 0.002965403504476962
3 3 17 0.0033133132599482335
1 1 18 0.0035861914499342304
1 2 18 0.0029707493685528345
1 3 18 0.003809240180375691
2 1 18 0.0036822306565924895
2 2 18 0.0025623937446651096
2 3 18 0.0042344219419828116
3 1 18 0.0034499006343469787
3 2 18 0.0021229704187312763
3 3 18 0.002301345154650812
1 1 19 0.0028199178720479117
1 2 19 0.002013932236785673
1 3 19 0.0032061779500935353
2 1 19 0.004162513878505958
2 2 19 0.003141198327110147
2 3 19 0.004218585594756086
3 1 19 0.0033689289668116934
3 2 19 0.0029723652768220885
3 3 19 0.0021339153239331742
1 1 20 0.0025383485212998854
1 2 20 0.002814149843281149
1 3 20 0.0030329938647194864
2 1 20 0.0035529846922965533
2 2 20 0.0024665095458843754
2 3 20 0.003199915385581526
3 1 20 0.003651666881557457
3 2 20 0.0017276937974548135
3 3 20 0.0023864852415025604
