Norm difference: 0.9999999999999999
Norm difference: 1.0
1 1
1 2
1 3
2 1
2 2
2 3
3 1
3 2
3 3
1 1
1 2
1 3
2 1
2 2
2 3
3 1
3 2
3 3
1 1
1 2
1 3
2 1
2 2
2 3
3 1
3 2
3 3
1 1
1 2
1 3
2 1
2 2
2 3
3 1
3 2
3 3
1 1
1 2
1 3
2 1
2 2
2 3
3 1
3 2
3 3
1 1
1 2
1 3
2 1
2 2
2 3
3 1
3 2
3 3
1 1
1 2
1 3
2 1
2 2
2 3
3 1
3 2
3 3
1 1
1 2
1 3
2 1
2 2
2 3
3 1
3 2
3 3
1 1
1 2
1 3
2 1
2 2
2 3
3 1
3 2
3 3
1 1
1 2
1 3
2 1
2 2
2 3
3 1
3 2
3 3
1 1
1 2
1 3
2 1
2 2
2 3
3 1
3 2
3 3
1 1
1 2
1 3
2 1
2 2
2 3
3 1
3 2
3 3
1 1
1 2
1 3
2 1
2 2
2 3
3 1
3 2
3 3
1 1
1 2
1 3
2 1
2 2
2 3
3 1
3 2
3 3
1 1
1 2
1 3
2 1
2 2
2 3
3 1
3 2
3 3
1 1
1 2
1 3
2 1
2 2
2 3
3 1
3 2
3 3
1 1
1 2
1 3
2 1
2 2
2 3
3 1
3 2
3 3
1 1
1 2
1 3
2 1
2 2
2 3
3 1
3 2
3 3
1 1
1 2
1 3
2 1
2 2
2 3
3 1
3 2
3 3
1 1
1 2
1 3
2 1
2 2
2 3
3 1
3 2
3 3
1 1 1 0.0007934395860002677
1 2 1 0.0007920202741298392
1 3 1 0.0008837423159746208
2 1 1 0.0010460818227201005
2 2 1 0.0011174472586229557
2 3 1 0.00095064739146105
3 1 1 0.0008956031723934903
3 2 1 0.0013152975256604123
3 3 1 0.0010993252664487474
1 1 2 0.0008180582888936627
1 2 2 0.0009571621792102341
1 3 2 0.0009756010042530971
2 1 2 0.0009922602422084588
2 2 2 0.0009834457974511933
2 3 2 0.001235762123856211
3 1 2 0.0010193382348797795
3 2 2 0.0009328675759381642
3 3 2 0.0013008564578875742
1 1 3 0.0005664693004732388
1 2 3 0.0007702710813807665
1 3 3 0.0007258854210850328
2 1 3 0.0009393481396634585
2 2 3 0.0010846065345726814
2 3 3 0.0011016153720457707
3 1 3 0.0013619812716336274
3 2 3 0.0010501561934668185
3 3 3 0.0009789422126662095
1 1 4 0.0005590193468490082
1 2 4 0.0007997008579718523
1 3 4 0.0008862658283236545
2 1 4 0.0008796041264771658
2 2 4 0.0008436484904946371
2 3 4 0.0012624662577699476
3 1 4 0.0009336300448018004
3 2 4 0.0011261162111157138
3 3 4 0.0012394867491271287
1 1 5 0.0007362066240476256
1 2 5 0.0008158245236384708
1 3 5 0.0008269677945026259
2 1 5 0.0013102300323465201
2 2 5 0.0012837357403764642
2 3 5 0.0010716566646323256
3 1 5 0.0010102847302905405
3 2 5 0.0010725672104498758
3 3 5 0.0011789739977688363
1 1 6 0.0010044000546818653
1 2 6 0.0009061327908297404
1 3 6 0.0009465920618248327
2 1 6 0.001030321712839856
2 2 6 0.0010395004178135154
2 3 6 0.001020335695342743
3 1 6 0.0008707102240182573
3 2 6 0.0012401665991539146
3 3 6 0.0011112700483316288
1 1 7 0.0010004435493920143
1 2 7 0.0007759228854151653
1 3 7 0.0011278416497899776
2 1 7 0.001066402246110229
2 2 7 0.0010785024585475411
2 3 7 0.0014015265172987023
3 1 7 0.0008149374470022298
3 2 7 0.0010146552530030616
3 3 7 0.0012997115706950204
1 1 8 0.0009792646167013455
1 2 8 0.0013149607397007616
1 3 8 0.0009098979088933898
2 1 8 0.0011783604779999682
2 2 8 0.0013306132673071565
2 3 8 0.0012202519527660404
3 1 8 0.0009539672848871601
3 2 8 0.001403959594517605
3 3 8 0.0015028559399809412
1 1 9 0.0009030043144501933
1 2 9 0.0008035283214388105
1 3 9 0.0008493592757291394
2 1 9 0.001153102148319465
2 2 9 0.0012803549368221843
2 3 9 0.0013766748508150458
3 1 9 0.0013683342688503187
3 2 9 0.0015865267795156595
3 3 9 0.0013198408582397172
1 1 10 0.0009690629522528839
1 2 10 0.0013220613898836486
1 3 10 0.0008749262479530352
2 1 10 0.001009587479428748
2 2 10 0.001372784358237415
2 3 10 0.0014582554886680026
3 1 10 0.0015394587662379774
3 2 10 0.0011399007436785897
3 3 10 0.0013424733987860613
1 1 11 0.0009075181789916963
1 2 11 0.0006009953963844962
1 3 11 0.0007365062182140917
2 1 11 0.0014198749251215104
2 2 11 0.001426348337613966
2 3 11 0.001295426497286181
3 1 11 0.001728310325544565
3 2 11 0.0015033206967036761
3 3 11 0.001276817232162633
1 1 12 0.0007314720685641816
1 2 12 0.0013483635267824783
1 3 12 0.0013246175018593214
2 1 12 0.0011251105293570976
2 2 12 0.0014884043387391702
2 3 12 0.0012323721313685317
3 1 12 0.001268211060080311
3 2 12 0.001667521699891859
3 3 12 0.0010303751810603328
1 1 13 0.0009979594159061737
1 2 13 0.0010285347740319089
1 3 13 0.0008089367248853643
2 1 13 0.0016384193826901622
2 2 13 0.0015420144639596892
2 3 13 0.0009266166214563418
3 1 13 0.0016086891822341873
3 2 13 0.0016840066138521016
3 3 13 0.0013804385085321874
1 1 14 0.0010557581335005975
1 2 14 0.001215775798063737
1 3 14 0.0016556022035020066
2 1 14 0.0013588653862361382
2 2 14 0.0013814068228960666
2 3 14 0.0014038960833247193
3 1 14 0.0019775119154034288
3 2 14 0.0010709858109691612
3 3 14 0.0017974430546444536
1 1 15 0.0013236240148428453
1 2 15 0.0010322783488989431
1 3 15 0.0008604281551728151
2 1 15 0.0018146338974712767
2 2 15 0.001517027028841756
2 3 15 0.0014912900113706422
3 1 15 0.0016097399968076644
3 2 15 0.0015278101501572537
3 3 15 0.0018982929714647426
1 1 16 0.0014902381182932457
1 2 16 0.001055386746694808
1 3 16 0.000936754472637049
2 1 16 0.001609652736609021
2 2 16 0.0015125519601593925
2 3 16 0.001412307009101179
3 1 16 0.0015073054488172952
3 2 16 0.0017454168090755852
3 3 16 0.001470956385034716
1 1 17 0.0012764015677408484
1 2 17 0.001188134413136198
1 3 17 0.0007793205245424368
2 1 17 0.0018101392543067572
2 2 17 0.0013471567316346398
2 3 17 0.0015246984583017341
3 1 17 0.001797526457826749
3 2 17 0.0016814284421450912
3 3 17 0.002012872884663059
1 1 18 0.0013599612520481877
1 2 18 0.0009832792654772672
1 3 18 0.0008726605235414806
2 1 18 0.002101445091998523
2 2 18 0.001290167933382038
2 3 18 0.0016415094335586501
3 1 18 0.0019834025773522667
3 2 18 0.0012932906604525194
3 3 18 0.001484175893329966
1 1 19 0.0012331803180052785
1 2 19 0.0011541759615644929
1 3 19 0.0017707711662582476
2 1 19 0.0018012022052228092
2 2 19 0.001351710957444646
2 3 19 0.001759315671859055
3 1 19 0.002119375024416412
3 2 19 0.0011066825596204133
3 3 19 0.0014088382366375736
1 1 20 0.0015200435803653968
1 2 20 0.0007963816953116424
1 3 20 0.001529753448499331
2 1 20 0.0019273885326747523
2 2 20 0.001081306297109586
2 3 20 0.001483677458207195
3 1 20 0.0019191712635460757
3 2 20 0.0016150503654883345
3 3 20 0.0013380129424235528
