W: 3.0
num_iter: 0
[-1.22176164 -1.22176164 -1.20931555 -1.20931555 -1.1953544  -1.1953544
 -1.18043098 -1.18043098 -1.16451634 -1.16451634 -1.14677826 -1.14677826
 -1.12675889 -1.12675889 -1.10558185 -1.10558185 -1.08200862 -1.08200862
 -1.05697027 -1.05697027 -1.02965648 -1.02965648 -0.99983822 -0.99983822
 -0.96830354 -0.96830354 -0.93462451 -0.93462451 -0.89938936 -0.89938936
 -0.86190374 -0.86190374 -0.82240331 -0.82240331 -0.78148641 -0.78148641
 -0.73927637 -0.73927637 -0.69458789 -0.69458789 -0.64923475 -0.64923475
 -0.60253079 -0.60253079 -0.55544265 -0.55544265 -0.50627348 -0.50627348
 -0.45686555 -0.45686555 -0.40611314 -0.40611314 -0.35447923 -0.35447923
 -0.3015241  -0.3015241  -0.24692967 -0.24692967 -0.19053745 -0.19053745
 -0.13173882 -0.13173882 -0.06218069 -0.06218069  0.06218107  0.06218107
  0.13173657  0.13173657  0.19053692  0.19053692  0.24693098  0.24693098
  0.30151614  0.30151614  0.35448288  0.35448288  0.40611615  0.40611615
  0.45687248  0.45687248  0.5062828   0.5062828   0.55543779  0.55543779
  0.60253817  0.60253817  0.64924138  0.64924138  0.69458944  0.69458944
  0.73927701  0.73927701  0.78149163  0.78149163  0.82240263  0.82240263
  0.86190235  0.86190235  0.89939275  0.89939275  0.93463035  0.93463035
  0.96829719  0.96829719  0.99983236  0.99983236  1.02965913  1.02965913
  1.05696274  1.05696274  1.08199914  1.08199914  1.10557648  1.10557648
  1.12675523  1.12675523  1.14677558  1.14677558  1.16451467  1.16451467
  1.18043492  1.18043492  1.19535354  1.19535354  1.20931594  1.20931594
  1.22176052  1.22176052]
localization_length: 0.5025676151850993
0.49662141715319325
W_list: [3.0]
L_list: [15.891885348902184]
