W: 3.0
num_iter: 0
[-1.01562026 -1.01562026 -1.00320449 -1.00320449 -0.98968332 -0.98968332
 -0.97476904 -0.97476904 -0.95855047 -0.95855047 -0.94063754 -0.94063754
 -0.92146201 -0.92146201 -0.90106519 -0.90106519 -0.87859126 -0.87859126
 -0.85541831 -0.85541831 -0.83051274 -0.83051274 -0.80417557 -0.80417557
 -0.77657354 -0.77657354 -0.74799655 -0.74799655 -0.71811648 -0.71811648
 -0.68704919 -0.68704919 -0.65447464 -0.65447464 -0.62122178 -0.62122178
 -0.58656911 -0.58656911 -0.55127396 -0.55127396 -0.51420835 -0.51420835
 -0.47635445 -0.47635445 -0.43738236 -0.43738236 -0.39680016 -0.39680016
 -0.3557868  -0.3557868  -0.31216114 -0.31216114 -0.26912895 -0.26912895
 -0.22400606 -0.22400606 -0.1781495  -0.1781495  -0.13122751 -0.13122751
 -0.082493   -0.082493   -0.027603   -0.027603    0.02760897  0.02760897
  0.08248855  0.08248855  0.13122548  0.13122548  0.17815031  0.17815031
  0.22399963  0.22399963  0.26912421  0.26912421  0.31215821  0.31215821
  0.35578753  0.35578753  0.39680124  0.39680124  0.43738761  0.43738761
  0.47634831  0.47634831  0.51419974  0.51419974  0.55127134  0.55127134
  0.58655946  0.58655946  0.62122473  0.62122473  0.6544736   0.6544736
  0.68705025  0.68705025  0.71811714  0.71811714  0.74799625  0.74799625
  0.776574    0.776574    0.80418096  0.80418096  0.8305196   0.8305196
  0.85541569  0.85541569  0.87859981  0.87859981  0.90106641  0.90106641
  0.92147077  0.92147077  0.94063955  0.94063955  0.95855351  0.95855351
  0.97476838  0.97476838  0.98968733  0.98968733  1.00320231  1.00320231
  1.01561581  1.01561581]
localization_length: 1.132123443313272
1.1490078239215546
W_list: [3.0]
L_list: [36.76825036548975]
