Norm difference: 1.0
Norm difference: 1.0
1 1
1 2
2 1
2 2
1 1
1 2
2 1
2 2
1 1
1 2
2 1
2 2
1 1
1 2
2 1
2 2
1 1
1 2
2 1
2 2
1 1
1 2
2 1
2 2
1 1
1 2
2 1
2 2
1 1
1 2
2 1
2 2
1 1
1 2
2 1
2 2
1 1
1 2
2 1
2 2
1 1
1 2
2 1
2 2
1 1
1 2
2 1
2 2
1 1
1 2
2 1
2 2
1 1
1 2
2 1
2 2
1 1
1 2
2 1
2 2
1 1
1 2
2 1
2 2
1 1
1 2
2 1
2 2
1 1
1 2
2 1
2 2
1 1
1 2
2 1
2 2
1 1
1 2
2 1
2 2
1 1 1 0.00012675939487684362
1 2 1 0.00013427175097221423
2 1 1 0.00012431886899389802
2 2 1 0.00013672319934334709
1 1 2 0.00010322490961983246
1 2 2 0.00011332388757142133
2 1 2 0.0001235442060674895
2 2 2 0.00014176689916692225
1 1 3 0.00012023491139677314
1 2 3 0.0001347615831613115
2 1 3 0.0001275339598718256
2 2 3 8.398170268501251e-5
1 1 4 0.00011896305398598615
1 2 4 0.00010495920956257814
2 1 4 0.00010503356633504248
2 2 4 0.00010223481903719523
1 1 5 0.00014345884255087738
1 2 5 9.261050610014519e-5
2 1 5 9.993055922309212e-5
2 2 5 9.959198427688812e-5
1 1 6 0.00013816309123149817
1 2 6 0.00010466064525383844
2 1 6 8.128741286435141e-5
2 2 6 8.831493966288533e-5
1 1 7 0.00010559318120869707
1 2 7 0.00010278851539961206
2 1 7 0.00010701414178244432
2 2 7 7.900437118317625e-5
1 1 8 8.40629490301243e-5
1 2 8 0.00010136584619425707
2 1 8 0.00011890725208604115
2 2 8 9.808288765513485e-5
1 1 9 0.00010215639264631909
1 2 9 0.0001081679340145002
2 1 9 0.000112151524498708
2 2 9 9.036415223772075e-5
1 1 10 0.0001554233636173469
1 2 10 9.482707967889e-5
2 1 10 8.341282181538478e-5
2 2 10 9.696996958243309e-5
1 1 11 0.00012320629380941137
1 2 11 8.201843985507459e-5
2 1 11 9.786991924118791e-5
2 2 11 8.78806577509111e-5
1 1 12 0.00011874030339484465
1 2 12 0.00010120489099898671
2 1 12 0.00012550122082273453
2 2 12 7.974391205750452e-5
1 1 13 0.00014802780917828887
1 2 13 8.978857587452642e-5
2 1 13 0.0001151439931769919
2 2 13 7.76258019186046e-5
1 1 14 0.00012650177714603768
1 2 14 0.00017359241013846825
2 1 14 0.00011896642978035852
2 2 14 9.205901985579532e-5
1 1 15 9.457060139131257e-5
1 2 15 0.00019255187149556772
2 1 15 0.00016056126256642247
2 2 15 0.00013320442432614802
1 1 16 0.0002268463719137918
1 2 16 0.0001396779680326679
2 1 16 0.0001341041707173763
2 2 16 0.00017583796989128282
1 1 17 0.0002498669246404475
1 2 17 0.0001026582420464041
2 1 17 0.0001749550264449711
2 2 17 0.00016808038375669467
1 1 18 0.00017033099625202343
1 2 18 0.00024648072876508516
2 1 18 0.00023932343596726313
2 2 18 0.00014868109374661828
1 1 19 0.0001798717405443566
1 2 19 0.00019948491074745934
2 1 19 0.0002198934693514609
2 2 19 0.00017766416402622797
1 1 20 0.00032125214953599855
1 2 20 0.0002593854271806544
2 1 20 0.00018648539004500372
2 2 20 0.00027995048607466603
