W: 3.4000000000000004
num_iter: 0
[-1.06237186 -1.06237186 -1.04968693 -1.04968693 -1.03585819 -1.03585819
 -1.02080293 -1.02080293 -1.00438713 -1.00438713 -0.98654318 -0.98654318
 -0.96773358 -0.96773358 -0.94736914 -0.94736914 -0.92562221 -0.92562221
 -0.90290459 -0.90290459 -0.87849073 -0.87849073 -0.85306534 -0.85306534
 -0.82638669 -0.82638669 -0.79828698 -0.79828698 -0.7688981  -0.7688981
 -0.73811747 -0.73811747 -0.70670626 -0.70670626 -0.67304649 -0.67304649
 -0.63852722 -0.63852722 -0.60242652 -0.60242652 -0.56545746 -0.56545746
 -0.52603319 -0.52603319 -0.48592662 -0.48592662 -0.44397598 -0.44397598
 -0.40038368 -0.40038368 -0.35534288 -0.35534288 -0.30879344 -0.30879344
 -0.26080441 -0.26080441 -0.21113501 -0.21113501 -0.15936753 -0.15936753
 -0.10541701 -0.10541701 -0.04286493 -0.04286493  0.04286797  0.04286797
  0.10541714  0.10541714  0.15936354  0.15936354  0.21113257  0.21113257
  0.26080842  0.26080842  0.30878909  0.30878909  0.35533353  0.35533353
  0.40038072  0.40038072  0.44397219  0.44397219  0.48592256  0.48592256
  0.52603047  0.52603047  0.56545523  0.56545523  0.60242574  0.60242574
  0.63852693  0.63852693  0.67304605  0.67304605  0.70670925  0.70670925
  0.73811985  0.73811985  0.76889717  0.76889717  0.79828673  0.79828673
  0.82638904  0.82638904  0.85306329  0.85306329  0.87849577  0.87849577
  0.90290522  0.90290522  0.92562647  0.92562647  0.94738014  0.94738014
  0.96774359  0.96774359  0.98654213  0.98654213  1.00438073  1.00438073
  1.02080511  1.02080511  1.03585797  1.03585797  1.0496882   1.0496882
  1.06237089  1.06237089]
localization_length: 0.7290342217371939
0.7201997652469174
W_list: [3.4000000000000004]
L_list: [23.046392487901358]
