W: 3.0
num_iter: 0
[-0.80529575 -0.80529575 -0.78599178 -0.78599178 -0.76190581 -0.76190581
 -0.73320878 -0.73320878 -0.70017228 -0.70017228 -0.66305215 -0.66305215
 -0.6217917  -0.6217917  -0.57615628 -0.57615628 -0.5255818  -0.5255818
 -0.47046023 -0.47046023 -0.4101519  -0.4101519  -0.34416427 -0.34416427
 -0.27361017 -0.27361017 -0.1983045  -0.1983045  -0.11834089 -0.11834089
 -0.03091047 -0.03091047  0.03091118  0.03091118  0.11833921  0.11833921
  0.1983077   0.1983077   0.2736145   0.2736145   0.34416615  0.34416615
  0.41015089  0.41015089  0.47046234  0.47046234  0.52557876  0.52557876
  0.57615686  0.57615686  0.62178901  0.62178901  0.66305181  0.66305181
  0.70017003  0.70017003  0.73320574  0.73320574  0.76190613  0.76190613
  0.78599443  0.78599443  0.80529403  0.80529403]
localization_length: 2.0219683261643353
2.0297566475177065
W_list: [3.0]
L_list: [32.4761063602833]
