Norm difference: 1.0
Norm difference: 1.0
1 1
1 2
1 3
2 1
2 2
2 3
3 1
3 2
3 3
1 1
1 2
1 3
2 1
2 2
2 3
3 1
3 2
3 3
1 1
1 2
1 3
2 1
2 2
2 3
3 1
3 2
3 3
1 1
1 2
1 3
2 1
2 2
2 3
3 1
3 2
3 3
1 1
1 2
1 3
2 1
2 2
2 3
3 1
3 2
3 3
1 1
1 2
1 3
2 1
2 2
2 3
3 1
3 2
3 3
1 1
1 2
1 3
2 1
2 2
2 3
3 1
3 2
3 3
1 1
1 2
1 3
2 1
2 2
2 3
3 1
3 2
3 3
1 1
1 2
1 3
2 1
2 2
2 3
3 1
3 2
3 3
1 1
1 2
1 3
2 1
2 2
2 3
3 1
3 2
3 3
1 1
1 2
1 3
2 1
2 2
2 3
3 1
3 2
3 3
1 1
1 2
1 3
2 1
2 2
2 3
3 1
3 2
3 3
1 1
1 2
1 3
2 1
2 2
2 3
3 1
3 2
3 3
1 1
1 2
1 3
2 1
2 2
2 3
3 1
3 2
3 3
1 1
1 2
1 3
2 1
2 2
2 3
3 1
3 2
3 3
1 1
1 2
1 3
2 1
2 2
2 3
3 1
3 2
3 3
1 1
1 2
1 3
2 1
2 2
2 3
3 1
3 2
3 3
1 1
1 2
1 3
2 1
2 2
2 3
3 1
3 2
3 3
1 1
1 2
1 3
2 1
2 2
2 3
3 1
3 2
3 3
1 1
1 2
1 3
2 1
2 2
2 3
3 1
3 2
3 3
1 1 1 0.013767014586793127
1 2 1 0.009972359854944083
1 3 1 0.011438594697896248
2 1 1 0.017161641178762545
2 2 1 0.008643859046738802
2 3 1 0.011905890621382323
3 1 1 0.012696633594389472
3 2 1 0.011341222442022358
3 3 1 0.014230591506264526
1 1 2 0.01222911329955502
1 2 2 0.011414525339340759
1 3 2 0.011891515052703765
2 1 2 0.009820064530623077
2 2 2 0.010023311924623211
2 3 2 0.01175518791716745
3 1 2 0.013151946032625655
3 2 2 0.009692295624741306
3 3 2 0.008505596867197894
1 1 3 0.01228469785388651
1 2 3 0.010090093029030441
1 3 3 0.0110836209098808
2 1 3 0.013531427532153015
2 2 3 0.009093917033438384
2 3 3 0.009761826871645379
3 1 3 0.0097325818325709
3 2 3 0.009793553496973266
3 3 3 0.006830652159953013
1 1 4 0.00928972303042181
1 2 4 0.012486107432032762
1 3 4 0.01090505637536444
2 1 4 0.0082026504149851
2 2 4 0.006608522215780424
2 3 4 0.007650194268129976
3 1 4 0.011460582860526498
3 2 4 0.008358980980606662
3 3 4 0.007430735720117194
1 1 5 0.011369244832850203
1 2 5 0.011424284774891156
1 3 5 0.012573984070982749
2 1 5 0.00912728771396724
2 2 5 0.01094007929068926
2 3 5 0.006242452826234842
3 1 5 0.007566724032565064
3 2 5 0.006106701788739932
3 3 5 0.007928538395320072
1 1 6 0.010765269243254726
1 2 6 0.008721051698209486
1 3 6 0.011080793734295926
2 1 6 0.006262346974504599
2 2 6 0.005615022202901975
2 3 6 0.009369947645882223
3 1 6 0.005681246587648639
3 2 6 0.007781244704685136
3 3 6 0.006445110752904744
1 1 7 0.010265657159734293
1 2 7 0.008379246168882474
1 3 7 0.008491791572050886
2 1 7 0.007056502671760824
2 2 7 0.00729026577504287
2 3 7 0.008115968625971071
3 1 7 0.005489070486712706
3 2 7 0.005326433054153609
3 3 7 0.006043120591990544
1 1 8 0.007284967743634173
1 2 8 0.006173747190511507
1 3 8 0.007076957545615654
2 1 8 0.009106904961285913
2 2 8 0.005927224997623084
2 3 8 0.00631997410779066
3 1 8 0.004519143305346852
3 2 8 0.005276289285394112
3 3 8 0.007356429342128668
1 1 9 0.005695063516526407
1 2 9 0.006248506541075396
1 3 9 0.005550769237088736
2 1 9 0.0034624148684748836
2 2 9 0.0037079250828553566
2 3 9 0.005347102557881837
3 1 9 0.0058102240757971855
3 2 9 0.005173077308755769
3 3 9 0.006187789157620647
1 1 10 0.004847357349563776
1 2 10 0.004557909208745569
1 3 10 0.004723365859724374
2 1 10 0.006242417954423217
2 2 10 0.0058813199093568375
2 3 10 0.0036939946536122203
3 1 10 0.004151647889553162
3 2 10 0.0035847653419145546
3 3 10 0.004012581575259209
1 1 11 0.002875457563730905
1 2 11 0.0029608543423661187
1 3 11 0.003363236854708694
2 1 11 0.004393852753734298
2 2 11 0.00323512218058626
2 3 11 0.00447705508458583
3 1 11 0.0054855622011430885
3 2 11 0.004913309011808943
3 3 11 0.0030168382141562886
1 1 12 0.003198646190766108
1 2 12 0.003575661224611335
1 3 12 0.0022309055818950504
2 1 12 0.002993824169819678
2 2 12 0.003435832391976843
2 3 12 0.0032028009814262307
3 1 12 0.004056688525187363
3 2 12 0.0029715774391761776
3 3 12 0.0028758714092679523
1 1 13 0.002029197805273754
1 2 13 0.0022165575595109134
1 3 13 0.0014298522121747276
2 1 13 0.0031752897162589363
2 2 13 0.0026774798849437025
2 3 13 0.0018096234983181296
3 1 13 0.0019934197909048726
3 2 13 0.0021804190416279427
3 3 13 0.0026072195308327467
1 1 14 0.0016626143218412537
1 2 14 0.0018565634895897523
1 3 14 0.0012764719352999093
2 1 14 0.00114304109708546
2 2 14 0.0013499502955400795
2 3 14 0.0011751785505854189
3 1 14 0.002198602216789206
3 2 14 0.0014018233741992024
3 3 14 0.0015842543997172623
1 1 15 0.001618734522143684
1 2 15 0.0013721492898235547
1 3 15 0.0011846195640425427
2 1 15 0.0015464158316301
2 2 15 0.002134075412138124
2 3 15 0.0008003963604668723
3 1 15 0.0016048092020254253
3 2 15 0.0015055591746288774
3 3 15 0.0006732765579034874
1 1 16 0.001008500683948171
1 2 16 0.0011870935152289296
1 3 16 0.000917970996127654
2 1 16 0.0013246336018254007
2 2 16 0.0010790892293469126
2 3 16 0.0010753542418173387
3 1 16 0.0007222810168270745
3 2 16 0.00159336016049514
3 3 16 0.0005835807152809047
1 1 17 0.0008268753858414444
1 2 17 0.0008889502478855255
1 3 17 0.0006117557705857723
2 1 17 0.0007715090248583748
2 2 17 0.001418187988960487
2 3 17 0.0009202436329458377
3 1 17 0.0008645621341036646
3 2 17 0.0013236059148621125
3 3 17 0.0011226905879337073
1 1 18 0.000610021461601545
1 2 18 0.0006023346475931928
1 3 18 0.0006350737648409086
2 1 18 0.0008414841466429266
2 2 18 0.0008286079228611815
2 3 18 0.00074219498645525
3 1 18 0.0007586320568564767
3 2 18 0.0008656358488371896
3 3 18 0.0010062741672527743
1 1 19 0.0005636669173705287
1 2 19 0.0006183597243772886
1 3 19 0.00046418316584053674
2 1 19 0.0005210970323341188
2 2 19 0.0006012693163635149
2 3 19 0.0006541072361100915
3 1 19 0.0006501840137428852
3 2 19 0.0007078942668204656
3 3 19 0.0005919746795824555
1 1 20 0.00043266032786084765
1 2 20 0.0004229520103219191
1 3 20 0.0004984347871829305
2 1 20 0.0005175699592711167
2 2 20 0.0005916245498701071
2 3 20 0.0003832185794680949
3 1 20 0.0004926738412947993
3 2 20 0.0004316617209919827
3 3 20 0.0004020711173738668
