Norm difference: 1.0
Norm difference: 1.0
1 1
1 2
2 1
2 2
1 1
1 2
2 1
2 2
1 1
1 2
2 1
2 2
1 1
1 2
2 1
2 2
1 1
1 2
2 1
2 2
1 1
1 2
2 1
2 2
1 1
1 2
2 1
2 2
1 1
1 2
2 1
2 2
1 1
1 2
2 1
2 2
1 1
1 2
2 1
2 2
1 1
1 2
2 1
2 2
1 1
1 2
2 1
2 2
1 1
1 2
2 1
2 2
1 1
1 2
2 1
2 2
1 1
1 2
2 1
2 2
1 1
1 2
2 1
2 2
1 1
1 2
2 1
2 2
1 1
1 2
2 1
2 2
1 1
1 2
2 1
2 2
1 1
1 2
2 1
2 2
1 1 1 0.01754883790332849
1 2 1 0.020729480181100143
2 1 1 0.011259343852563239
2 2 1 0.015359447383408673
1 1 2 0.009951715970451396
1 2 2 0.01544882121749827
2 1 2 0.01855233192953661
2 2 2 0.011719763174139428
1 1 3 0.012465545802066567
1 2 3 0.013526159077145447
2 1 3 0.012697836530162487
2 2 3 0.01015858334462252
1 1 4 0.011314436685514167
1 2 4 0.008492482239612884
2 1 4 0.00837918515940059
2 2 4 0.012589189566634426
1 1 5 0.008887006730702324
1 2 5 0.00976947338762495
2 1 5 0.006793898306071478
2 2 5 0.010192398734750936
1 1 6 0.006714390513713933
1 2 6 0.009060751961968044
2 1 6 0.007222391587968144
2 2 6 0.005723314402803537
1 1 7 0.006469435463266125
1 2 7 0.007155881429848329
2 1 7 0.007741256630072485
2 2 7 0.003511815931792464
1 1 8 0.006227700040923073
1 2 8 0.004705042873762679
2 1 8 0.004225441333445892
2 2 8 0.0040417715803825315
1 1 9 0.004021342386109084
1 2 9 0.0027049055608978924
2 1 9 0.002003356900392851
2 2 9 0.00472595716845905
1 1 10 0.0026972498987638148
1 2 10 0.0033603395391286323
2 1 10 0.002474711863842187
2 2 10 0.0028413217172882916
1 1 11 0.0017372945743235116
1 2 11 0.0023907846384863597
2 1 11 0.0020999375492069274
2 2 11 0.0016870099102637586
1 1 12 0.0013565791999127302
1 2 12 0.002000196003506204
2 1 12 0.0016916583006727874
2 2 12 0.0017329067475274642
1 1 13 0.001451696435078279
1 2 13 0.0015384015318184573
2 1 13 0.0008708912384932535
2 2 13 0.0012961912918002976
1 1 14 0.001165240955593417
1 2 14 0.0009345591403624488
2 1 14 0.0010009394742358884
2 2 14 0.0010342298183134684
1 1 15 0.0009032270693714424
1 2 15 0.0007051335679506795
2 1 15 0.000807910986505485
2 2 15 0.0006556299709179243
1 1 16 0.0005970778101597304
1 2 16 0.0005958797812825288
2 1 16 0.0007748772393278775
2 2 16 0.0004526217538289044
1 1 17 0.0005024761725562648
1 2 17 0.0004359576457542825
2 1 17 0.000461195902274243
2 2 17 0.0005277962103617807
1 1 18 0.00045614527402068687
1 2 18 0.0004390600222682127
2 1 18 0.0003554736913078353
2 2 18 0.00047302207853338165
1 1 19 0.00031832549263206085
1 2 19 0.0004569876564643657
2 1 19 0.00026357420853790323
2 2 19 0.00027447450060854363
1 1 20 0.000278507084686425
1 2 20 0.0003005953826821795
2 1 20 0.00031407032155067384
2 2 20 0.00018871208274866296
