Norm difference: 0.9999999999999999
Norm difference: 1.0
1 1
1 2
1 3
2 1
2 2
2 3
3 1
3 2
3 3
1 1
1 2
1 3
2 1
2 2
2 3
3 1
3 2
3 3
1 1
1 2
1 3
2 1
2 2
2 3
3 1
3 2
3 3
1 1
1 2
1 3
2 1
2 2
2 3
3 1
3 2
3 3
1 1
1 2
1 3
2 1
2 2
2 3
3 1
3 2
3 3
1 1
1 2
1 3
2 1
2 2
2 3
3 1
3 2
3 3
1 1
1 2
1 3
2 1
2 2
2 3
3 1
3 2
3 3
1 1
1 2
1 3
2 1
2 2
2 3
3 1
3 2
3 3
1 1
1 2
1 3
2 1
2 2
2 3
3 1
3 2
3 3
1 1
1 2
1 3
2 1
2 2
2 3
3 1
3 2
3 3
1 1
1 2
1 3
2 1
2 2
2 3
3 1
3 2
3 3
1 1
1 2
1 3
2 1
2 2
2 3
3 1
3 2
3 3
1 1
1 2
1 3
2 1
2 2
2 3
3 1
3 2
3 3
1 1
1 2
1 3
2 1
2 2
2 3
3 1
3 2
3 3
1 1
1 2
1 3
2 1
2 2
2 3
3 1
3 2
3 3
1 1
1 2
1 3
2 1
2 2
2 3
3 1
3 2
3 3
1 1
1 2
1 3
2 1
2 2
2 3
3 1
3 2
3 3
1 1
1 2
1 3
2 1
2 2
2 3
3 1
3 2
3 3
1 1
1 2
1 3
2 1
2 2
2 3
3 1
3 2
3 3
1 1
1 2
1 3
2 1
2 2
2 3
3 1
3 2
3 3
1 1 1 0.0062495972781272755
1 2 1 0.006189710002713786
1 3 1 0.00606404297630697
2 1 1 0.00478976512611934
2 2 1 0.0049460615468461784
2 3 1 0.004917244844522514
3 1 1 0.00487665044727607
3 2 1 0.007077910861848048
3 3 1 0.005264459598030752
1 1 2 0.003543200274823688
1 2 2 0.006012015333488661
1 3 2 0.0055404487741119
2 1 2 0.004986867319058259
2 2 2 0.005148775742336643
2 3 2 0.007119082724446271
3 1 2 0.006700031747817597
3 2 2 0.0070302708941780935
3 3 2 0.010321933917514717
1 1 3 0.003419325692757749
1 2 3 0.003022618179286498
1 3 3 0.003548958661974738
2 1 3 0.005047370996845158
2 2 3 0.005326503058419416
2 3 3 0.003596033020672713
3 1 3 0.00573748247720574
3 2 3 0.005163615940532209
3 3 3 0.004331821246321129
1 1 4 0.00324635923341626
1 2 4 0.002457921046625457
1 3 4 0.003296937842406892
2 1 4 0.005339206352638552
2 2 4 0.0030772043584074526
2 3 4 0.003985091607879137
3 1 4 0.007306862746943241
3 2 4 0.003231396170310794
3 3 4 0.006324465457736754
1 1 5 0.0027500723984682355
1 2 5 0.003235903740205415
1 3 5 0.0030362944031856478
2 1 5 0.0026239576579843264
2 2 5 0.00468184247687743
2 3 5 0.0034392481523843332
3 1 5 0.00430887943839513
3 2 5 0.006010243393645186
3 3 5 0.0043390898698723365
1 1 6 0.003721483114030555
1 2 6 0.0017531981714116382
1 3 6 0.002700601739713806
2 1 6 0.0018342349671159892
2 2 6 0.002329093777000568
2 3 6 0.002982914511347338
3 1 6 0.003408994578492209
3 2 6 0.003387661373750674
3 3 6 0.0041775157216875775
1 1 7 0.002659607146090083
1 2 7 0.0018715720722884612
1 3 7 0.002418023243186016
2 1 7 0.0020175388156858354
2 2 7 0.0024751937049839997
2 3 7 0.001997891739517798
3 1 7 0.002988872864222461
3 2 7 0.002362411539944788
3 3 7 0.0029575579735765796
1 1 8 0.0022598520672856256
1 2 8 0.0020278157209665227
1 3 8 0.002075455712132324
2 1 8 0.00142890115800406
2 2 8 0.0016474298016600111
2 3 8 0.0017342892665348961
3 1 8 0.0019716095667214363
3 2 8 0.0021370049693993838
3 3 8 0.002475921806237408
1 1 9 0.001734477930415029
1 2 9 0.001226320895134418
1 3 9 0.0013959480181986602
2 1 9 0.001808055536556149
2 2 9 0.0013955049582916243
2 3 9 0.0013044975904112758
3 1 9 0.0025550088514608117
3 2 9 0.0020691594883829436
3 3 9 0.0017739079486421931
1 1 10 0.0010294716825398024
1 2 10 0.0014183582409145227
1 3 10 0.0012846101802855617
2 1 10 0.0011240010447551778
2 2 10 0.0011407115063106008
2 3 10 0.0011516616263116861
3 1 10 0.0016623742236554755
3 2 10 0.0012686684652406925
3 3 10 0.0014708950897298271
1 1 11 0.001221227694672725
1 2 11 0.0012349785887972144
1 3 11 0.0013667794771578192
2 1 11 0.0013023475423370539
2 2 11 0.0008024864767771837
2 3 11 0.001218207667705167
3 1 11 0.0017614813666315863
3 2 11 0.0012515434663609639
3 3 11 0.0019016404700506954
1 1 12 0.00125976658217003
1 2 12 0.0012711128621132424
1 3 12 0.0012970710096077704
2 1 12 0.0009610911733500995
2 2 12 0.0008701741789765212
2 3 12 0.0007492779677561331
3 1 12 0.0013798946022223826
3 2 12 0.0013800778052403808
3 3 12 0.001435345902092067
1 1 13 0.0009253483919847493
1 2 13 0.001217347441039237
1 3 13 0.0013567923152342227
2 1 13 0.0005723777489647964
2 2 13 0.0005657765975599954
2 3 13 0.0006434499719064821
3 1 13 0.0009739889172168406
3 2 13 0.0010426009212304503
3 3 13 0.0011867173992497436
1 1 14 0.0009120167103722338
1 2 14 0.0013947097696235546
1 3 14 0.0010764674489078326
2 1 14 0.00044598558733814186
2 2 14 0.000589805700555229
2 3 14 0.0006614203470321744
3 1 14 0.0008439151532916745
3 2 14 0.0011649654642659313
3 3 14 0.0010952248540899742
1 1 15 0.0009597276709458043
1 2 15 0.0012170004338559934
1 3 15 0.0008974726672876168
2 1 15 0.000528891769506795
2 2 15 0.0004872262345556346
2 3 15 0.00047465030978798126
3 1 15 0.0009368208123543686
3 2 15 0.0009910425950242028
3 3 15 0.0007437080277584337
1 1 16 0.0011149070070146465
1 2 16 0.0010362919984759958
1 3 16 0.000786255015887735
2 1 16 0.00042451505649493437
2 2 16 0.0004572826812961054
2 3 16 0.0006008404105382547
3 1 16 0.0009935537657121889
3 2 16 0.0009018523095151813
3 3 16 0.0006669536766190247
1 1 17 0.000734184267718663
1 2 17 0.0010209398794176472
1 3 17 0.0010037482988930237
2 1 17 0.0002677146481868905
2 2 17 0.0005040169601809994
2 3 17 0.0006245202205417405
3 1 17 0.0006255632242015553
3 2 17 0.0008845516139344867
3 3 17 0.0010253332295265148
1 1 18 0.0005514558746251552
1 2 18 0.0011692149066974168
1 3 18 0.0012199602098971704
2 1 18 0.00033076349284524235
2 2 18 0.0005019399105269026
2 3 18 0.0004657873197101251
3 1 18 0.00044044042832092815
3 2 18 0.0009469387334978468
3 3 18 0.0010590916361733092
1 1 19 0.0005756954063907558
1 2 19 0.001094329475414779
1 3 19 0.0008215693164301688
2 1 19 0.00041452588744783956
2 2 19 0.0004442036618617829
2 3 19 0.00029510073669896997
3 1 19 0.0004641313348254572
3 2 19 0.0009731716656408904
3 3 19 0.0006293187889869153
1 1 20 0.0006571869276521576
1 2 20 0.0009700675230144612
1 3 20 0.0007280892647221011
2 1 20 0.000266472836868588
2 2 20 0.0003606626130030534
2 3 20 0.00042999627751291963
3 1 20 0.00039040386711862256
3 2 20 0.0007607144632536107
3 3 20 0.000619703663023583
