Norm difference: 1.0
Norm difference: 1.0
1 1
1 2
2 1
2 2
1 1
1 2
2 1
2 2
1 1
1 2
2 1
2 2
1 1
1 2
2 1
2 2
1 1
1 2
2 1
2 2
1 1
1 2
2 1
2 2
1 1
1 2
2 1
2 2
1 1
1 2
2 1
2 2
1 1
1 2
2 1
2 2
1 1
1 2
2 1
2 2
1 1
1 2
2 1
2 2
1 1
1 2
2 1
2 2
1 1
1 2
2 1
2 2
1 1
1 2
2 1
2 2
1 1
1 2
2 1
2 2
1 1
1 2
2 1
2 2
1 1
1 2
2 1
2 2
1 1
1 2
2 1
2 2
1 1
1 2
2 1
2 2
1 1
1 2
2 1
2 2
1 1 1 0.01349979629937344
1 2 1 0.010960018933219209
2 1 1 0.013678888307939962
2 2 1 0.008750931643644705
1 1 2 0.013212163692324693
1 2 2 0.014338503829963267
2 1 2 0.011664437061043935
2 2 2 0.00875041335779137
1 1 3 0.015930695799610015
1 2 3 0.010700397347874617
2 1 3 0.009879590308426047
2 2 3 0.008217148989644521
1 1 4 0.013628187565151658
1 2 4 0.010599433631277057
2 1 4 0.008351718884021857
2 2 4 0.00936502998882682
1 1 5 0.012527572184249353
1 2 5 0.011315643924788241
2 1 5 0.010300485913049075
2 2 5 0.009526983765328236
1 1 6 0.012230638970884191
1 2 6 0.012196205745914812
2 1 6 0.010272092509358293
2 2 6 0.006422238056612161
1 1 7 0.01214801836105885
1 2 7 0.012076460235176289
2 1 7 0.008682079268029386
2 2 7 0.009175055442472404
1 1 8 0.01246725248837569
1 2 8 0.012707531008021763
2 1 8 0.00824242885985435
2 2 8 0.009721771975940496
1 1 9 0.012365386191917262
1 2 9 0.011644034271190486
2 1 9 0.007824190130052516
2 2 9 0.009119478123857673
1 1 10 0.012104235041030562
1 2 10 0.012012136356107584
2 1 10 0.010815472870852612
2 2 10 0.007878525099803824
1 1 11 0.011008713903751282
1 2 11 0.010588674512950872
2 1 11 0.0073958253737225425
2 2 11 0.008041542118584103
1 1 12 0.011294546513136066
1 2 12 0.009030396560265231
2 1 12 0.007537487244387603
2 2 12 0.0084649063257901
1 1 13 0.010545666480588963
1 2 13 0.009728217983788898
2 1 13 0.008024915748570473
2 2 13 0.006202430901910734
1 1 14 0.009156530873504114
1 2 14 0.00769414641788863
2 1 14 0.007014966947795145
2 2 14 0.005905370960099405
1 1 15 0.00801810300931532
1 2 15 0.006723379027240671
2 1 15 0.0063851421995964235
2 2 15 0.005636660159652965
1 1 16 0.007295297462723048
1 2 16 0.006981435522399415
2 1 16 0.0047518673444761255
2 2 16 0.005154836214590337
1 1 17 0.006099112193221864
1 2 17 0.005753436160728919
2 1 17 0.005144904560386207
2 2 17 0.0046951514060423515
1 1 18 0.005504548670685819
1 2 18 0.00597565182456673
2 1 18 0.004183792255457115
2 2 18 0.003927032858202698
1 1 19 0.004992743773907931
1 2 19 0.005790405692231391
2 1 19 0.0040277259828259485
2 2 19 0.0038648317742702018
1 1 20 0.004863876864636215
1 2 20 0.0049502002936294125
2 1 20 0.0033923850590925593
2 2 20 0.0036097479721084605
