[-2.41421356 -1.         -1.         -0.41421356  0.41421356  1.
  1.          2.41421356]
W: 3.4
num_iter: 0
[-0.78072393 -0.62790138 -0.444464   -0.24012755  0.24012348  0.44446115
  0.62790742  0.78072481]
localization_length: 1.0411310161361613
1.0373972119728396
num_iter: 1
[-0.78037224 -0.62624626 -0.44638846 -0.23795515  0.23795071  0.44638938
  0.6262505   0.78037151]
localization_length: 1.0506377596528835
1.0537983774537651
num_iter: 2
[-0.78173509 -0.62979201 -0.44558325 -0.23856704  0.23857183  0.44557637
  0.62978876  0.78174042]
localization_length: 1.0479234619568936
1.0502477358906521
W_list: [3.4]
L_list: [1.0471477751057523]
[-2.41421356 -1.         -1.         -0.41421356  0.41421356  1.
  1.          2.41421356]
W: 3.4
num_iter: 0
[-0.78117014 -0.62770247 -0.44440622 -0.23889713  0.2389      0.44440715
  0.62769948  0.78116933]
localization_length: 1.0464755246352362
1.0494068752721306
num_iter: 1
[-0.78029228 -0.62806695 -0.44399389 -0.23944312  0.23944267  0.44400178
  0.62805774  0.78029405]
localization_length: 1.0440912495105592
1.0534642122964175
num_iter: 2
[-0.78120859 -0.62819064 -0.44492294 -0.23919913  0.239202    0.44490853
  0.62819042  0.78122036]
localization_length: 1.0451543006623747
1.0489680807673791
W_list: [3.4]
L_list: [1.0506130561119758]
