Norm difference: 1.0
Norm difference: 1.0
1 1
1 2
1 3
2 1
2 2
2 3
3 1
3 2
3 3
1 1
1 2
1 3
2 1
2 2
2 3
3 1
3 2
3 3
1 1
1 2
1 3
2 1
2 2
2 3
3 1
3 2
3 3
1 1
1 2
1 3
2 1
2 2
2 3
3 1
3 2
3 3
1 1
1 2
1 3
2 1
2 2
2 3
3 1
3 2
3 3
1 1
1 2
1 3
2 1
2 2
2 3
3 1
3 2
3 3
1 1
1 2
1 3
2 1
2 2
2 3
3 1
3 2
3 3
1 1
1 2
1 3
2 1
2 2
2 3
3 1
3 2
3 3
1 1
1 2
1 3
2 1
2 2
2 3
3 1
3 2
3 3
1 1
1 2
1 3
2 1
2 2
2 3
3 1
3 2
3 3
1 1
1 2
1 3
2 1
2 2
2 3
3 1
3 2
3 3
1 1
1 2
1 3
2 1
2 2
2 3
3 1
3 2
3 3
1 1
1 2
1 3
2 1
2 2
2 3
3 1
3 2
3 3
1 1
1 2
1 3
2 1
2 2
2 3
3 1
3 2
3 3
1 1
1 2
1 3
2 1
2 2
2 3
3 1
3 2
3 3
1 1
1 2
1 3
2 1
2 2
2 3
3 1
3 2
3 3
1 1
1 2
1 3
2 1
2 2
2 3
3 1
3 2
3 3
1 1
1 2
1 3
2 1
2 2
2 3
3 1
3 2
3 3
1 1
1 2
1 3
2 1
2 2
2 3
3 1
3 2
3 3
1 1
1 2
1 3
2 1
2 2
2 3
3 1
3 2
3 3
1 1 1 0.004815803684926692
1 2 1 0.004903555512623359
1 3 1 0.004964017562610145
2 1 1 0.00577191521778248
2 2 1 0.004371878083284669
2 3 1 0.0046211575496507935
3 1 1 0.00604069154927227
3 2 1 0.004619178894664578
3 3 1 0.004802445120561554
1 1 2 0.007236550624085318
1 2 2 0.005185152179960973
1 3 2 0.0054761141922171335
2 1 2 0.006106693560201675
2 2 2 0.004103117686040296
2 3 2 0.004366976222807133
3 1 2 0.005538799853874076
3 2 2 0.0034228949309128855
3 3 2 0.004223474673363151
1 1 3 0.005158727109824306
1 2 3 0.00394612278427565
1 3 3 0.004332826086780323
2 1 3 0.005189818338689339
2 2 3 0.0033693297637266985
2 3 3 0.003426093123731085
3 1 3 0.004975010485947776
3 2 3 0.004253710636925982
3 3 3 0.004144154920141231
1 1 4 0.006280348509794366
1 2 4 0.004525557423984326
1 3 4 0.005274127417774337
2 1 4 0.005132384849544561
2 2 4 0.004440167556782402
2 3 4 0.004785214695056999
3 1 4 0.004716679823436493
3 2 4 0.0038815722216319418
3 3 4 0.004300912717149966
1 1 5 0.004884697943633248
1 2 5 0.003905294230626824
1 3 5 0.003855093013579107
2 1 5 0.00461983282339317
2 2 5 0.003557730755507143
2 3 5 0.00371252683602264
3 1 5 0.005885770080773461
3 2 5 0.0027368760872877136
3 3 5 0.004459230483615807
1 1 6 0.006033859768553822
1 2 6 0.003995687088400099
1 3 6 0.00509106688714409
2 1 6 0.005111614425734069
2 2 6 0.003061740831876933
2 3 6 0.0036123932075815086
3 1 6 0.004561988024333702
3 2 6 0.003485296816558816
3 3 6 0.0030379085450602
1 1 7 0.004549083257625065
1 2 7 0.0038481095997180887
1 3 7 0.0049253651622347214
2 1 7 0.004465420916951223
2 2 7 0.0029071225128274557
2 3 7 0.004142438681636696
3 1 7 0.004302049928308223
3 2 7 0.0032126794769411376
3 3 7 0.004686169629765979
1 1 8 0.0048489191773648166
1 2 8 0.00401200732513342
1 3 8 0.005058346430083043
2 1 8 0.003588822491430138
2 2 8 0.0033564293586832196
2 3 8 0.0052754808131665765
3 1 8 0.004730982091577044
3 2 8 0.003231152444031564
3 3 8 0.0050994877417357325
1 1 9 0.0048513288128959565
1 2 9 0.002814762010993568
1 3 9 0.0043780952688004336
2 1 9 0.0043048180051342725
2 2 9 0.0032053950175075186
2 3 9 0.004782721343675953
3 1 9 0.0044094762805460975
3 2 9 0.004196499571136839
3 3 9 0.004542032602494868
1 1 10 0.005021253138188001
1 2 10 0.003787099412966359
1 3 10 0.004635413500174561
2 1 10 0.005105127126004831
2 2 10 0.0032999638628596105
2 3 10 0.003827256008250511
3 1 10 0.005265833941352895
3 2 10 0.0028706568916046903
3 3 10 0.004739905780695873
1 1 11 0.004504147426078487
1 2 11 0.0027937691723738775
1 3 11 0.004748615789468115
2 1 11 0.003931481728401781
2 2 11 0.003251034516407537
2 3 11 0.0031972038221086616
3 1 11 0.004062211659964544
3 2 11 0.004144629435315723
3 3 11 0.004892605401572122
1 1 12 0.005351085425190382
1 2 12 0.0036316964973066037
1 3 12 0.004929351150059189
2 1 12 0.00445949484783258
2 2 12 0.002880119629257349
2 3 12 0.0039474429914124224
3 1 12 0.0032293455292034647
3 2 12 0.0034617084115779856
3 3 12 0.004686703160469886
1 1 13 0.004097833638349813
1 2 13 0.0037089760144462395
1 3 13 0.005470631118737209
2 1 13 0.004609120082616858
2 2 13 0.0031311438639545926
2 3 13 0.003717710066681839
3 1 13 0.005393933050404405
3 2 13 0.004116183161416496
3 3 13 0.0035878688941441686
1 1 14 0.004836599655899878
1 2 14 0.0041144783436772815
1 3 14 0.005353611802672952
2 1 14 0.004168595754639983
2 2 14 0.003235002755519853
2 3 14 0.004072522705789459
3 1 14 0.0039474381834202
3 2 14 0.003148465832460117
3 3 14 0.0036024856658210085
1 1 15 0.004399051742576663
1 2 15 0.0042380611956553006
1 3 15 0.004117670628048004
2 1 15 0.003973776286099077
2 2 15 0.0036086291123640047
2 3 15 0.004515673459370889
3 1 15 0.003741287710686096
3 2 15 0.003906380614390059
3 3 15 0.004448787621196442
1 1 16 0.004451564756222022
1 2 16 0.003926438149939055
1 3 16 0.004726351383816204
2 1 16 0.0031354947476928
2 2 16 0.0029838198732262547
2 3 16 0.004825521693867215
3 1 16 0.003736283137853739
3 2 16 0.0038674827664046804
3 3 16 0.005202785247206592
1 1 17 0.004551327086838459
1 2 17 0.004798216745985881
1 3 17 0.00428679541981109
2 1 17 0.004161339177244745
2 2 17 0.003807000419980873
2 3 17 0.004010742456533237
3 1 17 0.004057854168891434
3 2 17 0.003846333438582162
3 3 17 0.004642747864701593
1 1 18 0.003802391426572261
1 2 18 0.003814836902528395
1 3 18 0.004739047056057738
2 1 18 0.004288835921520325
2 2 18 0.00368498357873608
2 3 18 0.004022953270793322
3 1 18 0.004086309556048226
3 2 18 0.004576765660361707
3 3 18 0.004244354953817714
1 1 19 0.0048301944165876146
1 2 19 0.00499057777277104
1 3 19 0.004538842612003562
2 1 19 0.00347458024969338
2 2 19 0.003913585821894239
2 3 19 0.004817079968602453
3 1 19 0.0034644643117248226
3 2 19 0.00339490998148819
3 3 19 0.004469299938692876
1 1 20 0.003953897473057781
1 2 20 0.004939308965871735
1 3 20 0.005087728470338699
2 1 20 0.0032886982195185982
2 2 20 0.004065129817061977
2 3 20 0.004644301637829381
3 1 20 0.003087373169246718
3 2 20 0.004230336754500607
3 3 20 0.00430581243019036
