Norm difference: 1.0
Norm difference: 0.9999999999999999
1 1
1 2
1 3
2 1
2 2
2 3
3 1
3 2
3 3
1 1
1 2
1 3
2 1
2 2
2 3
3 1
3 2
3 3
1 1
1 2
1 3
2 1
2 2
2 3
3 1
3 2
3 3
1 1
1 2
1 3
2 1
2 2
2 3
3 1
3 2
3 3
1 1
1 2
1 3
2 1
2 2
2 3
3 1
3 2
3 3
1 1
1 2
1 3
2 1
2 2
2 3
3 1
3 2
3 3
1 1
1 2
1 3
2 1
2 2
2 3
3 1
3 2
3 3
1 1
1 2
1 3
2 1
2 2
2 3
3 1
3 2
3 3
1 1
1 2
1 3
2 1
2 2
2 3
3 1
3 2
3 3
1 1
1 2
1 3
2 1
2 2
2 3
3 1
3 2
3 3
1 1
1 2
1 3
2 1
2 2
2 3
3 1
3 2
3 3
1 1
1 2
1 3
2 1
2 2
2 3
3 1
3 2
3 3
1 1
1 2
1 3
2 1
2 2
2 3
3 1
3 2
3 3
1 1
1 2
1 3
2 1
2 2
2 3
3 1
3 2
3 3
1 1
1 2
1 3
2 1
2 2
2 3
3 1
3 2
3 3
1 1
1 2
1 3
2 1
2 2
2 3
3 1
3 2
3 3
1 1
1 2
1 3
2 1
2 2
2 3
3 1
3 2
3 3
1 1
1 2
1 3
2 1
2 2
2 3
3 1
3 2
3 3
1 1
1 2
1 3
2 1
2 2
2 3
3 1
3 2
3 3
1 1
1 2
1 3
2 1
2 2
2 3
3 1
3 2
3 3
1 1 1 0.0164377457617882
1 2 1 0.014409695712095943
1 3 1 0.007550606241722465
2 1 1 0.012738640512741664
2 2 1 0.012753556137108657
2 3 1 0.006949522157466382
3 1 1 0.008624029535831456
3 2 1 0.009693901399925571
3 3 1 0.006382950405270904
1 1 2 0.013068007225257064
1 2 2 0.013662218409278523
1 3 2 0.007832351334503256
2 1 2 0.013303550752811491
2 2 2 0.011631168114371454
2 3 2 0.005942586100922475
3 1 2 0.011649546433352215
3 2 2 0.011148485361099945
3 3 2 0.0054069120009632345
1 1 3 0.013726670128799714
1 2 3 0.012968286925693759
1 3 3 0.009219657559864671
2 1 3 0.01311690926998375
2 2 3 0.011570836192409778
2 3 3 0.01140426694092605
3 1 3 0.010126993514103776
3 2 3 0.00664820245812609
3 3 3 0.007862933796518142
1 1 4 0.01245418770050162
1 2 4 0.00919366814523476
1 3 4 0.01247337033312376
2 1 4 0.010038378436708824
2 2 4 0.008877638453859431
2 3 4 0.008610194439991708
3 1 4 0.008348893326345185
3 2 4 0.006165558057378908
3 3 4 0.006116243014468037
1 1 5 0.011523147205812486
1 2 5 0.008827762283440765
1 3 5 0.011439826492677906
2 1 5 0.006872515279652427
2 2 5 0.0064284435581488135
2 3 5 0.007116925261714378
3 1 5 0.006701849272131094
3 2 5 0.00576792483793563
3 3 5 0.005338835689705314
1 1 6 0.010022398629672512
1 2 6 0.007599982788844675
1 3 6 0.009560971152040628
2 1 6 0.007562636272864194
2 2 6 0.005215619658418435
2 3 6 0.007854625941337408
3 1 6 0.0059999432019905005
3 2 6 0.0036624686123318214
3 3 6 0.006555116603567844
1 1 7 0.008499128070773947
1 2 7 0.00672758716199025
1 3 7 0.00832782822801945
2 1 7 0.005720169927347842
2 2 7 0.004168476343945192
2 3 7 0.006955921775983975
3 1 7 0.003605002811979409
3 2 7 0.003153048784761414
3 3 7 0.00542889227121458
1 1 8 0.0069829867243261234
1 2 8 0.006069792049322965
1 3 8 0.006613633715366491
2 1 8 0.005300465068364549
2 2 8 0.0039853084187690254
2 3 8 0.005187299353410175
3 1 8 0.0035951415701639135
3 2 8 0.002532041824825457
3 3 8 0.003542246330971173
1 1 9 0.008551977181790566
1 2 9 0.005628109939102352
1 3 9 0.0063027336801939355
2 1 9 0.005322691525801673
2 2 9 0.004094544484319696
2 3 9 0.0035899606706264534
3 1 9 0.004155750648622244
3 2 9 0.0023844755382968646
3 3 9 0.0033142415758000386
1 1 10 0.00896966831123299
1 2 10 0.005787936510671295
1 3 10 0.006003865782147915
2 1 10 0.005923715603442054
2 2 10 0.003917602955660943
2 3 10 0.004960893774887457
3 1 10 0.004202481574239101
3 2 10 0.0031046455949313126
3 3 10 0.003512192479500599
1 1 11 0.007828742859216855
1 2 11 0.005943429479515913
1 3 11 0.006338220397113912
2 1 11 0.005366205685232523
2 2 11 0.003915312798645988
2 3 11 0.003729244350214386
3 1 11 0.003882640168413945
3 2 11 0.0030635913135562006
3 3 11 0.0026873838771678833
1 1 12 0.00716560021346987
1 2 12 0.00639757454986358
1 3 12 0.006708532657425423
2 1 12 0.00426726612651856
2 2 12 0.004928995911579307
2 3 12 0.005387586901639698
3 1 12 0.00503391144742719
3 2 12 0.0038236951654277555
3 3 12 0.0029079653913677748
1 1 13 0.00673395857887846
1 2 13 0.0066803826825288775
1 3 13 0.006869326331910119
2 1 13 0.004676158334883917
2 2 13 0.003509500564826609
2 3 13 0.003849579514384035
3 1 13 0.004949667684988281
3 2 13 0.003284162866608853
3 3 13 0.0037830391314239075
1 1 14 0.0061860636425403685
1 2 14 0.005530505797238043
1 3 14 0.0070297984838173485
2 1 14 0.00464259736689609
2 2 14 0.004357587944328048
2 3 14 0.004631631837457821
3 1 14 0.004150470634033557
3 2 14 0.003345341564205355
3 3 14 0.00325649208786413
1 1 15 0.005981532056114866
1 2 15 0.006680118038467122
1 3 15 0.006387274533059708
2 1 15 0.004619163688049778
2 2 15 0.005060660509680209
2 3 15 0.004718611459958116
3 1 15 0.0035214265418332183
3 2 15 0.004152887823518513
3 3 15 0.003976195102860734
1 1 16 0.005222600799687041
1 2 16 0.007263805702362953
1 3 16 0.005800865746557036
2 1 16 0.00344436369364564
2 2 16 0.004468507981430157
2 3 16 0.003045419548991788
3 1 16 0.003429194675079743
3 2 16 0.003404026175668542
3 3 16 0.0026127155509125554
1 1 17 0.0058410698837600555
1 2 17 0.005426672373389481
1 3 17 0.004174017258806993
2 1 17 0.003981917154656079
2 2 17 0.0039199001217041386
2 3 17 0.004206496487976571
3 1 17 0.0032731930220009204
3 2 17 0.0033105546012989783
3 3 17 0.0038987825787953428
1 1 18 0.006204193516978689
1 2 18 0.005982412818274735
1 3 18 0.005215713051266129
2 1 18 0.00396858844778185
2 2 18 0.004374609131174763
2 3 18 0.002602234382617372
3 1 18 0.003714922663889844
3 2 18 0.0037320395610656713
3 3 18 0.002649254890437999
1 1 19 0.005628052890424402
1 2 19 0.007586295382072121
1 3 19 0.004105434680088529
2 1 19 0.003159986910523778
2 2 19 0.0055254879788075
2 3 19 0.0036564218686333944
3 1 19 0.002614969233086796
3 2 19 0.0041992419244172696
3 3 19 0.003030162945010165
1 1 20 0.0042766785929067965
1 2 20 0.007067769256697205
1 3 20 0.004495029315547879
2 1 20 0.003916516257417941
2 2 20 0.0038496845848207998
2 3 20 0.0027196756241446647
3 1 20 0.003374070629416527
3 2 20 0.0028785319319320573
3 3 20 0.0024505694746360367
