Norm difference: 0.9999999999999999
Norm difference: 1.0
1 1
1 2
2 1
2 2
1 1
1 2
2 1
2 2
1 1
1 2
2 1
2 2
1 1
1 2
2 1
2 2
1 1
1 2
2 1
2 2
1 1
1 2
2 1
2 2
1 1
1 2
2 1
2 2
1 1
1 2
2 1
2 2
1 1
1 2
2 1
2 2
1 1
1 2
2 1
2 2
1 1
1 2
2 1
2 2
1 1
1 2
2 1
2 2
1 1
1 2
2 1
2 2
1 1
1 2
2 1
2 2
1 1
1 2
2 1
2 2
1 1
1 2
2 1
2 2
1 1
1 2
2 1
2 2
1 1
1 2
2 1
2 2
1 1
1 2
2 1
2 2
1 1
1 2
2 1
2 2
1 1 1 0.009323081314376836
1 2 1 0.01710689397779879
2 1 1 0.014882699104281282
2 2 1 0.01292935225035936
1 1 2 0.012771628374086769
1 2 2 0.01453952904238603
2 1 2 0.013048571021959282
2 2 2 0.014575341149259558
1 1 3 0.009482046848355666
1 2 3 0.01201107218223449
2 1 3 0.009113569116531267
2 2 3 0.013910887035543912
1 1 4 0.010280021587369754
1 2 4 0.010851353407037518
2 1 4 0.009754522044605108
2 2 4 0.011275112028328161
1 1 5 0.009060921912408924
1 2 5 0.009586535276156672
2 1 5 0.007323146325776046
2 2 5 0.009770877825752809
1 1 6 0.009123057148183625
1 2 6 0.008215081808701159
2 1 6 0.004546869953047381
2 2 6 0.009711184250096958
1 1 7 0.004822173246483038
1 2 7 0.009670343410086683
2 1 7 0.00636865588501819
2 2 7 0.00619438564500865
1 1 8 0.005461093055570657
1 2 8 0.008026497986911863
2 1 8 0.004968092947706273
2 2 8 0.004838165096667855
1 1 9 0.003339984478310243
1 2 9 0.0060054294547508
2 1 9 0.003750031991545391
2 2 9 0.005879788844469531
1 1 10 0.0032581549728082438
1 2 10 0.004947304134384521
2 1 10 0.002661618061501823
2 2 10 0.004487496326674621
1 1 11 0.0028926310541622603
1 2 11 0.004242136841490043
2 1 11 0.002056168339802219
2 2 11 0.0026970577820526003
1 1 12 0.002467125635675998
1 2 12 0.002648631192880839
2 1 12 0.002027141180538353
2 2 12 0.0028462985851220373
1 1 13 0.0013718038432297506
1 2 13 0.002425772074452976
2 1 13 0.0014978458177406975
2 2 13 0.0017333510717766735
1 1 14 0.0013826833154062803
1 2 14 0.002077914766560405
2 1 14 0.0012924347004891327
2 2 14 0.001623154058812952
1 1 15 0.0010730629229159644
1 2 15 0.0011485635187215022
2 1 15 0.0009913803251185244
2 2 15 0.0013464962629950467
1 1 16 0.0009110708662784973
1 2 16 0.001057090813851489
2 1 16 0.0007250002840675054
2 2 16 0.0009289979848285399
1 1 17 0.0007528034447537317
1 2 17 0.0007982464721164612
2 1 17 0.0003837244997754657
2 2 17 0.0008928751211667235
1 1 18 0.0005792024854048116
1 2 18 0.0007087167297181483
2 1 18 0.0005220758794822365
2 2 18 0.0005913411408579572
1 1 19 0.0002977693110769825
1 2 19 0.0005723201193891445
2 1 19 0.0004541490317750196
2 2 19 0.00040334216991787665
1 1 20 0.00030525575353905677
1 2 20 0.0004533659428121754
2 1 20 0.0002495236405006641
2 2 20 0.00045942904618983497
