Norm difference: 0.9999999999999999
Norm difference: 1.0
1 1
1 2
1 3
2 1
2 2
2 3
3 1
3 2
3 3
1 1
1 2
1 3
2 1
2 2
2 3
3 1
3 2
3 3
1 1
1 2
1 3
2 1
2 2
2 3
3 1
3 2
3 3
1 1
1 2
1 3
2 1
2 2
2 3
3 1
3 2
3 3
1 1
1 2
1 3
2 1
2 2
2 3
3 1
3 2
3 3
1 1
1 2
1 3
2 1
2 2
2 3
3 1
3 2
3 3
1 1
1 2
1 3
2 1
2 2
2 3
3 1
3 2
3 3
1 1
1 2
1 3
2 1
2 2
2 3
3 1
3 2
3 3
1 1
1 2
1 3
2 1
2 2
2 3
3 1
3 2
3 3
1 1
1 2
1 3
2 1
2 2
2 3
3 1
3 2
3 3
1 1
1 2
1 3
2 1
2 2
2 3
3 1
3 2
3 3
1 1
1 2
1 3
2 1
2 2
2 3
3 1
3 2
3 3
1 1
1 2
1 3
2 1
2 2
2 3
3 1
3 2
3 3
1 1
1 2
1 3
2 1
2 2
2 3
3 1
3 2
3 3
1 1
1 2
1 3
2 1
2 2
2 3
3 1
3 2
3 3
1 1
1 2
1 3
2 1
2 2
2 3
3 1
3 2
3 3
1 1
1 2
1 3
2 1
2 2
2 3
3 1
3 2
3 3
1 1
1 2
1 3
2 1
2 2
2 3
3 1
3 2
3 3
1 1
1 2
1 3
2 1
2 2
2 3
3 1
3 2
3 3
1 1
1 2
1 3
2 1
2 2
2 3
3 1
3 2
3 3
1 1 1 0.017426300688072986
1 2 1 0.01658280305933042
1 3 1 0.02224967614306795
2 1 1 0.021329794072899984
2 2 1 0.019482962670408215
2 3 1 0.013530131579537214
3 1 1 0.014289582708224563
3 2 1 0.02007382554577094
3 3 1 0.016823763069432222
1 1 2 0.01755696202526122
1 2 2 0.020878496212721025
1 3 2 0.02669343705508212
2 1 2 0.019540781363471343
2 2 2 0.018956304040184963
2 3 2 0.01766272523294029
3 1 2 0.01607655610295016
3 2 2 0.02364975037802199
3 3 2 0.02426712809676434
1 1 3 0.015336920895510364
1 2 3 0.013421319129074016
1 3 3 0.01785819253372249
2 1 3 0.01689028776542132
2 2 3 0.015408619737309415
2 3 3 0.01641523673781859
3 1 3 0.01722066618906637
3 2 3 0.01835177624153006
3 3 3 0.015608266080691574
1 1 4 0.017882140308806114
1 2 4 0.01730877779313143
1 3 4 0.018759795031385675
2 1 4 0.015209590368970228
2 2 4 0.016924089799537377
2 3 4 0.013847116554759198
3 1 4 0.015503582765733215
3 2 4 0.02009256771516859
3 3 4 0.01693959773141198
1 1 5 0.011218213667129464
1 2 5 0.01612578403911253
1 3 5 0.013435008406107169
2 1 5 0.012337324928371118
2 2 5 0.012537505118062064
2 3 5 0.010324436840690582
3 1 5 0.015552378747374218
3 2 5 0.016693202168296558
3 3 5 0.013743790650404352
1 1 6 0.013239199429862953
1 2 6 0.018946651118742858
1 3 6 0.0137061213136871
2 1 6 0.01232726501114712
2 2 6 0.010846359971313427
2 3 6 0.00974886333858112
3 1 6 0.01394754488442399
3 2 6 0.014638116021260745
3 3 6 0.00970959372443944
1 1 7 0.01085541232106263
1 2 7 0.012361104299088543
1 3 7 0.0072960187596611634
2 1 7 0.008006010001428279
2 2 7 0.006875373957269363
2 3 7 0.006958378166997047
3 1 7 0.012742825155837165
3 2 7 0.009677326647538011
3 3 7 0.00896442877687568
1 1 8 0.013015298083120871
1 2 8 0.011682996245824303
1 3 8 0.008526138183052128
2 1 8 0.007141317462698467
2 2 8 0.006649555040588437
2 3 8 0.009250596334063593
3 1 8 0.00919795798779144
3 2 8 0.00600640107309781
3 3 8 0.008195317538346913
1 1 9 0.008546148701231207
1 2 9 0.00699748547331631
1 3 9 0.006673587492826772
2 1 9 0.00613332834525397
2 2 9 0.003926800283302489
2 3 9 0.005208024398151217
3 1 9 0.006940601304114271
3 2 9 0.003221103819117175
3 3 9 0.007427864894492925
1 1 10 0.005725208449650463
1 2 10 0.006119383870284087
1 3 10 0.007229041041473661
2 1 10 0.0037897676808564874
2 2 10 0.004542763284433033
2 3 10 0.004192012182609509
3 1 10 0.004218935837529748
3 2 10 0.002690800555251438
3 3 10 0.0068884009564383316
1 1 11 0.005753491144587945
1 2 11 0.0024545422063693262
1 3 11 0.005624148324153104
2 1 11 0.004394320247241605
2 2 11 0.0027665847487908556
2 3 11 0.003765788359134484
3 1 11 0.0047816481523036925
3 2 11 0.0026276597738682664
3 3 11 0.005243039316034978
1 1 12 0.003205658601498676
1 2 12 0.0025998495605930013
1 3 12 0.0036239948270025274
2 1 12 0.002528390041343086
2 2 12 0.0029686261940061595
2 3 12 0.002878268409963916
3 1 12 0.003270405551661918
3 2 12 0.003305167016407696
3 3 12 0.003766274541635229
1 1 13 0.00362531413931805
1 2 13 0.0018265192471365096
1 3 13 0.003977184897866482
2 1 13 0.0025352109219108432
2 2 13 0.002363999628578685
2 3 13 0.002398497456568226
3 1 13 0.002992737690564782
3 2 13 0.0023759145701401025
3 3 13 0.0029326615267160428
1 1 14 0.0025917213535169175
1 2 14 0.00230707168449557
1 3 14 0.0030941396061752295
2 1 14 0.0023624564457840375
2 2 14 0.0018845633687144202
2 3 14 0.00202132151841732
3 1 14 0.002554757603770694
3 2 14 0.0020898323582954027
3 3 14 0.0022444895734496746
1 1 15 0.0028376156433691513
1 2 15 0.0021994549088731117
1 3 15 0.00202930158119536
2 1 15 0.001421434651742112
2 2 15 0.0021853295291430056
2 3 15 0.0020131669960042203
3 1 15 0.002078434410170199
3 2 15 0.0021111183571280623
3 3 15 0.002229596278016475
1 1 16 0.002583924842866265
1 2 16 0.0019985217675030755
1 3 16 0.0015782016941979435
2 1 16 0.0012734443931704466
2 2 16 0.0013538296592925133
2 3 16 0.001346143866757007
3 1 16 0.001775152572533537
3 2 16 0.001687155107411151
3 3 16 0.0019225172353083471
1 1 17 0.0016419138168044009
1 2 17 0.002163398770326681
1 3 17 0.0022803555926502518
2 1 17 0.0014024583127915284
2 2 17 0.0015752570140584745
2 3 17 0.0018392455784818282
3 1 17 0.0013316300063314086
3 2 17 0.0017713829108210986
3 3 17 0.0022869614749295355
1 1 18 0.0012299100117848954
1 2 18 0.0014304350147147774
1 3 18 0.0015286066894747512
2 1 18 0.001287678891467783
2 2 18 0.001403478642993099
2 3 18 0.0012757347065866695
3 1 18 0.0013478124973086594
3 2 18 0.0012615665113323053
3 3 18 0.001343961392991717
1 1 19 0.0013713654628672227
1 2 19 0.0013953950171865085
1 3 19 0.002044856395250933
2 1 19 0.0016324865391125168
2 2 19 0.001314830903204572
2 3 19 0.0016747999941113922
3 1 19 0.0013405049148843334
3 2 19 0.001273274484089984
3 3 19 0.0018727850475378609
1 1 20 0.0011190772851032535
1 2 20 0.0010100016488017163
1 3 20 0.0014024193928731995
2 1 20 0.0012931098668244267
2 2 20 0.0012508397818701358
2 3 20 0.001552188023935451
3 1 20 0.001285699406493423
3 2 20 0.0012282732197443132
3 3 20 0.00134399815117821
