W: 2.6
num_iter: 0
[-0.73814647 -0.73814647 -0.73038886 -0.73038886 -0.72097587 -0.72097587
 -0.71056626 -0.71056626 -0.69876991 -0.69876991 -0.68605775 -0.68605775
 -0.67210243 -0.67210243 -0.65720676 -0.65720676 -0.64131139 -0.64131139
 -0.62459748 -0.62459748 -0.6067024  -0.6067024  -0.58800068 -0.58800068
 -0.5680992  -0.5680992  -0.54737094 -0.54737094 -0.52562787 -0.52562787
 -0.50294139 -0.50294139 -0.47952527 -0.47952527 -0.45483924 -0.45483924
 -0.42899784 -0.42899784 -0.40203372 -0.40203372 -0.3740325  -0.3740325
 -0.34483725 -0.34483725 -0.31500967 -0.31500967 -0.28382202 -0.28382202
 -0.25143521 -0.25143521 -0.21838268 -0.21838268 -0.18460871 -0.18460871
 -0.15028203 -0.15028203 -0.11551455 -0.11551455 -0.08062483 -0.08062483
 -0.04605623 -0.04605623 -0.01010802 -0.01010802  0.01010982  0.01010982
  0.04605893  0.04605893  0.08062498  0.08062498  0.11552049  0.11552049
  0.15027679  0.15027679  0.18460939  0.18460939  0.21836987  0.21836987
  0.25144034  0.25144034  0.28381958  0.28381958  0.31500556  0.31500556
  0.34483543  0.34483543  0.37403174  0.37403174  0.40203984  0.40203984
  0.42899331  0.42899331  0.45483934  0.45483934  0.47951505  0.47951505
  0.50294886  0.50294886  0.52562909  0.52562909  0.54737871  0.54737871
  0.56809946  0.56809946  0.58800435  0.58800435  0.60670538  0.60670538
  0.62459061  0.62459061  0.64130864  0.64130864  0.65720652  0.65720652
  0.67210373  0.67210373  0.68606019  0.68606019  0.69876939  0.69876939
  0.7105731   0.7105731   0.72096731  0.72096731  0.73039058  0.73039058
  0.73814906  0.73814906]
localization_length: 3.0916040443288715
3.0775396969414595
W_list: [2.6]
L_list: [98.4812703021267]
