Norm difference: 1.0
Norm difference: 1.0000000000000002
1 1
1 2
1 3
2 1
2 2
2 3
3 1
3 2
3 3
1 1
1 2
1 3
2 1
2 2
2 3
3 1
3 2
3 3
1 1
1 2
1 3
2 1
2 2
2 3
3 1
3 2
3 3
1 1
1 2
1 3
2 1
2 2
2 3
3 1
3 2
3 3
1 1
1 2
1 3
2 1
2 2
2 3
3 1
3 2
3 3
1 1
1 2
1 3
2 1
2 2
2 3
3 1
3 2
3 3
1 1
1 2
1 3
2 1
2 2
2 3
3 1
3 2
3 3
1 1
1 2
1 3
2 1
2 2
2 3
3 1
3 2
3 3
1 1
1 2
1 3
2 1
2 2
2 3
3 1
3 2
3 3
1 1
1 2
1 3
2 1
2 2
2 3
3 1
3 2
3 3
1 1
1 2
1 3
2 1
2 2
2 3
3 1
3 2
3 3
1 1
1 2
1 3
2 1
2 2
2 3
3 1
3 2
3 3
1 1
1 2
1 3
2 1
2 2
2 3
3 1
3 2
3 3
1 1
1 2
1 3
2 1
2 2
2 3
3 1
3 2
3 3
1 1
1 2
1 3
2 1
2 2
2 3
3 1
3 2
3 3
1 1
1 2
1 3
2 1
2 2
2 3
3 1
3 2
3 3
1 1
1 2
1 3
2 1
2 2
2 3
3 1
3 2
3 3
1 1
1 2
1 3
2 1
2 2
2 3
3 1
3 2
3 3
1 1
1 2
1 3
2 1
2 2
2 3
3 1
3 2
3 3
1 1
1 2
1 3
2 1
2 2
2 3
3 1
3 2
3 3
1 1 1 0.008928687123068638
1 2 1 0.009131317778349673
1 3 1 0.010158957243759228
2 1 1 0.010136179792577844
2 2 1 0.00789850835265607
2 3 1 0.01018450877221139
3 1 1 0.008304794401093985
3 2 1 0.007773238284139655
3 3 1 0.011570965654883063
1 1 2 0.007934455910904078
1 2 2 0.010829302309461313
1 3 2 0.01128318239491654
2 1 2 0.008446239778326259
2 2 2 0.009519544177932798
2 3 2 0.009302129846998871
3 1 2 0.00871189574332229
3 2 2 0.007941892038032843
3 3 2 0.009570774683515519
1 1 3 0.010042090726636957
1 2 3 0.0073144378730998095
1 3 3 0.010980645070424599
2 1 3 0.006477725206122169
2 2 3 0.006119804055973642
2 3 3 0.008344255719681056
3 1 3 0.007428254320229343
3 2 3 0.006845062339952928
3 3 3 0.007849028863914618
1 1 4 0.008724565753605147
1 2 4 0.005843339853579778
1 3 4 0.008379603474841584
2 1 4 0.008098117288468706
2 2 4 0.007435866483288924
2 3 4 0.00670408466697169
3 1 4 0.008331176172819432
3 2 4 0.006892945678649866
3 3 4 0.0053195323072498645
1 1 5 0.008764448357190388
1 2 5 0.0049888605962273205
1 3 5 0.008524938214804855
2 1 5 0.004978022173593501
2 2 5 0.004434588757956289
2 3 5 0.006311880877453754
3 1 5 0.007432669756932253
3 2 5 0.006637969581488776
3 3 5 0.007356136340132697
1 1 6 0.009162083297078622
1 2 6 0.006199553990193827
1 3 6 0.007850134198182437
2 1 6 0.00788140145372691
2 2 6 0.00706693694434316
2 3 6 0.005785706818778134
3 1 6 0.008530293396795804
3 2 6 0.006170569708595629
3 3 6 0.007472424363459558
1 1 7 0.0064209484991401096
1 2 7 0.005808773069532648
1 3 7 0.007325618163300876
2 1 7 0.006935894019236319
2 2 7 0.0035980837134571017
2 3 7 0.005677632228785335
3 1 7 0.007605669522645115
3 2 7 0.005759301561849818
3 3 7 0.008800731043994384
1 1 8 0.008014670720930086
1 2 8 0.006081887101163787
1 3 8 0.007095051101692162
2 1 8 0.005128666271742787
2 2 8 0.006769907287940115
2 3 8 0.0061799573334617415
3 1 8 0.006723603644866165
3 2 8 0.004890616469843852
3 3 8 0.008049328295369942
1 1 9 0.008463463918970397
1 2 9 0.003622208433782314
1 3 9 0.0076688166810524264
2 1 9 0.003851454697842501
2 2 9 0.003807941693369502
2 3 9 0.005282794488737425
3 1 9 0.0058660510018866945
3 2 9 0.00531680264803615
3 3 9 0.006799811531301825
1 1 10 0.006950066046406904
1 2 10 0.005497520959660048
1 3 10 0.006340057733870022
2 1 10 0.005285152458051412
2 2 10 0.005452195404463014
2 3 10 0.005865465615003775
3 1 10 0.005965394341912128
3 2 10 0.004906986180695491
3 3 10 0.0057730127274453575
1 1 11 0.0060151588590611794
1 2 11 0.0053062641581841045
1 3 11 0.007021364438869471
2 1 11 0.002865807799246443
2 2 11 0.003342737670907032
2 3 11 0.005915176616205609
3 1 11 0.005210363959154524
3 2 11 0.004694388179302749
3 3 11 0.006244501214845437
1 1 12 0.006314159529255389
1 2 12 0.004855391413966302
1 3 12 0.007764702834292115
2 1 12 0.0040691688948268565
2 2 12 0.004910552065234983
2 3 12 0.006019635303977624
3 1 12 0.0072040956748568395
3 2 12 0.005069210091482034
3 3 12 0.005874369334037044
1 1 13 0.005343871967052579
1 2 13 0.00487608040066466
1 3 13 0.006692206781656722
2 1 13 0.003568559648519689
2 2 13 0.0035526971712299287
2 3 13 0.007085467094371413
3 1 13 0.006753573329627703
3 2 13 0.0036246319230800587
3 3 13 0.006580437916759954
1 1 14 0.005823940940278211
1 2 14 0.005531508222575013
1 3 14 0.007039691410693031
2 1 14 0.004816355809720939
2 2 14 0.004699963104296231
2 3 14 0.005699160617535317
3 1 14 0.0059389576302291275
3 2 14 0.004006994165144258
3 3 14 0.007124557789216275
1 1 15 0.005233383579548524
1 2 15 0.0041591160107223475
1 3 15 0.00901061879042576
2 1 15 0.004105141108918403
2 2 15 0.0036177100062304373
2 3 15 0.006149203299287758
3 1 15 0.005773647379505281
3 2 15 0.004082806238568792
3 3 15 0.006800780548755688
1 1 16 0.0061739910262584
1 2 16 0.004573468956701603
1 3 16 0.007194414527312905
2 1 16 0.004804779083546846
2 2 16 0.0044469926968651995
2 3 16 0.005188911350153834
3 1 16 0.004534613019624535
3 2 16 0.004052275700238988
3 3 16 0.00790582913481891
1 1 17 0.006231135660521065
1 2 17 0.004932620568196018
1 3 17 0.007001204326723827
2 1 17 0.003035344080131875
2 2 17 0.003250806334928815
2 3 17 0.005242943660891496
3 1 17 0.004646122749161373
3 2 17 0.004587906421058814
3 3 17 0.00643030584454673
1 1 18 0.005986989040200684
1 2 18 0.0051429861828547
1 3 18 0.0060580527944394825
2 1 18 0.004400720068674087
2 2 18 0.004320160111361077
2 3 18 0.005129974202799323
3 1 18 0.005986868520574023
3 2 18 0.005206537938245063
3 3 18 0.006168145260962038
1 1 19 0.006283688817042719
1 2 19 0.00545624108150066
1 3 19 0.008887859288812479
2 1 19 0.0036945344035767746
2 2 19 0.003238375488209988
2 3 19 0.004909484268645957
3 1 19 0.005438120500465889
3 2 19 0.004516342169678092
3 3 19 0.007251797822394807
1 1 20 0.0059420648691018525
1 2 20 0.004872041137614919
1 3 20 0.008725560726799284
2 1 20 0.0036602748782443685
2 2 20 0.004543660018409423
2 3 20 0.004566453824021441
3 1 20 0.006673512493010609
3 2 20 0.00506430324566102
3 3 20 0.005474394907090254
