W: 2.2
num_iter: 0
[-1.17193877 -1.17193877 -1.15001033 -1.15001033 -1.12168954 -1.12168954
 -1.0861163  -1.0861163  -1.04249836 -1.04249836 -0.98917365 -0.98917365
 -0.92399097 -0.92399097 -0.84691685 -0.84691685 -0.75723778 -0.75723778
 -0.65901742 -0.65901742 -0.55562704 -0.55562704 -0.45318541 -0.45318541
 -0.352625   -0.352625   -0.25546438 -0.25546438 -0.15732374 -0.15732374
 -0.05009201 -0.05009201  0.0500956   0.0500956   0.15731903  0.15731903
  0.25546627  0.25546627  0.35262764  0.35262764  0.45317915  0.45317915
  0.55562687  0.55562687  0.65901868  0.65901868  0.75724168  0.75724168
  0.84692088  0.84692088  0.92398837  0.92398837  0.98918031  0.98918031
  1.04249706  1.04249706  1.08611581  1.08611581  1.12169186  1.12169186
  1.15000399  1.15000399  1.17193432  1.17193432]
localization_length: 1.2477040065869212
1.2374599658859122
W_list: [2.2]
L_list: [19.799359454174596]
