Norm difference: 1.0
Norm difference: 1.0
1 1
1 2
2 1
2 2
1 1
1 2
2 1
2 2
1 1
1 2
2 1
2 2
1 1
1 2
2 1
2 2
1 1
1 2
2 1
2 2
1 1
1 2
2 1
2 2
1 1
1 2
2 1
2 2
1 1
1 2
2 1
2 2
1 1
1 2
2 1
2 2
1 1
1 2
2 1
2 2
1 1
1 2
2 1
2 2
1 1
1 2
2 1
2 2
1 1
1 2
2 1
2 2
1 1
1 2
2 1
2 2
1 1
1 2
2 1
2 2
1 1
1 2
2 1
2 2
1 1
1 2
2 1
2 2
1 1
1 2
2 1
2 2
1 1
1 2
2 1
2 2
1 1
1 2
2 1
2 2
1 1 1 0.001695429046410781
1 2 1 0.002277676713614534
2 1 1 0.0020188160232718112
2 2 1 0.0023225143511776624
1 1 2 0.0016083954996574494
1 2 2 0.002083199455988432
2 1 2 0.0018177781065487175
2 2 2 0.0018460480733670178
1 1 3 0.0015882848420646898
1 2 3 0.0016370570028444876
2 1 3 0.0022093705440719993
2 2 3 0.002072768097880524
1 1 4 0.001550206772897432
1 2 4 0.0016183174371396298
2 1 4 0.0018245614813468386
2 2 4 0.001906354039170368
1 1 5 0.0017373522871310062
1 2 5 0.0019529018486636844
2 1 5 0.0017464557559692742
2 2 5 0.0019694390457218208
1 1 6 0.0019141242197916034
1 2 6 0.0014276034864700792
2 1 6 0.001511084317119636
2 2 6 0.0021015987391050546
1 1 7 0.0018250382951562887
1 2 7 0.0017572128451928755
2 1 7 0.0020912827587548045
2 2 7 0.0018858182124060281
1 1 8 0.001508339477936905
1 2 8 0.002267244473879636
2 1 8 0.00201947404943301
2 2 8 0.0018597812477309198
1 1 9 0.0017236750734403571
1 2 9 0.0014591850283138933
2 1 9 0.0018805740378963851
2 2 9 0.0018033168915260176
1 1 10 0.0015106363348203176
1 2 10 0.001613250156237659
2 1 10 0.0015148896296318145
2 2 10 0.0020339172423906727
1 1 11 0.0014777311442857272
1 2 11 0.001508968074147947
2 1 11 0.0015430969860857368
2 2 11 0.0017527666200617786
1 1 12 0.0011405496707187282
1 2 12 0.0014324051562931042
2 1 12 0.0013607407638649113
2 2 12 0.0012579629406316826
1 1 13 0.0010910066642871694
1 2 13 0.0012013863650795439
2 1 13 0.0010516927928664393
2 2 13 0.0015569884359951343
1 1 14 0.0010811393676744391
1 2 14 0.001077131860794138
2 1 14 0.001411835152333846
2 2 14 0.0013901891642619517
1 1 15 0.0010854613044503536
1 2 15 0.0009652595659152176
2 1 15 0.001225364614672654
2 2 15 0.0010137217137865847
1 1 16 0.001037337402545294
1 2 16 0.000995149081002916
2 1 16 0.0008901101914521525
2 2 16 0.00107296259440811
1 1 17 0.0008781091348384227
1 2 17 0.0010173122081265865
2 1 17 0.0009738635540640174
2 2 17 0.001016045811769921
1 1 18 0.000909188708594048
1 2 18 0.0008349312612458401
2 1 18 0.0009515942630866902
2 2 18 0.0008071162275938119
1 1 19 0.0006279616619080935
1 2 19 0.0006446186466812684
2 1 19 0.0006630990443243709
2 2 19 0.0008405454916536201
1 1 20 0.000654563970281376
1 2 20 0.0007591011237671984
2 1 20 0.0007138840987928877
2 2 20 0.0008774809932999575
