W: 2.2
num_iter: 0
[-0.73259092 -0.73259092 -0.71234585 -0.71234585 -0.6863369  -0.6863369
 -0.65493258 -0.65493258 -0.61910567 -0.61910567 -0.57922537 -0.57922537
 -0.53587273 -0.53587273 -0.48926549 -0.48926549 -0.44032124 -0.44032124
 -0.38776837 -0.38776837 -0.33253332 -0.33253332 -0.27466161 -0.27466161
 -0.21371603 -0.21371603 -0.15002733 -0.15002733 -0.08563497 -0.08563497
 -0.01845188 -0.01845188  0.0184525   0.0184525   0.08563343  0.08563343
  0.15002665  0.15002665  0.21371656  0.21371656  0.27465772  0.27465772
  0.33253044  0.33253044  0.38777262  0.38777262  0.44032199  0.44032199
  0.48926899  0.48926899  0.53587482  0.53587482  0.57922519  0.57922519
  0.61910419  0.61910419  0.65492819  0.65492819  0.68633901  0.68633901
  0.71234667  0.71234667  0.73259128  0.73259128]
localization_length: 3.387187977941494
3.4674301017175773
W_list: [2.2]
L_list: [55.478881627481236]
