W: 3.2
num_iter: 0
[-1.02132506 -1.02132506 -0.95585161 -0.95585161 -0.86850697 -0.86850697
 -0.76021198 -0.76021198 -0.63095101 -0.63095101 -0.48213872 -0.48213872
 -0.31069025 -0.31069025 -0.10170472 -0.10170472  0.10170681  0.10170681
  0.31069477  0.31069477  0.48214303  0.48214303  0.63095424  0.63095424
  0.76020802  0.76020802  0.86850294  0.86850294  0.95584877  0.95584877
  1.02132174  1.02132174]
localization_length: 1.229048146645867
1.2212276657052819
W_list: [3.2]
L_list: [9.769821325642255]
