W: 2.0
num_iter: 0
[-0.69464387 -0.69464387 -0.64320998 -0.64320998 -0.57283555 -0.57283555
 -0.48706312 -0.48706312 -0.3914714  -0.3914714  -0.28545006 -0.28545006
 -0.16791052 -0.16791052 -0.03622042 -0.03622042  0.03622132  0.03622132
  0.16790812  0.16790812  0.28545111  0.28545111  0.39147024  0.39147024
  0.48706623  0.48706623  0.57283297  0.57283297  0.64320975  0.64320975
  0.69464517  0.69464517]
localization_length: 3.451092246787772
3.444210590566713
W_list: [2.0]
L_list: [27.553684724533703]
