W: 3.0
num_iter: 0
[-0.80512282 -0.80512282 -0.78582341 -0.78582341 -0.76176556 -0.76176556
 -0.7333111  -0.7333111  -0.70019485 -0.70019485 -0.66302983 -0.66302983
 -0.62178754 -0.62178754 -0.57601344 -0.57601344 -0.5256165  -0.5256165
 -0.47005791 -0.47005791 -0.41018535 -0.41018535 -0.34422104 -0.34422104
 -0.27362541 -0.27362541 -0.1979495  -0.1979495  -0.11835023 -0.11835023
 -0.03051529 -0.03051529  0.03051512  0.03051512  0.11834932  0.11834932
  0.19794432  0.19794432  0.27362735  0.27362735  0.3442137   0.3442137
  0.41018746  0.41018746  0.47005503  0.47005503  0.52562623  0.52562623
  0.57601556  0.57601556  0.62178508  0.62178508  0.66302695  0.66302695
  0.70019258  0.70019258  0.73331444  0.73331444  0.76177034  0.76177034
  0.78582713  0.78582713  0.80511916  0.80511916]
localization_length: 2.0481646772311284
2.1139193284331848
W_list: [3.0]
L_list: [33.822709254930956]
