W: 4.2
num_iter: 0
[-1.05151766 -1.05151766 -1.04028228 -1.04028228 -1.02871374 -1.02871374
 -1.01545272 -1.01545272 -1.0014947  -1.0014947  -0.98678434 -0.98678434
 -0.97054996 -0.97054996 -0.95345425 -0.95345425 -0.93523992 -0.93523992
 -0.91623307 -0.91623307 -0.89550193 -0.89550193 -0.8740992  -0.8740992
 -0.85137327 -0.85137327 -0.82733046 -0.82733046 -0.80158639 -0.80158639
 -0.77465147 -0.77465147 -0.74617559 -0.74617559 -0.71621617 -0.71621617
 -0.68502254 -0.68502254 -0.65166548 -0.65166548 -0.61654712 -0.61654712
 -0.57866981 -0.57866981 -0.54007491 -0.54007491 -0.49792266 -0.49792266
 -0.45428316 -0.45428316 -0.40857613 -0.40857613 -0.36035166 -0.36035166
 -0.30901021 -0.30901021 -0.25594011 -0.25594011 -0.19952058 -0.19952058
 -0.13921409 -0.13921409 -0.06911772 -0.06911772  0.06911607  0.06911607
  0.1392129   0.1392129   0.19951738  0.19951738  0.25593773  0.25593773
  0.30900836  0.30900836  0.36035348  0.36035348  0.40857698  0.40857698
  0.45428552  0.45428552  0.49792122  0.49792122  0.54007564  0.54007564
  0.57867133  0.57867133  0.61654635  0.61654635  0.65166228  0.65166228
  0.6850218   0.6850218   0.71621491  0.71621491  0.74616792  0.74616792
  0.77464831  0.77464831  0.80158745  0.80158745  0.82732712  0.82732712
  0.85137168  0.85137168  0.87409915  0.87409915  0.89549625  0.89549625
  0.91624022  0.91624022  0.93524316  0.93524316  0.95345983  0.95345983
  0.97055582  0.97055582  0.9867875   0.9867875   1.00149534  1.00149534
  1.01545861  1.01545861  1.02870928  1.02870928  1.04028332  1.04028332
  1.05152039  1.05152039]
localization_length: 0.45213799696326856
0.4501919046666252
W_list: [4.2]
L_list: [14.406140949332006]
