Norm difference: 1.0
Norm difference: 1.0
1 1
1 2
1 3
2 1
2 2
2 3
3 1
3 2
3 3
1 1
1 2
1 3
2 1
2 2
2 3
3 1
3 2
3 3
1 1
1 2
1 3
2 1
2 2
2 3
3 1
3 2
3 3
1 1
1 2
1 3
2 1
2 2
2 3
3 1
3 2
3 3
1 1
1 2
1 3
2 1
2 2
2 3
3 1
3 2
3 3
1 1
1 2
1 3
2 1
2 2
2 3
3 1
3 2
3 3
1 1
1 2
1 3
2 1
2 2
2 3
3 1
3 2
3 3
1 1
1 2
1 3
2 1
2 2
2 3
3 1
3 2
3 3
1 1
1 2
1 3
2 1
2 2
2 3
3 1
3 2
3 3
1 1
1 2
1 3
2 1
2 2
2 3
3 1
3 2
3 3
1 1
1 2
1 3
2 1
2 2
2 3
3 1
3 2
3 3
1 1
1 2
1 3
2 1
2 2
2 3
3 1
3 2
3 3
1 1
1 2
1 3
2 1
2 2
2 3
3 1
3 2
3 3
1 1
1 2
1 3
2 1
2 2
2 3
3 1
3 2
3 3
1 1
1 2
1 3
2 1
2 2
2 3
3 1
3 2
3 3
1 1
1 2
1 3
2 1
2 2
2 3
3 1
3 2
3 3
1 1
1 2
1 3
2 1
2 2
2 3
3 1
3 2
3 3
1 1
1 2
1 3
2 1
2 2
2 3
3 1
3 2
3 3
1 1
1 2
1 3
2 1
2 2
2 3
3 1
3 2
3 3
1 1
1 2
1 3
2 1
2 2
2 3
3 1
3 2
3 3
1 1 1 0.007409593947997864
1 2 1 0.009357400391560293
1 3 1 0.006506171286237273
2 1 1 0.008686155237110433
2 2 1 0.0077962321301173285
2 3 1 0.0071082456139463695
3 1 1 0.0059810539159249314
3 2 1 0.009848111133048384
3 3 1 0.007273585032746671
1 1 2 0.00892666404418777
1 2 2 0.008502678210245055
1 3 2 0.007923229498051234
2 1 2 0.00831296199263883
2 2 2 0.0076620041814903644
2 3 2 0.008843898583740111
3 1 2 0.006395533174280816
3 2 2 0.00804253960703943
3 3 2 0.006638905169712205
1 1 3 0.006375152877572248
1 2 3 0.007740273395839337
1 3 3 0.008309629680953314
2 1 3 0.007808039103744254
2 2 3 0.009397042608836658
2 3 3 0.006896145676286732
3 1 3 0.009476997422163288
3 2 3 0.006694091991147237
3 3 3 0.005583025974029555
1 1 4 0.0061251441533939615
1 2 4 0.007118668101401926
1 3 4 0.007696790849598842
2 1 4 0.006920073604611815
2 2 4 0.008266103955042337
2 3 4 0.008254059904173185
3 1 4 0.007480511007252742
3 2 4 0.008991979736916714
3 3 4 0.007858875732342004
1 1 5 0.0052146846399060255
1 2 5 0.006748802697904696
1 3 5 0.008066597311461168
2 1 5 0.007804685147744221
2 2 5 0.007440536741455421
2 3 5 0.008901527756023564
3 1 5 0.007782845477359972
3 2 5 0.00854246476270874
3 3 5 0.007452259994193142
1 1 6 0.006130317090514467
1 2 6 0.008097210600553616
1 3 6 0.0077457759363036924
2 1 6 0.005772798654021502
2 2 6 0.009918670544580422
2 3 6 0.008753557168183436
3 1 6 0.006010180493928889
3 2 6 0.008538667156384067
3 3 6 0.0089565295695011
1 1 7 0.007071503784986102
1 2 7 0.007608702350511909
1 3 7 0.006884544276552246
2 1 7 0.006388503680709897
2 2 7 0.00948723515631175
2 3 7 0.009963004636774422
3 1 7 0.006584645285717046
3 2 7 0.008556048048053273
3 3 7 0.009651892705884665
1 1 8 0.006971674687268498
1 2 8 0.010159461005317588
1 3 8 0.008898001643083232
2 1 8 0.006531257505797543
2 2 8 0.008087949614795593
2 3 8 0.008056878440306302
3 1 8 0.006196716254300367
3 2 8 0.0081608343604152
3 3 8 0.007913825321086036
1 1 9 0.0065349499622365595
1 2 9 0.007604822793750276
1 3 9 0.007506776587805952
2 1 9 0.0067516906517950375
2 2 9 0.01009214735038684
2 3 9 0.010242675722376316
3 1 9 0.006518171959698778
3 2 9 0.009573957520984023
3 3 9 0.008765111924377489
1 1 10 0.007119870124662612
1 2 10 0.009398628518192911
1 3 10 0.009687767020139237
2 1 10 0.007011411752911451
2 2 10 0.009546063502173033
2 3 10 0.008391477193980847
3 1 10 0.0066765602261894845
3 2 10 0.008534750335002922
3 3 10 0.00777130599737694
1 1 11 0.006121646902678964
1 2 11 0.00820186797159599
1 3 11 0.007907588645337069
2 1 11 0.006722383416080943
2 2 11 0.0088667928260034
2 3 11 0.008973677029303103
3 1 11 0.005904426399231651
3 2 11 0.008356268472259709
3 3 11 0.009701740416483239
1 1 12 0.007224313897607831
1 2 12 0.009155685838647174
1 3 12 0.008295820814203742
2 1 12 0.007467456566860356
2 2 12 0.009268127498215113
2 3 12 0.009445900593493274
3 1 12 0.007364298727478863
3 2 12 0.007687544441625993
3 3 12 0.007726155752901165
1 1 13 0.0055830474441636874
1 2 13 0.007379656137005036
1 3 13 0.008116505644291075
2 1 13 0.006962376631896652
2 2 13 0.008855513293984705
2 3 13 0.00697427617288809
3 1 13 0.007019680555165321
3 2 13 0.008834256031313333
3 3 13 0.00820520391996348
1 1 14 0.007219477368115399
1 2 14 0.007157607870426614
1 3 14 0.0063540786515579924
2 1 14 0.008381371772352248
2 2 14 0.00947523261363278
2 3 14 0.008126961726555372
3 1 14 0.007231730634284469
3 2 14 0.009735826878333041
3 3 14 0.00703313050590562
1 1 15 0.006843202007952856
1 2 15 0.007214009614313606
1 3 15 0.008610253639751719
2 1 15 0.006690214189533733
2 2 15 0.008156178756629903
2 3 15 0.008341527867015456
3 1 15 0.007464923421353556
3 2 15 0.009947509940987528
3 3 15 0.007487829564412661
1 1 16 0.0065767137277004395
1 2 16 0.008586524317139807
1 3 16 0.006517748310282505
2 1 16 0.007593343964177472
2 2 16 0.008982097917474766
2 3 16 0.007545463673861427
3 1 16 0.006732086956069602
3 2 16 0.007407072036273545
3 3 16 0.009121768966964346
1 1 17 0.00569542080608533
1 2 17 0.009304749223666111
1 3 17 0.007353187660717106
2 1 17 0.007948078331055153
2 2 17 0.009117851893394166
2 3 17 0.008718351341804653
3 1 17 0.007716450347944924
3 2 17 0.007559234421430733
3 3 17 0.007338650835779101
1 1 18 0.0075514151781411075
1 2 18 0.009127342909487008
1 3 18 0.00904125998292033
2 1 18 0.006884924613210363
2 2 18 0.007743041341048358
2 3 18 0.008969895568445855
3 1 18 0.006965594908142825
3 2 18 0.007600839031482354
3 3 18 0.008294442656110701
1 1 19 0.006479240476030294
1 2 19 0.007355389223336914
1 3 19 0.008403153371734114
2 1 19 0.007177824747100703
2 2 19 0.009913024985462208
2 3 19 0.007415849758638948
3 1 19 0.0070839764518085945
3 2 19 0.007799219674762303
3 3 19 0.007254455068493137
1 1 20 0.0070277406273154515
1 2 20 0.009943051406208698
1 3 20 0.007454382132434581
2 1 20 0.00645123301766839
2 2 20 0.00915532874539619
2 3 20 0.007688104101032009
3 1 20 0.005895767341900858
3 2 20 0.00909133446785831
3 3 20 0.006845948248263773
