W: 1.8
num_iter: 0
[-1.15432515 -1.15432515 -1.13472843 -1.13472843 -1.10930052 -1.10930052
 -1.07699944 -1.07699944 -1.03564824 -1.03564824 -0.98384574 -0.98384574
 -0.92013631 -0.92013631 -0.84147671 -0.84147671 -0.74751245 -0.74751245
 -0.64123424 -0.64123424 -0.52818173 -0.52818173 -0.42033633 -0.42033633
 -0.31907281 -0.31907281 -0.22383316 -0.22383316 -0.13304859 -0.13304859
 -0.03614125 -0.03614125  0.03613965  0.03613965  0.13304571  0.13304571
  0.22383828  0.22383828  0.31907168  0.31907168  0.42033662  0.42033662
  0.52818621  0.52818621  0.64122945  0.64122945  0.74751415  0.74751415
  0.84147361  0.84147361  0.92013892  0.92013892  0.98384492  0.98384492
  1.0356453   1.0356453   1.07699711  1.07699711  1.10930544  1.10930544
  1.13472849  1.13472849  1.15432553  1.15432553]
localization_length: 1.7294026595253114
1.73658730323341
W_list: [1.8]
L_list: [27.78539685173456]
