Norm difference: 1.0
Norm difference: 1.0
1 1
1 2
1 3
2 1
2 2
2 3
3 1
3 2
3 3
1 1
1 2
1 3
2 1
2 2
2 3
3 1
3 2
3 3
1 1
1 2
1 3
2 1
2 2
2 3
3 1
3 2
3 3
1 1
1 2
1 3
2 1
2 2
2 3
3 1
3 2
3 3
1 1
1 2
1 3
2 1
2 2
2 3
3 1
3 2
3 3
1 1
1 2
1 3
2 1
2 2
2 3
3 1
3 2
3 3
1 1
1 2
1 3
2 1
2 2
2 3
3 1
3 2
3 3
1 1
1 2
1 3
2 1
2 2
2 3
3 1
3 2
3 3
1 1
1 2
1 3
2 1
2 2
2 3
3 1
3 2
3 3
1 1
1 2
1 3
2 1
2 2
2 3
3 1
3 2
3 3
1 1
1 2
1 3
2 1
2 2
2 3
3 1
3 2
3 3
1 1
1 2
1 3
2 1
2 2
2 3
3 1
3 2
3 3
1 1
1 2
1 3
2 1
2 2
2 3
3 1
3 2
3 3
1 1
1 2
1 3
2 1
2 2
2 3
3 1
3 2
3 3
1 1
1 2
1 3
2 1
2 2
2 3
3 1
3 2
3 3
1 1
1 2
1 3
2 1
2 2
2 3
3 1
3 2
3 3
1 1
1 2
1 3
2 1
2 2
2 3
3 1
3 2
3 3
1 1
1 2
1 3
2 1
2 2
2 3
3 1
3 2
3 3
1 1
1 2
1 3
2 1
2 2
2 3
3 1
3 2
3 3
1 1
1 2
1 3
2 1
2 2
2 3
3 1
3 2
3 3
1 1 1 7.353299908374328e-5
1 2 1 6.327797369383853e-5
1 3 1 7.038960622671154e-5
2 1 1 7.853725285666708e-5
2 2 1 6.38158614823553e-5
2 3 1 7.019830533540606e-5
3 1 1 9.508556530726216e-5
3 2 1 7.906265904384056e-5
3 3 1 0.00010433176314832565
1 1 2 6.69501200604503e-5
1 2 2 7.523689185108492e-5
1 3 2 7.638910378811019e-5
2 1 2 6.074234748192535e-5
2 2 2 5.2886876346849466e-5
2 3 2 0.00011059047750624361
3 1 2 6.303629474784553e-5
3 2 2 5.9541789845396056e-5
3 3 2 0.00013710687733637633
1 1 3 6.36809151942429e-5
1 2 3 7.005518592554873e-5
1 3 3 8.890887142119922e-5
2 1 3 8.92750279383996e-5
2 2 3 0.00012354840345955783
2 3 3 4.940582056785934e-5
3 1 3 0.00013353544996478028
3 2 3 0.00016795333045922025
3 3 3 0.00012395721451467082
1 1 4 7.27550658310516e-5
1 2 4 9.821089464289619e-5
1 3 4 8.683411968327986e-5
2 1 4 9.091373692752036e-5
2 2 4 5.2351635001282595e-5
2 3 4 8.54553961845798e-5
3 1 4 0.00013122092735540707
3 2 4 9.961077210745607e-5
3 3 4 0.0001127360922053842
1 1 5 0.00010704778172242347
1 2 5 8.827806065546176e-5
1 3 5 7.716492186718984e-5
2 1 5 0.00012557067105526366
2 2 5 0.00010924250365726696
2 3 5 8.829825755050352e-5
3 1 5 0.0001962826300502546
3 2 5 0.00018228122119677472
3 3 5 8.086705204314603e-5
1 1 6 0.00010071621210628013
1 2 6 0.00012539357322876354
1 3 6 0.00010056236809847944
2 1 6 9.900481878720594e-5
2 2 6 0.0001757473822870691
2 3 6 9.015118841393018e-5
3 1 6 0.0001733850617342717
3 2 6 0.00015321654733616924
3 3 6 9.310552940276097e-5
1 1 7 0.00013032130241568193
1 2 7 0.0001304058218067905
1 3 7 7.477310587463101e-5
2 1 7 0.0001302645819800738
2 2 7 0.0001508983795366974
2 3 7 0.0001926615967008742
3 1 7 0.00013883939530721592
3 2 7 0.00019757150621599106
3 3 7 0.00020184893017177247
1 1 8 0.00011592020792850825
1 2 8 7.543592869842179e-5
1 3 8 8.554745873925639e-5
2 1 8 0.00010549413631538075
2 2 8 0.00024845990817078155
2 3 8 0.00034049238284137456
3 1 8 0.00016466549124935032
3 2 8 0.000347421544252449
3 3 8 0.00038164315252757063
1 1 9 0.00017375606522877936
1 2 9 0.0001408697214849445
1 3 9 9.183366286986162e-5
2 1 9 0.00017645871852127692
2 2 9 0.0001631905780962827
2 3 9 0.000321240096032951
3 1 9 0.00017824659107681262
3 2 9 0.0002322120078740208
3 3 9 0.0004636523745179203
1 1 10 0.00014691985226338082
1 2 10 0.00016577239681705346
1 3 10 0.00017844637190448802
2 1 10 0.00023820149666519764
2 2 10 0.0004434936420349208
2 3 10 0.00023675677675858795
3 1 10 0.00027874320866121924
3 2 10 0.00048306019711381426
3 3 10 0.00043315577172505843
1 1 11 0.000177730473189653
1 2 11 0.00023113783623047855
1 3 11 0.00028571364336810553
2 1 11 0.00018307129846061913
2 2 11 0.00019582983425337017
2 3 11 0.00043206315339686097
3 1 11 0.00023111465329262744
3 2 11 0.0003330321594999951
3 3 11 0.00046871284761364413
1 1 12 0.0001572492277337291
1 2 12 0.00023353324378778015
1 3 12 0.00033002806848965113
2 1 12 0.00023200608587402955
2 2 12 0.00038904578100744174
2 3 12 0.0004322159671450271
3 1 12 0.00020964242100215977
3 2 12 0.0005965854565248896
3 3 12 0.00047551795984655603
1 1 13 0.00017317519449545104
1 2 13 0.00017726644728663512
1 3 13 0.00029688338566094275
2 1 13 0.00025952805290260165
2 2 13 0.0003511621499436879
2 3 13 0.00031653340562948874
3 1 13 0.000299579723725715
3 2 13 0.0004574320366392821
3 3 13 0.0005033698530741889
1 1 14 0.00016540492310222966
1 2 14 0.00027770018044076853
1 3 14 0.00023642487040894587
2 1 14 0.00015176277831363238
2 2 14 0.00039683419541892116
2 3 14 0.0004940661644918462
3 1 14 0.0002942777387504586
3 2 14 0.0005160129660742062
3 3 14 0.0005260820796289623
1 1 15 0.00014538628765640695
1 2 15 0.0002527703307008573
1 3 15 0.000327137888638158
2 1 15 0.0003949980848918351
2 2 15 0.00029710517660520017
2 3 15 0.0004521908653971757
3 1 15 0.0004898235796195114
3 2 15 0.0005155751472316098
3 3 15 0.0002930348402023893
1 1 16 0.00023999744247131766
1 2 16 0.00032696677155064416
1 3 16 0.00035886907213301315
2 1 16 0.00037643972296109594
2 2 16 0.000395993179817706
2 3 16 0.0004446344930047363
3 1 16 0.00047241180559726105
3 2 16 0.000423562377855989
3 3 16 0.0003307719018342276
1 1 17 0.0002370603719514972
1 2 17 0.0003032840498037567
1 3 17 0.0002990837296603039
2 1 17 0.0003029581049052717
2 2 17 0.0004949366461883433
2 3 17 0.0004236778289183014
3 1 17 0.00046508260551059063
3 2 17 0.0004477953450373946
3 3 17 0.00042941837201066895
1 1 18 0.00024767559238167067
1 2 18 0.00033563011378024316
1 3 18 0.00032909837173805494
2 1 18 0.0003961406921225028
2 2 18 0.0003908691837089005
2 3 18 0.00042711156768868787
3 1 18 0.00042415634642247986
3 2 18 0.0003957570023352737
3 3 18 0.00043514963432070633
1 1 19 0.0003162473662384484
1 2 19 0.00021857489698296658
1 3 19 0.0003016902072306896
2 1 19 0.00034645160132983473
2 2 19 0.000349514692168399
2 3 19 0.0003329163975663328
3 1 19 0.00032544908718076966
3 2 19 0.0005410841593837198
3 3 19 0.0004271872145056203
1 1 20 0.00029159401708499564
1 2 20 0.00029891332665588544
1 3 20 0.0003095232818291652
2 1 20 0.00030787371213939114
2 2 20 0.0003727646685542807
2 3 20 0.0002847067953312043
3 1 20 0.00037770806187297797
3 2 20 0.00036088862230336397
3 3 20 0.00043458145443591123
