Norm difference: 1.0
Norm difference: 1.0
1 1
1 2
1 3
2 1
2 2
2 3
3 1
3 2
3 3
1 1
1 2
1 3
2 1
2 2
2 3
3 1
3 2
3 3
1 1
1 2
1 3
2 1
2 2
2 3
3 1
3 2
3 3
1 1
1 2
1 3
2 1
2 2
2 3
3 1
3 2
3 3
1 1
1 2
1 3
2 1
2 2
2 3
3 1
3 2
3 3
1 1
1 2
1 3
2 1
2 2
2 3
3 1
3 2
3 3
1 1
1 2
1 3
2 1
2 2
2 3
3 1
3 2
3 3
1 1
1 2
1 3
2 1
2 2
2 3
3 1
3 2
3 3
1 1
1 2
1 3
2 1
2 2
2 3
3 1
3 2
3 3
1 1
1 2
1 3
2 1
2 2
2 3
3 1
3 2
3 3
1 1
1 2
1 3
2 1
2 2
2 3
3 1
3 2
3 3
1 1
1 2
1 3
2 1
2 2
2 3
3 1
3 2
3 3
1 1
1 2
1 3
2 1
2 2
2 3
3 1
3 2
3 3
1 1
1 2
1 3
2 1
2 2
2 3
3 1
3 2
3 3
1 1
1 2
1 3
2 1
2 2
2 3
3 1
3 2
3 3
1 1
1 2
1 3
2 1
2 2
2 3
3 1
3 2
3 3
1 1
1 2
1 3
2 1
2 2
2 3
3 1
3 2
3 3
1 1
1 2
1 3
2 1
2 2
2 3
3 1
3 2
3 3
1 1
1 2
1 3
2 1
2 2
2 3
3 1
3 2
3 3
1 1
1 2
1 3
2 1
2 2
2 3
3 1
3 2
3 3
1 1 1 0.009636681092126212
1 2 1 0.006428571907646882
1 3 1 0.00771805289894012
2 1 1 0.006385148972712166
2 2 1 0.0045814772996768255
2 3 1 0.003993125150764265
3 1 1 0.009423129904310117
3 2 1 0.006347196973148395
3 3 1 0.007895450452033074
1 1 2 0.007897767132196682
1 2 2 0.005345308518080564
1 3 2 0.006768384255571703
2 1 2 0.0050907061676253125
2 2 2 0.0049647972489573035
2 3 2 0.004655324986322434
3 1 2 0.008475724732899956
3 2 2 0.005894668065453511
3 3 2 0.007300418820963185
1 1 3 0.006071230655727707
1 2 3 0.0050821075387528225
1 3 3 0.007984483360055616
2 1 3 0.004846805309610231
2 2 3 0.0035750765100964026
2 3 3 0.0050445306704099465
3 1 3 0.007965127349562942
3 2 3 0.00483006051708061
3 3 3 0.007842027122919228
1 1 4 0.005677877391176772
1 2 4 0.00466153819887837
1 3 4 0.007692237748752326
2 1 4 0.004660398091158919
2 2 4 0.004550006655853474
2 3 4 0.005156128003866586
3 1 4 0.008171430200094825
3 2 4 0.004192450471277235
3 3 4 0.007220864843518041
1 1 5 0.006427717636270628
1 2 5 0.005050051156820823
1 3 5 0.007232164492999883
2 1 5 0.0038222020529325926
2 2 5 0.0029033006183231133
2 3 5 0.004834891263249666
3 1 5 0.007820666563415898
3 2 5 0.005307619252640837
3 3 5 0.007844704099813502
1 1 6 0.00758889173617629
1 2 6 0.004985627412414912
1 3 6 0.00694493753302187
2 1 6 0.004377704131545309
2 2 6 0.0032249351891677795
2 3 6 0.004280029470862487
3 1 6 0.007438743517198691
3 2 6 0.004425128850854806
3 3 6 0.007204928381339121
1 1 7 0.008544372613497992
1 2 7 0.005391465022720421
1 3 7 0.007303919850018503
2 1 7 0.005618529029314997
2 2 7 0.0037313529168231246
2 3 7 0.00443980314885717
3 1 7 0.007005518565135413
3 2 7 0.00464795682629138
3 3 7 0.005818587186733887
1 1 8 0.007644735322871185
1 2 8 0.004645498818672558
1 3 8 0.00640879900182219
2 1 8 0.005129501956983172
2 2 8 0.0031882212192884305
2 3 8 0.004876405191966306
3 1 8 0.006179899365195458
3 2 8 0.0046969744946948775
3 3 8 0.006614932053084747
1 1 9 0.006872077021741847
1 2 9 0.00440227486535682
1 3 9 0.0077698569427603285
2 1 9 0.005356278074428648
2 2 9 0.0030673958361758288
2 3 9 0.004627987137129286
3 1 9 0.006116308202891956
3 2 9 0.00442441172781027
3 3 9 0.006851712251421888
1 1 10 0.006537449805805134
1 2 10 0.004360511523358158
1 3 10 0.007029777044546728
2 1 10 0.004576467457744596
2 2 10 0.0030512259713010395
2 3 10 0.0043550364699074424
3 1 10 0.006231326374745207
3 2 10 0.003864995631251509
3 3 10 0.0069006779628412954
1 1 11 0.007272914267508866
1 2 11 0.005148879896195636
1 3 11 0.005852755141591007
2 1 11 0.004948507312813146
2 2 11 0.0037124742393322223
2 3 11 0.00460303230702074
3 1 11 0.007140115466586952
3 2 11 0.005187797356515455
3 3 11 0.006368389387183329
1 1 12 0.0069096666457593575
1 2 12 0.004536734443547834
1 3 12 0.005905191284643341
2 1 12 0.004180162936897698
2 2 12 0.002860133774662572
2 3 12 0.004079899574365661
3 1 12 0.007183240600906709
3 2 12 0.005032169636674209
3 3 12 0.00575458720275223
1 1 13 0.0074699446244247125
1 2 13 0.005269596160695854
1 3 13 0.006047912919069584
2 1 13 0.004592359758365956
2 2 13 0.0034623149826579864
2 3 13 0.004506062051146047
3 1 13 0.006304029944605388
3 2 13 0.004778229156628991
3 3 13 0.006218013955054299
1 1 14 0.005871855369905093
1 2 14 0.005623760204698533
1 3 14 0.006826895597627862
2 1 14 0.004158298055403133
2 2 14 0.0034211789939625247
2 3 14 0.004705044641697088
3 1 14 0.006100504584860578
3 2 14 0.004861205189632952
3 3 14 0.006598401196180303
1 1 15 0.006276491970687792
1 2 15 0.005076715290647545
1 3 15 0.006165781190273024
2 1 15 0.004683455269335164
2 2 15 0.0035054865439906506
2 3 15 0.004309223872990113
3 1 15 0.00562437104804331
3 2 15 0.004406679040398138
3 3 15 0.005900134061921368
1 1 16 0.005901084355596314
1 2 16 0.005884785282765074
1 3 16 0.0069480513662379855
2 1 16 0.0042459723821806385
2 2 16 0.0034340476513406056
2 3 16 0.0041567411486160225
3 1 16 0.00618471956330302
3 2 16 0.005217943686515086
3 3 16 0.005682641377083172
1 1 17 0.005450486690415883
1 2 17 0.006121221944793096
1 3 17 0.005946545542355124
2 1 17 0.0035894000459508212
2 2 17 0.003450778635401118
2 3 17 0.004218770741540761
3 1 17 0.005728105637770113
3 2 17 0.005624011498331467
3 3 17 0.0053543330884526655
1 1 18 0.005525440696436669
1 2 18 0.006524360683628686
1 3 18 0.006678912032651743
2 1 18 0.0032390387765106874
2 2 18 0.0035896900292992757
2 3 18 0.0045128262975456185
3 1 18 0.004832345316407218
3 2 18 0.005530509510711884
3 3 18 0.005516271874244262
1 1 19 0.004222931118034989
1 2 19 0.0046871646245915805
1 3 19 0.005232766835530587
2 1 19 0.003317295543206789
2 2 19 0.003171095204246535
2 3 19 0.003620951074747314
3 1 19 0.004493898896757654
3 2 19 0.005353267006665835
3 3 19 0.00590777365123599
1 1 20 0.005522988491548928
1 2 20 0.005917436942737565
1 3 20 0.004785595656693245
2 1 20 0.003917632566680437
2 2 20 0.003648460121509785
2 3 20 0.003503177404540728
3 1 20 0.004466655499376038
3 2 20 0.005086995595743453
3 3 20 0.005068392047720344
