W: 2.8
num_iter: 0
[-0.99278655 -0.99278655 -0.98033668 -0.98033668 -0.9668649  -0.9668649
 -0.95183964 -0.95183964 -0.93571704 -0.93571704 -0.91774571 -0.91774571
 -0.89871185 -0.89871185 -0.87770396 -0.87770396 -0.85548445 -0.85548445
 -0.83169853 -0.83169853 -0.8062496  -0.8062496  -0.77975653 -0.77975653
 -0.75215421 -0.75215421 -0.72300521 -0.72300521 -0.69282689 -0.69282689
 -0.66151409 -0.66151409 -0.62915224 -0.62915224 -0.59535928 -0.59535928
 -0.56081927 -0.56081927 -0.5255338  -0.5255338  -0.48915612 -0.48915612
 -0.45153832 -0.45153832 -0.41320092 -0.41320092 -0.3735118  -0.3735118
 -0.33331334 -0.33331334 -0.29197732 -0.29197732 -0.2494648  -0.2494648
 -0.20703958 -0.20703958 -0.16265904 -0.16265904 -0.11825672 -0.11825672
 -0.07295862 -0.07295862 -0.02198367 -0.02198367  0.02198766  0.02198766
  0.07295479  0.07295479  0.11825264  0.11825264  0.16265783  0.16265783
  0.20704031  0.20704031  0.24946603  0.24946603  0.29197608  0.29197608
  0.33330616  0.33330616  0.37351692  0.37351692  0.41320206  0.41320206
  0.45153529  0.45153529  0.48915081  0.48915081  0.52553459  0.52553459
  0.560825    0.560825    0.59535804  0.59535804  0.62915728  0.62915728
  0.66151223  0.66151223  0.69282108  0.69282108  0.72301163  0.72301163
  0.75215938  0.75215938  0.77975399  0.77975399  0.8062509   0.8062509
  0.83170274  0.83170274  0.85548046  0.85548046  0.87770138  0.87770138
  0.89871081  0.89871081  0.91774789  0.91774789  0.9357152   0.9357152
  0.95184685  0.95184685  0.96685529  0.96685529  0.98034296  0.98034296
  0.99278635  0.99278635]
localization_length: 1.4215097144042648
1.4360307176561882
W_list: [2.8]
L_list: [45.95298296499802]
