[-2.41421356 -1.         -1.         -0.41421356  0.41421356  1.
  1.          2.41421356]
W: 2.0
num_iter: 0
[-0.50908331 -0.48171186 -0.45222666 -0.42191343 -0.39145358 -0.35949469
 -0.32897728 -0.29760608 -0.26668249 -0.23596903 -0.20442017 -0.17232207
 -0.13977103 -0.10687796 -0.07206762 -0.03660912  0.03661052  0.07206196
  0.10687491  0.13977324  0.17232512  0.2044174   0.23597388  0.26668249
  0.29759703  0.32897842  0.35949679  0.39146364  0.4219106   0.45223386
  0.48170942  0.50907713]
localization_length: 1.7072249747346244
1.7042289962711332
W_list: [2.0]
L_list: [1.7042289962711332]
[-2.41421356 -1.         -1.         -0.41421356  0.41421356  1.
  1.          2.41421356]
W: 2.0
num_iter: 0
[-0.50967438 -0.48174487 -0.45257113 -0.42228576 -0.39093931 -0.36037359
 -0.32860527 -0.29848707 -0.26703997 -0.23605152 -0.20455149 -0.17242242
 -0.14001385 -0.10680666 -0.07294218 -0.03607289  0.03606771  0.07294371
  0.10679852  0.14001756  0.17242332  0.20455509  0.23604087  0.26704414
  0.29848     0.32861062  0.36038037  0.39092887  0.42228987  0.4525848
  0.48174341  0.50967349]
localization_length: 1.7328520702544505
1.7324863312984589
W_list: [2.0]
L_list: [1.7324863312984589]
