W: 4.2
num_iter: 0
[-1.03565851 -1.03565851 -0.9802354  -0.9802354  -0.90783241 -0.90783241
 -0.81620276 -0.81620276 -0.70188745 -0.70188745 -0.56082099 -0.56082099
 -0.38357834 -0.38357834 -0.15150782 -0.15150782  0.15150309  0.15150309
  0.38357658  0.38357658  0.56082188  0.56082188  0.70188934  0.70188934
  0.81620463  0.81620463  0.90783124  0.90783124  0.98024078  0.98024078
  1.03565613  1.03565613]
localization_length: 0.8250656825293868
0.8248427718735981
W_list: [4.2]
L_list: [6.598742174988785]
