[-2.41421356 -1.         -1.         -0.41421356  0.41421356  1.
  1.          2.41421356]
W: 2.2
num_iter: 0
[-0.55671655 -0.52959973 -0.49943777 -0.46933509 -0.43711257 -0.40491577
 -0.37172724 -0.33828438 -0.30484611 -0.2713392  -0.23672926 -0.20122192
 -0.16408364 -0.12599013 -0.08660009 -0.04433389  0.04433247  0.08660566
  0.12598314  0.16409152  0.20121869  0.23672782  0.27134197  0.30484697
  0.33828981  0.37172636  0.40491949  0.437102    0.46932634  0.49944989
  0.5295938   0.5567174 ]
localization_length: 1.4098019235882655
1.4223654242366466
W_list: [2.2]
L_list: [1.4223654242366466]
[-2.41421356 -1.         -1.         -0.41421356  0.41421356  1.
  1.          2.41421356]
W: 2.2
num_iter: 0
[-0.55611249 -0.5290985  -0.50047489 -0.46936624 -0.43727943 -0.40455196
 -0.37166633 -0.33842938 -0.30462827 -0.27019905 -0.23524884 -0.19957337
 -0.16380056 -0.12612809 -0.08640689 -0.0439947   0.04399617  0.0864064
  0.12613868  0.1637874   0.19957344  0.23523958  0.27021146  0.30461561
  0.33844338  0.37166845  0.40455761  0.43727374  0.46936388  0.50047423
  0.52909907  0.55610991]
localization_length: 1.420625628204695
1.4225772920173798
W_list: [2.2]
L_list: [1.4225772920173798]
