W: 2.6
num_iter: 0
[-0.7965682  -0.7965682  -0.77529133 -0.77529133 -0.74848783 -0.74848783
 -0.71676564 -0.71676564 -0.68061053 -0.68061053 -0.63978308 -0.63978308
 -0.5950206  -0.5950206  -0.54687001 -0.54687001 -0.49460438 -0.49460438
 -0.43900044 -0.43900044 -0.37923928 -0.37923928 -0.31523389 -0.31523389
 -0.24809414 -0.24809414 -0.17695334 -0.17695334 -0.10333559 -0.10333559
 -0.02397782 -0.02397782  0.02398092  0.02398092  0.10333286  0.10333286
  0.17695234  0.17695234  0.24809311  0.24809311  0.31523131  0.31523131
  0.37923991  0.37923991  0.43899994  0.43899994  0.49461238  0.49461238
  0.546865    0.546865    0.59501713  0.59501713  0.63978673  0.63978673
  0.68061093  0.68061093  0.71676213  0.71676213  0.74849619  0.74849619
  0.77529199  0.77529199  0.79656327  0.79656327]
localization_length: 2.6065760974734187
2.621270103849175
W_list: [2.6]
L_list: [41.9403216615868]
