[-2.41421356 -1.         -1.         -0.41421356  0.41421356  1.
  1.          2.41421356]
W: 3.8000000000000003
num_iter: 0
[-0.89814601 -0.88494021 -0.87119232 -0.85677803 -0.84214039 -0.82724196
 -0.81137798 -0.79507378 -0.77769584 -0.76006982 -0.7416765  -0.72204575
 -0.70194084 -0.68171798 -0.66057216 -0.63824808 -0.61530114 -0.59139772
 -0.56638113 -0.54054994 -0.51411097 -0.48672992 -0.45817926 -0.42765356
 -0.39747235 -0.36408395 -0.32992551 -0.29375225 -0.25438304 -0.21277125
 -0.16493948 -0.10793101  0.10792666  0.16493372  0.21277987  0.25437367
  0.2937607   0.32992744  0.3640737   0.39747316  0.42766586  0.4581834
  0.4867192   0.51411541  0.54055158  0.56639333  0.59138702  0.61529891
  0.63824329  0.66056682  0.68171366  0.70194298  0.72205489  0.74166464
  0.76007536  0.77769916  0.79507266  0.81137883  0.82724225  0.84214383
  0.85677345  0.87120967  0.88492558  0.89814943]
localization_length: 0.2895484673059859
0.2921652327633863
W_list: [3.8000000000000003]
L_list: [0.2921652327633863]
[-2.41421356 -1.         -1.         -0.41421356  0.41421356  1.
  1.          2.41421356]
W: 3.8000000000000003
num_iter: 0
[-0.89776815 -0.88433922 -0.87077386 -0.8568779  -0.84227293 -0.82701203
 -0.81100849 -0.79503879 -0.77730524 -0.76029291 -0.74121355 -0.72226808
 -0.70189796 -0.68133722 -0.65966212 -0.63768833 -0.6151299  -0.59153641
 -0.56564678 -0.5410844  -0.51383989 -0.48691916 -0.45792747 -0.42834349
 -0.39688956 -0.36488302 -0.32977956 -0.29393711 -0.25541289 -0.21279771
 -0.16537866 -0.109232    0.10924626  0.16537386  0.2127967   0.25541168
  0.29394422  0.32977749  0.36489774  0.39688205  0.4283501   0.45792246
  0.4869201   0.51383608  0.54107956  0.56565602  0.59154405  0.61514067
  0.63767382  0.65967081  0.68133564  0.70189529  0.72226921  0.74121209
  0.76028401  0.77731581  0.79502043  0.81100876  0.82701589  0.84226404
  0.85687754  0.87076973  0.88434325  0.89775942]
localization_length: 0.2860883239250634
0.2858769181750088
W_list: [3.8000000000000003]
L_list: [0.2858769181750088]
