Norm difference: 0.9999999999999999
Norm difference: 1.0
1 1
1 2
2 1
2 2
1 1
1 2
2 1
2 2
1 1
1 2
2 1
2 2
1 1
1 2
2 1
2 2
1 1
1 2
2 1
2 2
1 1
1 2
2 1
2 2
1 1
1 2
2 1
2 2
1 1
1 2
2 1
2 2
1 1
1 2
2 1
2 2
1 1
1 2
2 1
2 2
1 1
1 2
2 1
2 2
1 1
1 2
2 1
2 2
1 1
1 2
2 1
2 2
1 1
1 2
2 1
2 2
1 1
1 2
2 1
2 2
1 1
1 2
2 1
2 2
1 1
1 2
2 1
2 2
1 1
1 2
2 1
2 2
1 1
1 2
2 1
2 2
1 1
1 2
2 1
2 2
1 1 1 7.780705460830455e-5
1 2 1 4.580852259856529e-5
2 1 1 6.81023108256679e-5
2 2 1 4.9283097533498255e-5
1 1 2 5.120432163880401e-5
1 2 2 6.864472981699765e-5
2 1 2 5.749336317650913e-5
2 2 2 3.949891721548612e-5
1 1 3 4.812760354523837e-5
1 2 3 7.149462319472958e-5
2 1 3 6.762428419693118e-5
2 2 3 4.816531645875586e-5
1 1 4 7.204520328507914e-5
1 2 4 4.870171571983668e-5
2 1 4 5.296512819040758e-5
2 2 4 7.266892600979222e-5
1 1 5 0.00012149315402923522
1 2 5 8.665932790918982e-5
2 1 5 6.527805015945612e-5
2 2 5 8.746090104459607e-5
1 1 6 0.000120818924077393
1 2 6 0.00010760931879541695
2 1 6 9.410701412696819e-5
2 2 6 9.575084471020895e-5
1 1 7 0.0001108098131887684
1 2 7 0.00020990108536099458
2 1 7 0.0001626954215160601
2 2 7 0.0001785623802956167
1 1 8 0.00014752646330308344
1 2 8 0.00012804646906861434
2 1 8 0.0002143703782382065
2 2 8 0.0001763421396472708
1 1 9 0.00037359060950914545
1 2 9 0.00024055261080433042
2 1 9 0.00030638888505971307
2 2 9 0.0002473869613398412
1 1 10 0.0002665700622134911
1 2 10 0.00019709172275067928
2 1 10 0.000225729301630349
2 2 10 0.00017036268858867923
1 1 11 0.00017481534557097894
1 2 11 0.00023892874880415875
2 1 11 0.0003104430581639737
2 2 11 0.00031066576173988624
1 1 12 0.00013052957438885
1 2 12 0.00025832213743299804
2 1 12 0.0002887028978481903
2 2 12 0.00025715461825100063
1 1 13 0.00029004637634228396
1 2 13 0.00022180633319084263
2 1 13 0.00019095320624640827
2 2 13 0.00020767241511212772
1 1 14 0.0002869847736261971
1 2 14 0.00031977634977611716
2 1 14 0.00023103935258824126
2 2 14 0.00026520337746104646
1 1 15 0.00020091846628911896
1 2 15 0.0002217734937345076
2 1 15 0.0003243791606373915
2 2 15 0.0002999910794549577
1 1 16 0.00028806391195955764
1 2 16 0.000254010334340841
2 1 16 0.0003163384891110375
2 2 16 0.00037598059650021835
1 1 17 0.0003532527062758943
1 2 17 0.0003156571695829925
2 1 17 0.0003695376366996978
2 2 17 0.00030433737695585245
1 1 18 0.0003489601286346028
1 2 18 0.0002670820302634791
2 1 18 0.00036148811748835637
2 2 18 0.0002565989303704752
1 1 19 0.0004159992756803113
1 2 19 0.00033040719803866333
2 1 19 0.0004814219373872466
2 2 19 0.0003706398976672688
1 1 20 0.0003063094979311715
1 2 20 0.00035405467539398994
2 1 20 0.0003766947591920285
2 2 20 0.00027295130916339547
