W: 2.0
num_iter: 0
[-0.69455783 -0.69455783 -0.64286878 -0.64286878 -0.57241283 -0.57241283
 -0.4869634  -0.4869634  -0.39117185 -0.39117185 -0.28496228 -0.28496228
 -0.16745299 -0.16745299 -0.03628382 -0.03628382  0.03628435  0.03628435
  0.16745268  0.16745268  0.28496343  0.28496343  0.39117486  0.39117486
  0.48696235  0.48696235  0.572413    0.572413    0.64286605  0.64286605
  0.69455706  0.69455706]
localization_length: 3.4450621938214225
3.5099738936410287
W_list: [2.0]
L_list: [28.07979114912823]
