Norm difference: 1.0
Norm difference: 1.0
1 1
1 2
1 3
2 1
2 2
2 3
3 1
3 2
3 3
1 1
1 2
1 3
2 1
2 2
2 3
3 1
3 2
3 3
1 1
1 2
1 3
2 1
2 2
2 3
3 1
3 2
3 3
1 1
1 2
1 3
2 1
2 2
2 3
3 1
3 2
3 3
1 1
1 2
1 3
2 1
2 2
2 3
3 1
3 2
3 3
1 1
1 2
1 3
2 1
2 2
2 3
3 1
3 2
3 3
1 1
1 2
1 3
2 1
2 2
2 3
3 1
3 2
3 3
1 1
1 2
1 3
2 1
2 2
2 3
3 1
3 2
3 3
1 1
1 2
1 3
2 1
2 2
2 3
3 1
3 2
3 3
1 1
1 2
1 3
2 1
2 2
2 3
3 1
3 2
3 3
1 1
1 2
1 3
2 1
2 2
2 3
3 1
3 2
3 3
1 1
1 2
1 3
2 1
2 2
2 3
3 1
3 2
3 3
1 1
1 2
1 3
2 1
2 2
2 3
3 1
3 2
3 3
1 1
1 2
1 3
2 1
2 2
2 3
3 1
3 2
3 3
1 1
1 2
1 3
2 1
2 2
2 3
3 1
3 2
3 3
1 1
1 2
1 3
2 1
2 2
2 3
3 1
3 2
3 3
1 1
1 2
1 3
2 1
2 2
2 3
3 1
3 2
3 3
1 1
1 2
1 3
2 1
2 2
2 3
3 1
3 2
3 3
1 1
1 2
1 3
2 1
2 2
2 3
3 1
3 2
3 3
1 1
1 2
1 3
2 1
2 2
2 3
3 1
3 2
3 3
1 1 1 0.02170282496276542
1 2 1 0.01799693501040753
1 3 1 0.013253838808558982
2 1 1 0.01669366021026158
2 2 1 0.014851368547815404
2 3 1 0.012427959853133542
3 1 1 0.018952873028712576
3 2 1 0.018517900735501896
3 3 1 0.015915825088763016
1 1 2 0.02293554675584472
1 2 2 0.015765771913369052
1 3 2 0.013761835761664796
2 1 2 0.015214323274228244
2 2 2 0.00941127961277485
2 3 2 0.00961096398232988
3 1 2 0.020492372592917345
3 2 2 0.01351429618084766
3 3 2 0.014432740468647473
1 1 3 0.019437192696223172
1 2 3 0.012773700459974464
1 3 3 0.019460555235931386
2 1 3 0.013507275822343867
2 2 3 0.007946335127393652
2 3 3 0.013728226291537018
3 1 3 0.01786600507494264
3 2 3 0.01006812368271146
3 3 3 0.013154093430853678
1 1 4 0.016301507721208437
1 2 4 0.018374426711670895
1 3 4 0.017192491714483456
2 1 4 0.011343731890179743
2 2 4 0.011293388765781185
2 3 4 0.015213010713474542
3 1 4 0.018049343224759606
3 2 4 0.008203096035426181
3 3 4 0.012323625323952501
1 1 5 0.018837246335147932
1 2 5 0.015859878909568255
1 3 5 0.018607559780847237
2 1 5 0.01330338097689612
2 2 5 0.010165159020300185
2 3 5 0.013109772646465295
3 1 5 0.014880467627890383
3 2 5 0.008614306498866572
3 3 5 0.015475542198196501
1 1 6 0.015702630877111757
1 2 6 0.013160936000293787
1 3 6 0.019927129875812744
2 1 6 0.011121957554805516
2 2 6 0.009172811098183062
2 3 6 0.012493308026853047
3 1 6 0.012827537003870019
3 2 6 0.008105041001599384
3 3 6 0.014860642266065177
1 1 7 0.015730728643338486
1 2 7 0.011792615246859397
1 3 7 0.014227641490249803
2 1 7 0.012489581425963426
2 2 7 0.008260007955072493
2 3 7 0.012601127265055837
3 1 7 0.011746304241203851
3 2 7 0.009971114309110516
3 3 7 0.014743175875169401
1 1 8 0.018219570726516705
1 2 8 0.009469614898668311
1 3 8 0.017787148855736897
2 1 8 0.014472771912774329
2 2 8 0.007932571200330646
2 3 8 0.010982362978940254
3 1 8 0.01392404466491486
3 2 8 0.009262494083784174
3 3 8 0.013360576263763784
1 1 9 0.01704639182669405
1 2 9 0.007686044689111574
1 3 9 0.01758983015695959
2 1 9 0.01252854677647526
2 2 9 0.006854830190917906
2 3 9 0.012181386214903403
3 1 9 0.01575079370284046
3 2 9 0.007205169887563985
3 3 9 0.0126468994023786
1 1 10 0.01509443407380869
1 2 10 0.008617819492731776
1 3 10 0.01541316180314056
2 1 10 0.011646278529678505
2 2 10 0.005035852059243847
2 3 10 0.009245846047479269
3 1 10 0.013471204111314281
3 2 10 0.005048618086863131
3 3 10 0.011779334655031799
1 1 11 0.015541090654163495
1 2 11 0.008305745315307232
1 3 11 0.014117550769351075
2 1 11 0.00904183778837608
2 2 11 0.0043441011613348495
2 3 11 0.007977527167467724
3 1 11 0.010498285639762316
3 2 11 0.005601423462170575
3 3 11 0.01121966807117338
1 1 12 0.014137508351357376
1 2 12 0.007635807534831615
1 3 12 0.012525213595383642
2 1 12 0.007076757142738287
2 2 12 0.0059874356000934395
2 3 12 0.007696264838672584
3 1 12 0.009606077907466383
3 2 12 0.004536389995327254
3 3 12 0.009849532786094828
1 1 13 0.012542317127623584
1 2 13 0.005594846375948594
1 3 13 0.012193491507980483
2 1 13 0.006894446439760572
2 2 13 0.004512803935339
2 3 13 0.009732587140349103
3 1 13 0.008343216528766902
3 2 13 0.005722091115647651
3 3 13 0.009167601636105683
1 1 14 0.011551338375003018
1 2 14 0.00509369154757665
1 3 14 0.011787749271703854
2 1 14 0.0077694252115198216
2 2 14 0.00292169392552104
2 3 14 0.008781329372424972
3 1 14 0.0075836927329814745
3 2 14 0.005787454408846527
3 3 14 0.008505872177378629
1 1 15 0.008507270744653753
1 2 15 0.003981425929837126
1 3 15 0.01139564371105704
2 1 15 0.006461185283861125
2 2 15 0.004566095028711954
2 3 15 0.006676157607873335
3 1 15 0.008623923547930628
3 2 15 0.0029687604951238807
3 3 15 0.008018496741748721
1 1 16 0.0067949231203087756
1 2 16 0.0036589368198106723
1 3 16 0.008623420877257136
2 1 16 0.005812103519971702
2 2 16 0.00212622449882408
2 3 16 0.0053134431672057884
3 1 16 0.007155026515633912
3 2 16 0.0024332519809722166
3 3 16 0.005830254956890537
1 1 17 0.005638624790240608
1 2 17 0.004032072091346269
1 3 17 0.006521501843109583
2 1 17 0.0042651220266522495
2 2 17 0.002966130483086421
2 3 17 0.004220166041566614
3 1 17 0.0053365453174368015
3 2 17 0.0026632290869783677
3 3 17 0.005846077250892246
1 1 18 0.006008206630730316
1 2 18 0.0030288330295647034
1 3 18 0.005801836299545006
2 1 18 0.003887995464166684
2 2 18 0.002573163079612091
2 3 18 0.004627114234813237
3 1 18 0.0038057537636284485
3 2 18 0.0020602906384034583
3 3 18 0.005773417247251939
1 1 19 0.00526550312976671
1 2 19 0.002837660761330967
1 3 19 0.004659859568242516
2 1 19 0.003750690890548038
2 2 19 0.002712850889690014
2 3 19 0.003917435914540557
3 1 19 0.0040250095547490865
3 2 19 0.002302079988045275
3 3 19 0.00391801386475609
1 1 20 0.004159141710508898
1 2 20 0.002664229150425548
1 3 20 0.003380602891726728
2 1 20 0.0022502330691740813
2 2 20 0.0025647590288488988
2 3 20 0.0032484967673249328
3 1 20 0.003474169317943954
3 2 20 0.0027544028927976062
3 3 20 0.0034509430387270066
