[-2.41421356 -1.         -1.         -0.41421356  0.41421356  1.
  1.          2.41421356]
W: 3.0
num_iter: 0
[-0.71801056 -0.65781412 -0.59096533 -0.51620551 -0.43348115 -0.34315248
 -0.24412449 -0.13024346  0.13024488  0.24412712  0.34314787  0.43348291
  0.51619939  0.59096423  0.65782468  0.71800604]
localization_length: 0.9597410577471998
0.9542012992278363
W_list: [3.0]
L_list: [0.9542012992278363]
[-2.41421356 -1.         -1.         -0.41421356  0.41421356  1.
  1.          2.41421356]
W: 3.0
num_iter: 0
[-0.71791542 -0.65785649 -0.59124364 -0.51513912 -0.43307467 -0.3410481
 -0.24271169 -0.13053987  0.13054319  0.24271522  0.3410434   0.43307718
  0.51513836  0.59124992  0.65784973  0.717912  ]
localization_length: 0.9575618206813613
0.9552499183963142
W_list: [3.0]
L_list: [0.9552499183963142]
