Norm difference: 1.0
Norm difference: 1.0
1 1
1 2
2 1
2 2
1 1
1 2
2 1
2 2
1 1
1 2
2 1
2 2
1 1
1 2
2 1
2 2
1 1
1 2
2 1
2 2
1 1
1 2
2 1
2 2
1 1
1 2
2 1
2 2
1 1
1 2
2 1
2 2
1 1
1 2
2 1
2 2
1 1
1 2
2 1
2 2
1 1
1 2
2 1
2 2
1 1
1 2
2 1
2 2
1 1
1 2
2 1
2 2
1 1
1 2
2 1
2 2
1 1
1 2
2 1
2 2
1 1
1 2
2 1
2 2
1 1
1 2
2 1
2 2
1 1
1 2
2 1
2 2
1 1
1 2
2 1
2 2
1 1
1 2
2 1
2 2
1 1 1 0.009618187797533696
1 2 1 0.013975502479424053
2 1 1 0.010890875311601357
2 2 1 0.010810126403335639
1 1 2 0.011607294783368402
1 2 2 0.010980086108138349
2 1 2 0.010983358178091856
2 2 2 0.008489862735188366
1 1 3 0.00802196397971732
1 2 3 0.01007691237047276
2 1 3 0.008455966331630033
2 2 3 0.00679053465567826
1 1 4 0.009688189376091878
1 2 4 0.008491959266244034
2 1 4 0.006361052852453137
2 2 4 0.005758291986006584
1 1 5 0.006393522230187032
1 2 5 0.006554170875263862
2 1 5 0.006962195536036775
2 2 5 0.005826485596976796
1 1 6 0.010067915658551653
1 2 6 0.006064404808166673
2 1 6 0.005777451766507706
2 2 6 0.006054683342585916
1 1 7 0.005136501301724773
1 2 7 0.00461207668037865
2 1 7 0.006622950830625524
2 2 7 0.006448499169800186
1 1 8 0.005807874017503586
1 2 8 0.00676177756337871
2 1 8 0.006935900099516112
2 2 8 0.0039896792323227195
1 1 9 0.006406374281733461
1 2 9 0.005925518652152667
2 1 9 0.005101620652338217
2 2 9 0.004178857376282499
1 1 10 0.007157069479080935
1 2 10 0.006001077287710268
2 1 10 0.0039231220149958095
2 2 10 0.003442089591855906
1 1 11 0.005116557777030966
1 2 11 0.0055158505738462345
2 1 11 0.005055043961669116
2 2 11 0.003916946426283652
1 1 12 0.00597863189199862
1 2 12 0.004150410089566344
2 1 12 0.004285144816589667
2 2 12 0.004451805391901287
1 1 13 0.003790838406225116
1 2 13 0.0043426297428563465
2 1 13 0.003842147617181088
2 2 13 0.006063676056307308
1 1 14 0.003022914757161864
1 2 14 0.0048911667447306025
2 1 14 0.005518026716230176
2 2 14 0.0056967816478119436
1 1 15 0.004555363265510297
1 2 15 0.006661375730122808
2 1 15 0.003831233242286892
2 2 15 0.0038170047173388946
1 1 16 0.005009143493154041
1 2 16 0.004046726513944187
2 1 16 0.0014433146733829622
2 2 16 0.0044442172826763965
1 1 17 0.002932572808074847
1 2 17 0.005264119120310532
2 1 17 0.0020827494303397374
2 2 17 0.0030140554694523614
1 1 18 0.0018510056062516999
1 2 18 0.002528057922245229
2 1 18 0.0025527244497650526
2 2 18 0.001943499100801572
1 1 19 0.0017843262510529266
1 2 19 0.0026098624338077277
2 1 19 0.0011843523548850448
2 2 19 0.0021986027871012882
1 1 20 0.0013526617535439126
1 2 20 0.0012942411163211686
2 1 20 0.00141640365397332
2 2 20 0.0018484942976772247
