[-2.41421356 -1.         -1.         -0.41421356  0.41421356  1.
  1.          2.41421356]
W: 3.2
num_iter: 0
[-0.77467021 -0.74770247 -0.71798896 -0.68707562 -0.65286053 -0.61651332
 -0.57835415 -0.53784267 -0.49401712 -0.44910181 -0.40070063 -0.35094216
 -0.29648535 -0.23728514 -0.17333461 -0.09715341  0.09715919  0.17334019
  0.23728175  0.29648815  0.35093907  0.4006982   0.44910142  0.49401692
  0.53785178  0.57834854  0.61652762  0.65286023  0.68706201  0.71797952
  0.74770186  0.77467169]
localization_length: 0.6433124523324771
0.6508798271479266
W_list: [3.2]
L_list: [0.6508798271479266]
[-2.41421356 -1.         -1.         -0.41421356  0.41421356  1.
  1.          2.41421356]
W: 3.2
num_iter: 0
[-0.77329473 -0.74732596 -0.71769299 -0.68691895 -0.65219703 -0.61605331
 -0.57804668 -0.53674163 -0.49433807 -0.44816969 -0.400353   -0.35007949
 -0.29535861 -0.23686033 -0.17061735 -0.09696789  0.09696909  0.1706113
  0.23686706  0.29534889  0.35008042  0.40036077  0.44815867  0.4943377
  0.53674852  0.57804415  0.61605495  0.6522015   0.68691127  0.71769894
  0.74732607  0.7732964 ]
localization_length: 0.6445432541291035
0.6424037476125913
W_list: [3.2]
L_list: [0.6424037476125913]
