C_list:
0.0006231251992914441 0.22232371394879857
C_list:
0.000650842175846716 0.22978885315788516
C_list:
0.0006725543803297224 0.24533761804339038
C_list:
0.0006728442925323275 0.2638903269158408
C_list:
0.0006861575370622896 0.271258606538942
C_list:
0.0006710386948628847 0.2881451737501502
ndim2: 60
W_list: [2.3, 2.4, 2.5, 2.5999999999999996, 2.6999999999999997, 2.8]
L_list: [4.497945730747828, 4.351821188266744, 4.076015769514564, 3.7894530340966885, 3.686518974491744, 3.4704728418151363]
C_list:
0.0006021627223231263 0.16230285561469088
C_list:
0.0005485225941724431 0.15918880278895928
C_list:
0.0005981910509105298 0.17857523631298244
C_list:
0.000550054595699877 0.1894083761076601
C_list:
0.0005738247245707348 0.2136880859190318
C_list:
0.0006152031111257751 0.22629116450792955
ndim2: 60
W_list: [2.3, 2.4, 2.5, 2.5999999999999996, 2.6999999999999997, 2.8]
L_list: [6.161321045231719, 6.281848864242832, 5.599880591771054, 5.279597558196677, 4.679718083950213, 4.419085482963957]
C_list:
0.000562233379664766 0.13280705771961693
C_list:
0.0005656732879726003 0.1503504018428304
C_list:
0.0005117114912930768 0.15393347843334107
C_list:
0.0005023659053615484 0.16151236380154896
C_list:
0.0005280577595878724 0.18296397768298836
C_list:
0.00046445030810501637 0.17915884913362629
ndim2: 60
W_list: [2.3, 2.4, 2.5, 2.5999999999999996, 2.6999999999999997, 2.8]
L_list: [7.529720311334704, 6.651129546333739, 6.496312629179216, 6.191476469434284, 5.465556732334739, 5.581638891049955]
