[-2.41421356 -1.         -1.         -0.41421356  0.41421356  1.
  1.          2.41421356]
W: 3.8000000000000003
num_iter: 0
[-0.85410259 -0.70344707 -0.51103856 -0.28429912  0.2842987   0.51104217
  0.70344385  0.85410262]
localization_length: 0.8793568208978216
0.8732948435628433
num_iter: 1
[-0.8543316  -0.70358769 -0.51242201 -0.28312246  0.28311845  0.51242967
  0.70359007  0.85432557]
localization_length: 0.88302262756393
0.8840746268041568
num_iter: 2
[-0.85304783 -0.70140386 -0.51104797 -0.28200985  0.28201151  0.51104577
  0.701404    0.85304823]
localization_length: 0.8864938598721618
0.8800909355715814
W_list: [3.8000000000000003]
L_list: [0.8791534686461937]
[-2.41421356 -1.         -1.         -0.41421356  0.41421356  1.
  1.          2.41421356]
W: 3.8000000000000003
num_iter: 0
[-0.85278463 -0.70122047 -0.51226393 -0.28372488  0.28372411  0.5122646
  0.70121842  0.85278677]
localization_length: 0.8811376755832289
0.8871474417874828
num_iter: 1
[-0.8533296  -0.70246425 -0.51157183 -0.2838846   0.28388719  0.51157224
  0.70245965  0.85333119]
localization_length: 0.88063951894593
0.8771673387818449
num_iter: 2
[-0.85371699 -0.70201212 -0.51110448 -0.28503323  0.28502639  0.5111101
  0.70201152  0.85371881]
localization_length: 0.877111776668769
0.8731009138740463
W_list: [3.8000000000000003]
L_list: [0.8791385648144581]
