W: 2.4
num_iter: 0
[-0.70276407 -0.70276407 -0.6951146  -0.6951146  -0.68602729 -0.68602729
 -0.67583281 -0.67583281 -0.66403934 -0.66403934 -0.65150636 -0.65150636
 -0.63805567 -0.63805567 -0.62351479 -0.62351479 -0.60824688 -0.60824688
 -0.59192521 -0.59192521 -0.57434649 -0.57434649 -0.5561758  -0.5561758
 -0.5373021  -0.5373021  -0.51714686 -0.51714686 -0.49614866 -0.49614866
 -0.4742892  -0.4742892  -0.45188513 -0.45188513 -0.42817286 -0.42817286
 -0.40328702 -0.40328702 -0.37764716 -0.37764716 -0.351074   -0.351074
 -0.32319018 -0.32319018 -0.29449021 -0.29449021 -0.26505326 -0.26505326
 -0.23471735 -0.23471735 -0.20346566 -0.20346566 -0.17137362 -0.17137362
 -0.13903262 -0.13903262 -0.10610627 -0.10610627 -0.07354573 -0.07354573
 -0.04122637 -0.04122637 -0.00850883 -0.00850883  0.00850876  0.00850876
  0.04122883  0.04122883  0.07355082  0.07355082  0.10610209  0.10610209
  0.13902821  0.13902821  0.1713726   0.1713726   0.20347033  0.20347033
  0.2347231   0.2347231   0.26505143  0.26505143  0.29449536  0.29449536
  0.32319249  0.32319249  0.35107281  0.35107281  0.37764906  0.37764906
  0.40328856  0.40328856  0.428171    0.428171    0.45188125  0.45188125
  0.47429502  0.47429502  0.49614608  0.49614608  0.51714142  0.51714142
  0.53730387  0.53730387  0.55617485  0.55617485  0.57434593  0.57434593
  0.59192232  0.59192232  0.60824561  0.60824561  0.62351009  0.62351009
  0.63805457  0.63805457  0.65150681  0.65150681  0.66404017  0.66404017
  0.67583688  0.67583688  0.68602581  0.68602581  0.69511547  0.69511547
  0.70276079  0.70276079]
localization_length: 3.6726841427923818
3.807205222703169
W_list: [2.4]
L_list: [121.8305671265014]
