W: 3.0
num_iter: 0
[-1.01540722 -1.01540722 -1.00313273 -1.00313273 -0.98969028 -0.98969028
 -0.97465146 -0.97465146 -0.95849353 -0.95849353 -0.9406695  -0.9406695
 -0.92138574 -0.92138574 -0.9005923  -0.9005923  -0.87857955 -0.87857955
 -0.85491517 -0.85491517 -0.83018255 -0.83018255 -0.80389513 -0.80389513
 -0.7766284  -0.7766284  -0.7477326  -0.7477326  -0.71814545 -0.71814545
 -0.68682257 -0.68682257 -0.65456591 -0.65456591 -0.6211708  -0.6211708
 -0.58664782 -0.58664782 -0.55092836 -0.55092836 -0.51382942 -0.51382942
 -0.47615733 -0.47615733 -0.43690514 -0.43690514 -0.39688139 -0.39688139
 -0.35537768 -0.35537768 -0.31298507 -0.31298507 -0.26917029 -0.26917029
 -0.22459722 -0.22459722 -0.17849891 -0.17849891 -0.13136466 -0.13136466
 -0.08251097 -0.08251097 -0.0278388  -0.0278388   0.02783655  0.02783655
  0.08250949  0.08250949  0.13137198  0.13137198  0.17850225  0.17850225
  0.22459768  0.22459768  0.26917205  0.26917205  0.31298481  0.31298481
  0.35537598  0.35537598  0.39688912  0.39688912  0.43690366  0.43690366
  0.47615621  0.47615621  0.5138227   0.5138227   0.5509224   0.5509224
  0.58665282  0.58665282  0.62116747  0.62116747  0.65456745  0.65456745
  0.68682667  0.68682667  0.71814726  0.71814726  0.74773106  0.74773106
  0.77663407  0.77663407  0.80389902  0.80389902  0.83019232  0.83019232
  0.85491713  0.85491713  0.87857887  0.87857887  0.90059598  0.90059598
  0.92137833  0.92137833  0.94065251  0.94065251  0.95848772  0.95848772
  0.97464819  0.97464819  0.98969149  0.98969149  1.00313133  1.00313133
  1.01540939  1.01540939]
localization_length: 1.1226248521282949
1.1124349672611058
W_list: [3.0]
L_list: [35.597918952355386]
