Norm difference: 1.0
Norm difference: 1.0
1 1
1 2
1 3
2 1
2 2
2 3
3 1
3 2
3 3
1 1
1 2
1 3
2 1
2 2
2 3
3 1
3 2
3 3
1 1
1 2
1 3
2 1
2 2
2 3
3 1
3 2
3 3
1 1
1 2
1 3
2 1
2 2
2 3
3 1
3 2
3 3
1 1
1 2
1 3
2 1
2 2
2 3
3 1
3 2
3 3
1 1
1 2
1 3
2 1
2 2
2 3
3 1
3 2
3 3
1 1
1 2
1 3
2 1
2 2
2 3
3 1
3 2
3 3
1 1
1 2
1 3
2 1
2 2
2 3
3 1
3 2
3 3
1 1
1 2
1 3
2 1
2 2
2 3
3 1
3 2
3 3
1 1
1 2
1 3
2 1
2 2
2 3
3 1
3 2
3 3
1 1
1 2
1 3
2 1
2 2
2 3
3 1
3 2
3 3
1 1
1 2
1 3
2 1
2 2
2 3
3 1
3 2
3 3
1 1
1 2
1 3
2 1
2 2
2 3
3 1
3 2
3 3
1 1
1 2
1 3
2 1
2 2
2 3
3 1
3 2
3 3
1 1
1 2
1 3
2 1
2 2
2 3
3 1
3 2
3 3
1 1
1 2
1 3
2 1
2 2
2 3
3 1
3 2
3 3
1 1
1 2
1 3
2 1
2 2
2 3
3 1
3 2
3 3
1 1
1 2
1 3
2 1
2 2
2 3
3 1
3 2
3 3
1 1
1 2
1 3
2 1
2 2
2 3
3 1
3 2
3 3
1 1
1 2
1 3
2 1
2 2
2 3
3 1
3 2
3 3
1 1 1 0.008785290953001994
1 2 1 0.007309818182553708
1 3 1 0.00752701564113366
2 1 1 0.006274415537243788
2 2 1 0.007286244464084851
2 3 1 0.007228466857072298
3 1 1 0.006665850124810841
3 2 1 0.006092443292167351
3 3 1 0.008039430606525606
1 1 2 0.006880657052724762
1 2 2 0.006082939069934468
1 3 2 0.00912331273716379
2 1 2 0.007240177159224158
2 2 2 0.007579609875035325
2 3 2 0.007268114437222956
3 1 2 0.007835585122808835
3 2 2 0.007405574685093436
3 3 2 0.008492498519238695
1 1 3 0.006022747266047822
1 2 3 0.007774477773714539
1 3 3 0.008316425895097169
2 1 3 0.0057004365387058
2 2 3 0.007011003825715058
2 3 3 0.008808237036361516
3 1 3 0.007280707757214684
3 2 3 0.005440063627268071
3 3 3 0.006701179757864034
1 1 4 0.007399139485457648
1 2 4 0.00795812141882768
1 3 4 0.007767933964678514
2 1 4 0.005101199932059861
2 2 4 0.006888957014111295
2 3 4 0.007824125701889303
3 1 4 0.007975840829222808
3 2 4 0.009173429260179982
3 3 4 0.007609770204242483
1 1 5 0.008121662959621575
1 2 5 0.007224001818882092
1 3 5 0.008297457867808946
2 1 5 0.007036615845170707
2 2 5 0.007615441716119326
2 3 5 0.006850417044015349
3 1 5 0.006024819430202917
3 2 5 0.00720144498952234
3 3 5 0.008149502901537767
1 1 6 0.005317579310692664
1 2 6 0.005758376613349386
1 3 6 0.009579723321615777
2 1 6 0.006969199837756977
2 2 6 0.007706268548136254
2 3 6 0.007506075694446901
3 1 6 0.005869247496987832
3 2 6 0.00837166038329087
3 3 6 0.007587977056529041
1 1 7 0.006050838506760485
1 2 7 0.005610545846890311
1 3 7 0.009369175347381725
2 1 7 0.006953392014603883
2 2 7 0.006707608908905803
2 3 7 0.009201946374945947
3 1 7 0.00627647734734577
3 2 7 0.007161458245922829
3 3 7 0.008603858020759216
1 1 8 0.0067060814709342335
1 2 8 0.007534798745922439
1 3 8 0.006473363474449248
2 1 8 0.005389760001844058
2 2 8 0.0071145628528681
2 3 8 0.008658781889675091
3 1 8 0.0061612478524148764
3 2 8 0.007896439585256496
3 3 8 0.008802319096239315
1 1 9 0.0070151615921607655
1 2 9 0.005476088680491564
1 3 9 0.005507708341430217
2 1 9 0.007745934562565063
2 2 9 0.007139868942254365
2 3 9 0.008904906842543588
3 1 9 0.008604675670737411
3 2 9 0.007610922320683122
3 3 9 0.009401845746317448
1 1 10 0.00810404209210328
1 2 10 0.0050378754983958236
1 3 10 0.007646270911200734
2 1 10 0.009201299997657193
2 2 10 0.006969119732158556
2 3 10 0.006822383056169831
3 1 10 0.008413606527271234
3 2 10 0.00828357748339471
3 3 10 0.0071640055723762724
1 1 11 0.006534017369632578
1 2 11 0.006202236064075042
1 3 11 0.008360498284322684
2 1 11 0.009226908076522166
2 2 11 0.007875710169736337
2 3 11 0.007872324759125795
3 1 11 0.009442149862592
3 2 11 0.0071501629307746065
3 3 11 0.006460011539876442
1 1 12 0.005376723829861264
1 2 12 0.005236338380952868
1 3 12 0.006430427332128198
2 1 12 0.009290639121705375
2 2 12 0.006178983470707541
2 3 12 0.008521324973759346
3 1 12 0.00970914963057322
3 2 12 0.006214432492374635
3 3 12 0.007255589023401019
1 1 13 0.005513542207962815
1 2 13 0.005945440886414935
1 3 13 0.005562928098888821
2 1 13 0.00944441819495424
2 2 13 0.007917459795606714
2 3 13 0.007509698150436171
3 1 13 0.00813094996821955
3 2 13 0.006503776399635936
3 3 13 0.0096403683358226
1 1 14 0.007477283436008064
1 2 14 0.004915824304739219
1 3 14 0.0055454977861855255
2 1 14 0.007667275472644034
2 2 14 0.00637349125513282
2 3 14 0.00742703865545038
3 1 14 0.0102450204230809
3 2 14 0.005873540297563001
3 3 14 0.009116063518957104
1 1 15 0.0073115959358969656
1 2 15 0.005048171607849377
1 3 15 0.005420939772938406
2 1 15 0.00860122150182367
2 2 15 0.007380785294562209
2 3 15 0.007224327438907624
3 1 15 0.008842059788729536
3 2 15 0.008039775981515392
3 3 15 0.0069428986130005725
1 1 16 0.0064438694844153365
1 2 16 0.0040789420484124705
1 3 16 0.005573808469428115
2 1 16 0.009507666870716304
2 2 16 0.0057807439708595166
2 3 16 0.00937198274841734
3 1 16 0.009251915591003962
3 2 16 0.005730485759958241
3 3 16 0.00753779547884882
1 1 17 0.006201226971473821
1 2 17 0.004894081592505859
1 3 17 0.005610070732654382
2 1 17 0.008503998473301362
2 2 17 0.007013133104802283
2 3 17 0.007845046898329756
3 1 17 0.00985689522868997
3 2 17 0.006056144064331789
3 3 17 0.006672883118978163
1 1 18 0.0053793042068651115
1 2 18 0.00382104823224562
1 3 18 0.005073938130325076
2 1 18 0.008622452430282252
2 2 18 0.005602652921667169
2 3 18 0.006794499869140544
3 1 18 0.007804173236672786
3 2 18 0.005982903809687168
3 3 18 0.007391512317928291
1 1 19 0.005597775188429065
1 2 19 0.0033895211773062373
1 3 19 0.005554280895475628
2 1 19 0.00881833496042123
2 2 19 0.005089312941917062
2 3 19 0.006076309112162274
3 1 19 0.007664069837683448
3 2 19 0.007185068506141719
3 3 19 0.0066821692827147465
1 1 20 0.005275123883259566
1 2 20 0.004606808154360059
1 3 20 0.006022330971635699
2 1 20 0.007233440042577931
2 2 20 0.005154468583899144
2 3 20 0.007736949689341323
3 1 20 0.008057900879934226
3 2 20 0.005454029685835051
3 3 20 0.006887543261578968
