Norm difference: 1.0
Norm difference: 1.0
1 1
1 2
1 3
2 1
2 2
2 3
3 1
3 2
3 3
1 1
1 2
1 3
2 1
2 2
2 3
3 1
3 2
3 3
1 1
1 2
1 3
2 1
2 2
2 3
3 1
3 2
3 3
1 1
1 2
1 3
2 1
2 2
2 3
3 1
3 2
3 3
1 1
1 2
1 3
2 1
2 2
2 3
3 1
3 2
3 3
1 1
1 2
1 3
2 1
2 2
2 3
3 1
3 2
3 3
1 1
1 2
1 3
2 1
2 2
2 3
3 1
3 2
3 3
1 1
1 2
1 3
2 1
2 2
2 3
3 1
3 2
3 3
1 1
1 2
1 3
2 1
2 2
2 3
3 1
3 2
3 3
1 1
1 2
1 3
2 1
2 2
2 3
3 1
3 2
3 3
1 1
1 2
1 3
2 1
2 2
2 3
3 1
3 2
3 3
1 1
1 2
1 3
2 1
2 2
2 3
3 1
3 2
3 3
1 1
1 2
1 3
2 1
2 2
2 3
3 1
3 2
3 3
1 1
1 2
1 3
2 1
2 2
2 3
3 1
3 2
3 3
1 1
1 2
1 3
2 1
2 2
2 3
3 1
3 2
3 3
1 1
1 2
1 3
2 1
2 2
2 3
3 1
3 2
3 3
1 1
1 2
1 3
2 1
2 2
2 3
3 1
3 2
3 3
1 1
1 2
1 3
2 1
2 2
2 3
3 1
3 2
3 3
1 1
1 2
1 3
2 1
2 2
2 3
3 1
3 2
3 3
1 1
1 2
1 3
2 1
2 2
2 3
3 1
3 2
3 3
1 1 1 0.00683569251806361
1 2 1 0.005196152961783452
1 3 1 0.005978717628868271
2 1 1 0.00884765876759357
2 2 1 0.007590292205309499
2 3 1 0.007106346815874272
3 1 1 0.00611545549586584
3 2 1 0.011478516154692916
3 3 1 0.00794841942104139
1 1 2 0.005096532975883616
1 2 2 0.005710992037469104
1 3 2 0.0056232756422334804
2 1 2 0.005498197986305698
2 2 2 0.006356061232457586
2 3 2 0.007013142194739799
3 1 2 0.008278226464785704
3 2 2 0.007470433963912111
3 3 2 0.007950614571765883
1 1 3 0.005009145616624672
1 2 3 0.006107282510652444
1 3 3 0.005498196048585927
2 1 3 0.006132335413177406
2 2 3 0.008515398772922175
2 3 3 0.005680904983332789
3 1 3 0.006569173175075375
3 2 3 0.006553694600839498
3 3 3 0.006651241702003414
1 1 4 0.004602018158473352
1 2 4 0.004520368395150463
1 3 4 0.0069598073352118055
2 1 4 0.006582480482113656
2 2 4 0.006248160686709088
2 3 4 0.006003873790412099
3 1 4 0.006188187404736941
3 2 4 0.007473097818258912
3 3 4 0.004484664254363815
1 1 5 0.003947444434348732
1 2 5 0.004695819342307339
1 3 5 0.006153332493073666
2 1 5 0.005240774933328269
2 2 5 0.005804388724673185
2 3 5 0.006190114277319988
3 1 5 0.006352822459609661
3 2 5 0.006189876976116469
3 3 5 0.006776150014347041
1 1 6 0.005205616625752105
1 2 6 0.00538484890464541
1 3 6 0.004682734577993735
2 1 6 0.005323456330597765
2 2 6 0.006243521078709164
2 3 6 0.005732320959908955
3 1 6 0.006351035673897988
3 2 6 0.007010793937707829
3 3 6 0.006416692846978708
1 1 7 0.006235599372814161
1 2 7 0.005032206509314404
1 3 7 0.004979112508711083
2 1 7 0.006920932216357663
2 2 7 0.005702404036447754
2 3 7 0.005469765427599675
3 1 7 0.00608431296988738
3 2 7 0.005806552420384874
3 3 7 0.007773392111230749
1 1 8 0.00545513672024366
1 2 8 0.005189961763360688
1 3 8 0.005384684200303476
2 1 8 0.006806968935116975
2 2 8 0.006490493872895568
2 3 8 0.0061669829730791395
3 1 8 0.0056131062214319245
3 2 8 0.0056473369344219905
3 3 8 0.006696345449798367
1 1 9 0.0044945339761536425
1 2 9 0.0046969087138361175
1 3 9 0.0056183748363120775
2 1 9 0.005136519685945232
2 2 9 0.004958608581250846
2 3 9 0.006726043552417122
3 1 9 0.006007669396297988
3 2 9 0.00692986488923784
3 3 9 0.007403205856792179
1 1 10 0.005176520520214259
1 2 10 0.005026758571375261
1 3 10 0.005899015665599415
2 1 10 0.005838389433578333
2 2 10 0.005599691608501894
2 3 10 0.005046786468295837
3 1 10 0.006765151380658566
3 2 10 0.00567268168178352
3 3 10 0.0069115409835283845
1 1 11 0.00697085921183513
1 2 11 0.00574282976497068
1 3 11 0.007247117255665085
2 1 11 0.006950205910268683
2 2 11 0.006393924540808521
2 3 11 0.007197664103660845
3 1 11 0.008224902866684652
3 2 11 0.006789662865825663
3 3 11 0.00653637049986496
1 1 12 0.00878070362476938
1 2 12 0.006123148571209813
1 3 12 0.00745447840190392
2 1 12 0.008238310418717566
2 2 12 0.006339554593342682
2 3 12 0.007604487858041249
3 1 12 0.007755288623501086
3 2 12 0.006043434544053301
3 3 12 0.006366201906940161
1 1 13 0.007997729283055133
1 2 13 0.0052144552267964816
1 3 13 0.007287752294623477
2 1 13 0.008461125595039616
2 2 13 0.0054614638615631175
2 3 13 0.006425745506745016
3 1 13 0.009266541680885384
3 2 13 0.00716120943138626
3 3 13 0.006524698962457611
1 1 14 0.007124348064824572
1 2 14 0.006779501764809737
1 3 14 0.00761529662316954
2 1 14 0.006375460974367875
2 2 14 0.006490505549275176
2 3 14 0.007457769316727161
3 1 14 0.008459171548104102
3 2 14 0.005513848085631851
3 3 14 0.006799350344065829
1 1 15 0.008486562223547987
1 2 15 0.006046426515257091
1 3 15 0.007186366469258845
2 1 15 0.00733642519101668
2 2 15 0.005868463004960097
2 3 15 0.007301520990043861
3 1 15 0.006595047559898068
3 2 15 0.005227532436837554
3 3 15 0.0065644839776347625
1 1 16 0.009489783021551521
1 2 16 0.006062281247382272
1 3 16 0.006034528157069592
2 1 16 0.008647860689715231
2 2 16 0.00545378668672168
2 3 16 0.005789226061488908
3 1 16 0.006302432790857149
3 2 16 0.0052877488288257755
3 3 16 0.0070927955736731245
1 1 17 0.008475989067518144
1 2 17 0.004425837049005463
1 3 17 0.006314855045145305
2 1 17 0.007522934248271752
2 2 17 0.00501143093624949
2 3 17 0.006980752666149037
3 1 17 0.006693865953156604
3 2 17 0.005531306154008295
3 3 17 0.006670506139848646
1 1 18 0.007031862460168422
1 2 18 0.005232780988187726
1 3 18 0.006168501183360952
2 1 18 0.0068563923461788774
2 2 18 0.005099371829069973
2 3 18 0.005477551540090055
3 1 18 0.00756499631733976
3 2 18 0.00547238990634505
3 3 18 0.00635899476412836
1 1 19 0.005383393513691833
1 2 19 0.004969690816950233
1 3 19 0.006399702056620634
2 1 19 0.005886097118712539
2 2 19 0.004529637547187394
2 3 19 0.005486070488463083
3 1 19 0.006451499493208021
3 2 19 0.005000922409952006
3 3 19 0.006500176409130519
1 1 20 0.005863411649751544
1 2 20 0.00506805472578935
1 3 20 0.005699279202944018
2 1 20 0.005237068455797757
2 2 20 0.004617300740470398
2 3 20 0.0062141207323539735
3 1 20 0.006645480141439011
3 2 20 0.005237961660439444
3 3 20 0.005338617723576074
