Norm difference: 1.0
Norm difference: 1.0
1 1
1 2
2 1
2 2
1 1
1 2
2 1
2 2
1 1
1 2
2 1
2 2
1 1
1 2
2 1
2 2
1 1
1 2
2 1
2 2
1 1
1 2
2 1
2 2
1 1
1 2
2 1
2 2
1 1
1 2
2 1
2 2
1 1
1 2
2 1
2 2
1 1
1 2
2 1
2 2
1 1
1 2
2 1
2 2
1 1
1 2
2 1
2 2
1 1
1 2
2 1
2 2
1 1
1 2
2 1
2 2
1 1
1 2
2 1
2 2
1 1
1 2
2 1
2 2
1 1
1 2
2 1
2 2
1 1
1 2
2 1
2 2
1 1
1 2
2 1
2 2
1 1
1 2
2 1
2 2
1 1 1 0.0020088771569902715
1 2 1 0.0029133388400799163
2 1 1 0.0025354918721988036
2 2 1 0.002020208663797449
1 1 2 0.0015913889785978189
1 2 2 0.0021486683357562993
2 1 2 0.0019297831255955986
2 2 2 0.00182893580116135
1 1 3 0.001882917567960655
1 2 3 0.0012902705770601694
2 1 3 0.0010184065440013005
2 2 3 0.001544828450732123
1 1 4 0.0012769429474482376
1 2 4 0.0013106463855621178
2 1 4 0.0015816361770484959
2 2 4 0.0008242210380836242
1 1 5 0.0009040631019997605
1 2 5 0.0009978065608826092
2 1 5 0.00116749539370659
2 2 5 0.0009238477033810238
1 1 6 0.0011501615625640832
1 2 6 0.0008187751178221798
2 1 6 0.0006974420196394321
2 2 6 0.0009408552638230825
1 1 7 0.0008379553643705778
1 2 7 0.0008649231919348724
2 1 7 0.0008783531833618135
2 2 7 0.0008710233497712381
1 1 8 0.0007512482551842757
1 2 8 0.000861594156670234
2 1 8 0.0005869031924515787
2 2 8 0.0008147071378154958
1 1 9 0.0005407965413376888
1 2 9 0.0006941192526961357
2 1 9 0.0005066158808164508
2 2 9 0.0007876143505210036
1 1 10 0.00035201293299445726
1 2 10 0.0005904451613753629
2 1 10 0.000521852946925145
2 2 10 0.00048111640580170086
1 1 11 0.0003993392487478424
1 2 11 0.00044861884381042477
2 1 11 0.00031733975636014
2 2 11 0.0003123108022006648
1 1 12 0.00035375353738630917
1 2 12 0.0002524070780856219
2 1 12 0.0002019053260115891
2 2 12 0.00021069332121071544
1 1 13 0.00016714505130239189
1 2 13 0.00014335552958655079
2 1 13 0.00015223921012550467
2 2 13 0.00013511214126752072
1 1 14 8.797984627470319e-5
1 2 14 0.00010140160756487299
2 1 14 8.660590482571589e-5
2 2 14 7.634070275766776e-5
1 1 15 5.584768048835978e-5
1 2 15 7.1424731877455e-5
2 1 15 7.007988651376816e-5
2 2 15 6.182275878431006e-5
1 1 16 5.48487149241803e-5
1 2 16 5.1730229995834004e-5
2 1 16 4.362452336045752e-5
2 2 16 5.6249735549461356e-5
1 1 17 5.2672156654643474e-5
1 2 17 5.2631355816191735e-5
2 1 17 5.3751404463433185e-5
2 2 17 4.313726367611446e-5
1 1 18 5.2057562252125805e-5
1 2 18 4.175194696245143e-5
2 1 18 5.6347999979390153e-5
2 2 18 4.1783101456513075e-5
1 1 19 6.046244180423345e-5
1 2 19 5.401834017631869e-5
2 1 19 3.91315373958035e-5
2 2 19 4.888989797089314e-5
1 1 20 4.1288165295330254e-5
1 2 20 6.14032163389493e-5
2 1 20 4.5670176034246805e-5
2 2 20 4.650879598970172e-5
