Norm difference: 1.0
Norm difference: 1.0
1 1
1 2
1 3
2 1
2 2
2 3
3 1
3 2
3 3
1 1
1 2
1 3
2 1
2 2
2 3
3 1
3 2
3 3
1 1
1 2
1 3
2 1
2 2
2 3
3 1
3 2
3 3
1 1
1 2
1 3
2 1
2 2
2 3
3 1
3 2
3 3
1 1
1 2
1 3
2 1
2 2
2 3
3 1
3 2
3 3
1 1
1 2
1 3
2 1
2 2
2 3
3 1
3 2
3 3
1 1
1 2
1 3
2 1
2 2
2 3
3 1
3 2
3 3
1 1
1 2
1 3
2 1
2 2
2 3
3 1
3 2
3 3
1 1
1 2
1 3
2 1
2 2
2 3
3 1
3 2
3 3
1 1
1 2
1 3
2 1
2 2
2 3
3 1
3 2
3 3
1 1
1 2
1 3
2 1
2 2
2 3
3 1
3 2
3 3
1 1
1 2
1 3
2 1
2 2
2 3
3 1
3 2
3 3
1 1
1 2
1 3
2 1
2 2
2 3
3 1
3 2
3 3
1 1
1 2
1 3
2 1
2 2
2 3
3 1
3 2
3 3
1 1
1 2
1 3
2 1
2 2
2 3
3 1
3 2
3 3
1 1
1 2
1 3
2 1
2 2
2 3
3 1
3 2
3 3
1 1
1 2
1 3
2 1
2 2
2 3
3 1
3 2
3 3
1 1
1 2
1 3
2 1
2 2
2 3
3 1
3 2
3 3
1 1
1 2
1 3
2 1
2 2
2 3
3 1
3 2
3 3
1 1
1 2
1 3
2 1
2 2
2 3
3 1
3 2
3 3
1 1 1 0.012248884284927809
1 2 1 0.009047200459522679
1 3 1 0.007647176985739523
2 1 1 0.011659320217188945
2 2 1 0.009537794499805664
2 3 1 0.007540000652489937
3 1 1 0.007395906575994799
3 2 1 0.008646765434862647
3 3 1 0.006069858458276031
1 1 2 0.014582201361443082
1 2 2 0.014031176106187537
1 3 2 0.012303781200185836
2 1 2 0.01085296566345029
2 2 2 0.009099664278071181
2 3 2 0.006815753152277991
3 1 2 0.009577627514198689
3 2 2 0.009412301726039848
3 3 2 0.007270878401429032
1 1 3 0.008758396585772774
1 2 3 0.009614347116182365
1 3 3 0.010946590502009836
2 1 3 0.011730357843560446
2 2 3 0.008001173815424872
2 3 3 0.00710688939265864
3 1 3 0.008348001267776742
3 2 3 0.006648701206566171
3 3 3 0.007372426544651682
1 1 4 0.012778753711873855
1 2 4 0.012760132760616202
1 3 4 0.01157625042950167
2 1 4 0.010812870013525992
2 2 4 0.011163149531796378
2 3 4 0.008591693127916878
3 1 4 0.008835685382574482
3 2 4 0.008057254731406466
3 3 4 0.007505199306920898
1 1 5 0.009229895855668397
1 2 5 0.008684292954155242
1 3 5 0.009916411429950516
2 1 5 0.008434946993407655
2 2 5 0.010640777276754188
2 3 5 0.010200910970009393
3 1 5 0.00767836943065234
3 2 5 0.008493372494878255
3 3 5 0.00669655247663607
1 1 6 0.011048138491571543
1 2 6 0.012565334845450471
1 3 6 0.009679949149015894
2 1 6 0.009462382505532121
2 2 6 0.010272759874678848
2 3 6 0.008664221665907992
3 1 6 0.008785954232128215
3 2 6 0.007664260428781886
3 3 6 0.006697806350485086
1 1 7 0.009074019762643394
1 2 7 0.01279696921039058
1 3 7 0.009733330857406158
2 1 7 0.009561197874418562
2 2 7 0.008211182666305324
2 3 7 0.007798285968023273
3 1 7 0.0070730507079500805
3 2 7 0.0078324746974076
3 3 7 0.0066645312037802145
1 1 8 0.013073311196864617
1 2 8 0.013362246944466366
1 3 8 0.00819668838134395
2 1 8 0.009725033154202574
2 2 8 0.009185327352923035
2 3 8 0.007912018192571492
3 1 8 0.00795988033856072
3 2 8 0.008400513555940473
3 3 8 0.0073811067667453436
1 1 9 0.01000630046722705
1 2 9 0.009895249976955553
1 3 9 0.007033321553108714
2 1 9 0.009209799027641527
2 2 9 0.010746606954931563
2 3 9 0.007515231207427346
3 1 9 0.006960975216868484
3 2 9 0.006610371611586051
3 3 9 0.0051865912137088
1 1 10 0.013988617761685649
1 2 10 0.011097686545552422
1 3 10 0.006456283627502511
2 1 10 0.009451315581931827
2 2 10 0.011931494392481522
2 3 10 0.0078133365832822
3 1 10 0.007941368000003375
3 2 10 0.008769386130950376
3 3 10 0.0062707329247751005
1 1 11 0.01087167691221163
1 2 11 0.009163682362254911
1 3 11 0.006684629829625009
2 1 11 0.008554803437677446
2 2 11 0.010291658151697901
2 3 11 0.006206530669307611
3 1 11 0.007307385156777074
3 2 11 0.007749934807790808
3 3 11 0.005952160476886678
1 1 12 0.012972345144825096
1 2 12 0.009515332916470859
1 3 12 0.007469984665775446
2 1 12 0.011179385472740078
2 2 12 0.007299338809907571
2 3 12 0.0054472584592551495
3 1 12 0.007075004393975998
3 2 12 0.008429920543137336
3 3 12 0.00535108555527254
1 1 13 0.009393306875052358
1 2 13 0.008545546047381366
1 3 13 0.007029184905140162
2 1 13 0.009379127164609759
2 2 13 0.00679004835874142
2 3 13 0.005463409043069308
3 1 13 0.006079785659907059
3 2 13 0.006264054086452797
3 3 13 0.00515244556422032
1 1 14 0.010462260630695002
1 2 14 0.00895845166993418
1 3 14 0.007589077185164124
2 1 14 0.0099264484034805
2 2 14 0.007624794337257451
2 3 14 0.005939949083071266
3 1 14 0.010014575141507706
3 2 14 0.004977189056738444
3 3 14 0.004658001385114742
1 1 15 0.008883644116743456
1 2 15 0.006946747005643826
1 3 15 0.006338997248698427
2 1 15 0.007643262967366003
2 2 15 0.007437268759953222
2 3 15 0.006293371693372363
3 1 15 0.006445792483368548
3 2 15 0.006019108225895227
3 3 15 0.004253250222242698
1 1 16 0.009333217149739876
1 2 16 0.010608222222851724
1 3 16 0.007887902467046064
2 1 16 0.008250781031935417
2 2 16 0.006343859629395834
2 3 16 0.005277122567710785
3 1 16 0.006334799275311951
3 2 16 0.0073194673984005604
3 3 16 0.005547992997934803
1 1 17 0.0062841947964668255
1 2 17 0.007758665247696669
1 3 17 0.006415631543945444
2 1 17 0.0069210989770051076
2 2 17 0.0061078399507107075
2 3 17 0.0054673013139877056
3 1 17 0.005305031746700375
3 2 17 0.005351049183569392
3 3 17 0.004128927059461387
1 1 18 0.008890306964859488
1 2 18 0.008562519298452056
1 3 18 0.0063577323100955955
2 1 18 0.005545777499753798
2 2 18 0.005954962443542036
2 3 18 0.00496567709748017
3 1 18 0.007237972335273303
3 2 18 0.00520666450920453
3 3 18 0.004130551324498104
1 1 19 0.004799724483970461
1 2 19 0.007191338508861436
1 3 19 0.005817405669718154
2 1 19 0.006007328923883842
2 2 19 0.0060296685733220445
2 3 19 0.004790070169019675
3 1 19 0.004705503141525306
3 2 19 0.004173824816652629
3 3 19 0.004354318550337379
1 1 20 0.007601066582011549
1 2 20 0.006615727395918365
1 3 20 0.004624438162527793
2 1 20 0.004563655813991185
2 2 20 0.006925929307161821
2 3 20 0.005018135233838537
3 1 20 0.005345280041809014
3 2 20 0.004541679521880766
3 3 20 0.00290775500472003
