Norm difference: 1.0
Norm difference: 1.0
1 1
1 2
1 3
2 1
2 2
2 3
3 1
3 2
3 3
1 1
1 2
1 3
2 1
2 2
2 3
3 1
3 2
3 3
1 1
1 2
1 3
2 1
2 2
2 3
3 1
3 2
3 3
1 1
1 2
1 3
2 1
2 2
2 3
3 1
3 2
3 3
1 1
1 2
1 3
2 1
2 2
2 3
3 1
3 2
3 3
1 1
1 2
1 3
2 1
2 2
2 3
3 1
3 2
3 3
1 1
1 2
1 3
2 1
2 2
2 3
3 1
3 2
3 3
1 1
1 2
1 3
2 1
2 2
2 3
3 1
3 2
3 3
1 1
1 2
1 3
2 1
2 2
2 3
3 1
3 2
3 3
1 1
1 2
1 3
2 1
2 2
2 3
3 1
3 2
3 3
1 1
1 2
1 3
2 1
2 2
2 3
3 1
3 2
3 3
1 1
1 2
1 3
2 1
2 2
2 3
3 1
3 2
3 3
1 1
1 2
1 3
2 1
2 2
2 3
3 1
3 2
3 3
1 1
1 2
1 3
2 1
2 2
2 3
3 1
3 2
3 3
1 1
1 2
1 3
2 1
2 2
2 3
3 1
3 2
3 3
1 1
1 2
1 3
2 1
2 2
2 3
3 1
3 2
3 3
1 1
1 2
1 3
2 1
2 2
2 3
3 1
3 2
3 3
1 1
1 2
1 3
2 1
2 2
2 3
3 1
3 2
3 3
1 1
1 2
1 3
2 1
2 2
2 3
3 1
3 2
3 3
1 1
1 2
1 3
2 1
2 2
2 3
3 1
3 2
3 3
1 1 1 0.01095612079514372
1 2 1 0.009773301976737436
1 3 1 0.00895852461509303
2 1 1 0.0073909476514685156
2 2 1 0.003768696502634067
2 3 1 0.006630214309321707
3 1 1 0.008923933053301008
3 2 1 0.005455179729034098
3 3 1 0.008758956696397457
1 1 2 0.015410548358122
1 2 2 0.008347420369039849
1 3 2 0.009810037422843641
2 1 2 0.00528919592987379
2 2 2 0.0031814597208893137
2 3 2 0.0044744489121974
3 1 2 0.008218636797647567
3 2 2 0.005924673062373853
3 3 2 0.009344318624406303
1 1 3 0.011881873384045352
1 2 3 0.008749249531256883
1 3 3 0.015712607469623316
2 1 3 0.006665191345816268
2 2 3 0.0033756657123517136
2 3 3 0.006121720118074202
3 1 3 0.010043229836650402
3 2 3 0.005796199082771661
3 3 3 0.009467452409819032
1 1 4 0.012110935287035168
1 2 4 0.008414371979808096
1 3 4 0.009116388814395486
2 1 4 0.005842830243638949
2 2 4 0.003419355734894024
2 3 4 0.004922458463006535
3 1 4 0.00948606859351719
3 2 4 0.005490881790130834
3 3 4 0.009908711470890067
1 1 5 0.012106191580942165
1 2 5 0.00759475104292191
1 3 5 0.015039749264231548
2 1 5 0.005949426645310612
2 2 5 0.0036287970228688626
2 3 5 0.006273935551318754
3 1 5 0.0092600511750935
3 2 5 0.005624193558461074
3 3 5 0.008468346697128702
1 1 6 0.008146592172361846
1 2 6 0.00691734324532423
1 3 6 0.013484615299154068
2 1 6 0.0059449540050366565
2 2 6 0.002827721337896364
2 3 6 0.005692101979756279
3 1 6 0.009495865967623592
3 2 6 0.005504547530486545
3 3 6 0.009900155559468394
1 1 7 0.01003947122313145
1 2 7 0.007403579077756056
1 3 7 0.014446767396635534
2 1 7 0.004971036750027279
2 2 7 0.00342450512590941
2 3 7 0.006080248058548123
3 1 7 0.007361851865837768
3 2 7 0.006037946979217569
3 3 7 0.01043085758152341
1 1 8 0.008072157120271232
1 2 8 0.007490244029509478
1 3 8 0.015536502772909938
2 1 8 0.004506824177184021
2 2 8 0.0032325837233553845
2 3 8 0.005707109280886842
3 1 8 0.00820610296711903
3 2 8 0.0056040161155643175
3 3 8 0.008454514904389476
1 1 9 0.009516522270915897
1 2 9 0.006727195552865567
1 3 9 0.011469614890003756
2 1 9 0.004167472685727916
2 2 9 0.003163754687652713
2 3 9 0.0056364966424884136
3 1 9 0.007231097429366322
3 2 9 0.005439253823522078
3 3 9 0.010990295609110379
1 1 10 0.00814420408270578
1 2 10 0.006216272059707031
1 3 10 0.012793470094003973
2 1 10 0.0036183819607750896
2 2 10 0.0029616325249916245
2 3 10 0.005350878327848648
3 1 10 0.007622103280720697
3 2 10 0.004487434816669187
3 3 10 0.00942167827651786
1 1 11 0.008265033771827624
1 2 11 0.005830253155474292
1 3 11 0.009402145477057377
2 1 11 0.004213983772925867
2 2 11 0.002609083955359072
2 3 11 0.005581772548622288
3 1 11 0.006477293006572784
3 2 11 0.004807971931224936
3 3 11 0.009985554995494247
1 1 12 0.00874769828516512
1 2 12 0.006444898883198637
1 3 12 0.008112880924852305
2 1 12 0.0036274126815042636
2 2 12 0.0027362438803489528
2 3 12 0.004198653477411838
3 1 12 0.006739756134930279
3 2 12 0.005181353660354647
3 3 12 0.007229488563248327
1 1 13 0.006581966707926966
1 2 13 0.004439721787791945
1 3 13 0.008876656997148395
2 1 13 0.0032588869187140782
2 2 13 0.0025475966458227877
2 3 13 0.004129960775704763
3 1 13 0.0067461493041050345
3 2 13 0.004117774568726123
3 3 13 0.007655194081632011
1 1 14 0.008105612188834205
1 2 14 0.004400565552256495
1 3 14 0.0054507162076920575
2 1 14 0.00374292128775867
2 2 14 0.0023750175095280514
2 3 14 0.00425987183350519
3 1 14 0.006328461080097309
3 2 14 0.0038937599608986754
3 3 14 0.006661295036552786
1 1 15 0.006434967605707967
1 2 15 0.005504900863972796
1 3 15 0.00712185918977949
2 1 15 0.003521947979966726
2 2 15 0.00215080786719415
2 3 15 0.003632409875660257
3 1 15 0.007551140461416091
3 2 15 0.004675549676701371
3 3 15 0.00578540008872157
1 1 16 0.005867997811970063
1 2 16 0.004068572291761235
1 3 16 0.007734123623609188
2 1 16 0.002866421010227939
2 2 16 0.0022529191423644426
2 3 16 0.003962314439648184
3 1 16 0.005970418186676798
3 2 16 0.003980723141925946
3 3 16 0.006661124098514995
1 1 17 0.005290705947271661
1 2 17 0.004383401165523273
1 3 17 0.007301580348867155
2 1 17 0.0030447878964449354
2 2 17 0.0018022951445817413
2 3 17 0.0032591649484615647
3 1 17 0.00535262849782262
3 2 17 0.0038264760710331183
3 3 17 0.006013876655886862
1 1 18 0.006553761720112618
1 2 18 0.00503793685957955
1 3 18 0.007266658161712933
2 1 18 0.002651467684518201
2 2 18 0.00204274722182234
2 3 18 0.0036852989787760576
3 1 18 0.005202530373110354
3 2 18 0.0037707602028948404
3 3 18 0.005043615976161417
1 1 19 0.005107827446523886
1 2 19 0.0029935894514711917
1 3 19 0.006797647179630105
2 1 19 0.0023484653600099694
2 2 19 0.0014713711056159346
2 3 19 0.0029074373953807226
3 1 19 0.003946525879146822
3 2 19 0.0034464951266399064
3 3 19 0.005301803674741521
1 1 20 0.004727031063004029
1 2 20 0.003642593611318397
1 3 20 0.006097394228530726
2 1 20 0.0025080230675096765
2 2 20 0.001695015386000588
2 3 20 0.0028292681410602523
3 1 20 0.004155350811967433
3 2 20 0.00238020626081639
3 3 20 0.0052275702439207586
