W: 2.6
num_iter: 0
[-1.19349585 -1.19349585 -1.16829589 -1.16829589 -1.13764931 -1.13764931
 -1.1003223  -1.1003223  -1.05417246 -1.05417246 -0.99929947 -0.99929947
 -0.93485166 -0.93485166 -0.86053389 -0.86053389 -0.77686974 -0.77686974
 -0.68599801 -0.68599801 -0.58915162 -0.58915162 -0.49102305 -0.49102305
 -0.39169289 -0.39169289 -0.29135694 -0.29135694 -0.18801062 -0.18801062
 -0.06920495 -0.06920495  0.0692039   0.0692039   0.18801235  0.18801235
  0.29135548  0.29135548  0.39168989  0.39168989  0.49102769  0.49102769
  0.58915647  0.58915647  0.68600139  0.68600139  0.77686171  0.77686171
  0.86053104  0.86053104  0.93485965  0.93485965  0.99929885  0.99929885
  1.05416922  1.05416922  1.10031886  1.10031886  1.13764889  1.13764889
  1.16829877  1.16829877  1.1934945   1.1934945 ]
localization_length: 0.9031282356358725
0.9144356048626191
W_list: [2.6]
L_list: [14.630969677801906]
