C_list:
0.0006205189048574157 0.2122971785063972
C_list:
0.0005858453257872595 0.2316225273552916
C_list:
0.0007247007285325241 0.24448275422739787
C_list:
0.0005999395960993069 0.2519909523853731
C_list:
0.0006744463166120525 0.2746686822912836
C_list:
0.000672050837036612 0.2946949882173647
ndim2: 60
W_list: [2.3, 2.4, 2.5, 2.5999999999999996, 2.6999999999999997, 2.8]
L_list: [4.710378192661033, 4.3173693483884445, 4.09026805657581, 3.9683964465148205, 3.6407499816069646, 3.393339011460921]
C_list:
0.0005532904160137612 0.15587633424760117
C_list:
0.0005466983898112647 0.16179750622709477
C_list:
0.0006081472151442736 0.18181954017295981
C_list:
0.0005486467801574987 0.1890581561677942
C_list:
0.0005958596734861692 0.21188613962298772
C_list:
0.0005778611631761064 0.2207491871360053
ndim2: 60
W_list: [2.3, 2.4, 2.5, 2.5999999999999996, 2.6999999999999997, 2.8]
L_list: [6.4153420391036, 6.180564974817511, 5.499958910074946, 5.289377725193051, 4.719515876684126, 4.530028005873889]
C_list:
0.0005089234651540453 0.12690027034952303
C_list:
0.0005095312367428142 0.1415987404790548
C_list:
0.0005178545707025423 0.14708313458213212
C_list:
0.0005280605707769147 0.17063219615687156
C_list:
0.0005017106605113323 0.1656285818167921
C_list:
0.0005025643470948532 0.18542280911010312
ndim2: 60
W_list: [2.3, 2.4, 2.5, 2.5999999999999996, 2.6999999999999997, 2.8]
L_list: [7.8802038580823135, 7.062209710459391, 6.798876042729385, 5.860558690111713, 6.037605279420535, 5.39307976618025]
