[-2.41421356 -1.         -1.         -0.41421356  0.41421356  1.
  1.          2.41421356]
W: 2.6
num_iter: 0
[-0.63291988 -0.57269526 -0.5059671  -0.43449789 -0.35895016 -0.2793967
 -0.19279477 -0.10046398  0.10045675  0.19279248  0.27940123  0.3589619
  0.4345031   0.50595497  0.57269796  0.63291735]
localization_length: 1.2443166036541098
1.2372069326649664
W_list: [2.6]
L_list: [1.2372069326649664]
[-2.41421356 -1.         -1.         -0.41421356  0.41421356  1.
  1.          2.41421356]
W: 2.6
num_iter: 0
[-0.63292255 -0.5720443  -0.50556019 -0.43531169 -0.35833673 -0.27776666
 -0.19278983 -0.0990024   0.09900102  0.19279059  0.27776624  0.3583394
  0.43531926  0.50554983  0.57204128  0.63292674]
localization_length: 1.2626132473723435
1.2640827453705596
W_list: [2.6]
L_list: [1.2640827453705596]
