Norm difference: 1.0
Norm difference: 1.0
1 1
1 2
2 1
2 2
1 1
1 2
2 1
2 2
1 1
1 2
2 1
2 2
1 1
1 2
2 1
2 2
1 1
1 2
2 1
2 2
1 1
1 2
2 1
2 2
1 1
1 2
2 1
2 2
1 1
1 2
2 1
2 2
1 1
1 2
2 1
2 2
1 1
1 2
2 1
2 2
1 1
1 2
2 1
2 2
1 1
1 2
2 1
2 2
1 1
1 2
2 1
2 2
1 1
1 2
2 1
2 2
1 1
1 2
2 1
2 2
1 1
1 2
2 1
2 2
1 1
1 2
2 1
2 2
1 1
1 2
2 1
2 2
1 1
1 2
2 1
2 2
1 1
1 2
2 1
2 2
1 1 1 0.01579917089418329
1 2 1 0.0171349618768467
2 1 1 0.02020169979869977
2 2 1 0.017674213303414718
1 1 2 0.013250329865995312
1 2 2 0.014233089084728529
2 1 2 0.01700767883733711
2 2 2 0.017757963755785335
1 1 3 0.008732782042325148
1 2 3 0.01389038771710773
2 1 3 0.017103322412042925
2 2 3 0.01616054169905756
1 1 4 0.013898675574607954
1 2 4 0.012194740284697657
2 1 4 0.014365928047547234
2 2 4 0.01378777825323659
1 1 5 0.014750141775790504
1 2 5 0.010677501405099864
2 1 5 0.012106152054024686
2 2 5 0.012734621616704616
1 1 6 0.014990236625122121
1 2 6 0.009154548296681766
2 1 6 0.012335304857534505
2 2 6 0.010556827604320666
1 1 7 0.011019066304326152
1 2 7 0.008454443355320716
2 1 7 0.01239496219760387
2 2 7 0.008625946323434972
1 1 8 0.008384795809650545
1 2 8 0.009428789110436545
2 1 8 0.010980466002870273
2 2 8 0.008979122273695976
1 1 9 0.007698664603100766
1 2 9 0.008336183148400896
2 1 9 0.009122014078801826
2 2 9 0.007047076005922068
1 1 10 0.007899784290666524
1 2 10 0.005642068969108864
2 1 10 0.008629286974311387
2 2 10 0.007173720037891582
1 1 11 0.007643488291603026
1 2 11 0.004414199413270751
2 1 11 0.005970865992704111
2 2 11 0.006395107794959126
1 1 12 0.005916118876895466
1 2 12 0.005070774108791326
2 1 12 0.006528767362914913
2 2 12 0.004988278256814286
1 1 13 0.004362155223862153
1 2 13 0.005270588496816888
2 1 13 0.004730668818260063
2 2 13 0.004275358108800475
1 1 14 0.0036981992501273304
1 2 14 0.003969507600953492
2 1 14 0.004597791791652471
2 2 14 0.003962020287566173
1 1 15 0.0038953659740939986
1 2 15 0.002633930381383065
2 1 15 0.0037966888576921086
2 2 15 0.0034125162547066733
1 1 16 0.0029480987534917483
1 2 16 0.002372931991758874
2 1 16 0.002872899235807258
2 2 16 0.0029958352953557157
1 1 17 0.0022358396286689466
1 2 17 0.002494400510034418
2 1 17 0.002658129976672331
2 2 17 0.0020273433029521152
1 1 18 0.00165521747227475
1 2 18 0.002023360955545628
2 1 18 0.0019130034388668588
2 2 18 0.001790767681332998
1 1 19 0.0016984906948725128
1 2 19 0.0013770333284396227
2 1 19 0.0015904692578825902
2 2 19 0.0015995807823712196
1 1 20 0.0013998621775964835
1 2 20 0.0008943400103228975
2 1 20 0.0012881249820595284
2 2 20 0.001199660213564956
