W: 3.8
num_iter: 0
[-0.99146974 -0.99146974 -0.98053875 -0.98053875 -0.96893886 -0.96893886
 -0.95621286 -0.95621286 -0.94223864 -0.94223864 -0.92734873 -0.92734873
 -0.91136076 -0.91136076 -0.89402623 -0.89402623 -0.87591648 -0.87591648
 -0.85615305 -0.85615305 -0.83567556 -0.83567556 -0.81407753 -0.81407753
 -0.79147825 -0.79147825 -0.76724227 -0.76724227 -0.7415407  -0.7415407
 -0.71492205 -0.71492205 -0.68689203 -0.68689203 -0.65694057 -0.65694057
 -0.62589239 -0.62589239 -0.59298893 -0.59298893 -0.5586445  -0.5586445
 -0.52232004 -0.52232004 -0.48464625 -0.48464625 -0.44437169 -0.44437169
 -0.40285125 -0.40285125 -0.35862359 -0.35862359 -0.31298261 -0.31298261
 -0.26544225 -0.26544225 -0.21533763 -0.21533763 -0.16379469 -0.16379469
 -0.10862847 -0.10862847 -0.0455634  -0.0455634   0.0455654   0.0455654
  0.10863051  0.10863051  0.16379073  0.16379073  0.21533459  0.21533459
  0.26544109  0.26544109  0.31297792  0.31297792  0.35862085  0.35862085
  0.40284928  0.40284928  0.44437822  0.44437822  0.48464959  0.48464959
  0.52232471  0.52232471  0.5586495   0.5586495   0.59299085  0.59299085
  0.62589632  0.62589632  0.65693609  0.65693609  0.68688914  0.68688914
  0.71491889  0.71491889  0.74153703  0.74153703  0.76723805  0.76723805
  0.79148117  0.79148117  0.81407071  0.81407071  0.83567734  0.83567734
  0.85615698  0.85615698  0.87591754  0.87591754  0.89403436  0.89403436
  0.91136022  0.91136022  0.92735635  0.92735635  0.9422346   0.9422346
  0.95621232  0.95621232  0.96893263  0.96893263  0.98053657  0.98053657
  0.99147119  0.99147119]
localization_length: 0.6858574962159958
0.699045224086608
W_list: [3.8]
L_list: [22.369447170771455]
