[-2.41421356 -1.         -1.         -0.41421356  0.41421356  1.
  1.          2.41421356]
W: 2.6
num_iter: 0
[-0.64739321 -0.62001301 -0.59091097 -0.56004683 -0.5268194  -0.49243328
 -0.45637024 -0.42010055 -0.38122078 -0.34284788 -0.30192148 -0.25892997
 -0.21429218 -0.16826859 -0.11691798 -0.06234328  0.06234437  0.11691648
  0.16826719  0.21430466  0.25891558  0.30193692  0.34284641  0.38122054
  0.42007442  0.4563979   0.49242738  0.52681452  0.56004375  0.59089996
  0.62002322  0.64739633]
localization_length: 1.0025137570116935
0.9920385365621242
W_list: [2.6]
L_list: [0.9920385365621242]
[-2.41421356 -1.         -1.         -0.41421356  0.41421356  1.
  1.          2.41421356]
W: 2.6
num_iter: 0
[-0.64723925 -0.62031504 -0.59116603 -0.55945626 -0.52687559 -0.49258051
 -0.4565657  -0.41958499 -0.38151629 -0.34205265 -0.30083787 -0.25849896
 -0.21505249 -0.16868973 -0.11769334 -0.06206259  0.06205664  0.11769371
  0.16868972  0.21505903  0.25849847  0.30084143  0.34205824  0.38150757
  0.41959035  0.45656466  0.49257336  0.52686792  0.55945957  0.59116234
  0.62032569  0.64723858]
localization_length: 1.0071443726977323
1.0183430852524917
W_list: [2.6]
L_list: [1.0183430852524917]
