Norm difference: 1.0
Norm difference: 1.0
1 1
1 2
2 1
2 2
1 1
1 2
2 1
2 2
1 1
1 2
2 1
2 2
1 1
1 2
2 1
2 2
1 1
1 2
2 1
2 2
1 1
1 2
2 1
2 2
1 1
1 2
2 1
2 2
1 1
1 2
2 1
2 2
1 1
1 2
2 1
2 2
1 1
1 2
2 1
2 2
1 1
1 2
2 1
2 2
1 1
1 2
2 1
2 2
1 1
1 2
2 1
2 2
1 1
1 2
2 1
2 2
1 1
1 2
2 1
2 2
1 1
1 2
2 1
2 2
1 1
1 2
2 1
2 2
1 1
1 2
2 1
2 2
1 1
1 2
2 1
2 2
1 1
1 2
2 1
2 2
1 1 1 0.0009025888474337704
1 2 1 0.000813550346707084
2 1 1 0.001102689860830903
2 2 1 0.0009624286192983375
1 1 2 0.0009351415307362361
1 2 2 0.00149885133555037
2 1 2 0.0012584281506489016
2 2 2 0.0011499603733745125
1 1 3 0.0009503982933032708
1 2 3 0.0020360592737461163
2 1 3 0.0009021579716913128
2 2 3 0.0014831904610719073
1 1 4 0.0022053752536482273
1 2 4 0.0018729318862325834
2 1 4 0.0015165060866481027
2 2 4 0.0023580721970813383
1 1 5 0.0011607013768754775
1 2 5 0.0025081880247623126
2 1 5 0.0016269320175500285
2 2 5 0.0032276053208668567
1 1 6 0.0019629946534839007
1 2 6 0.0021838410437807617
2 1 6 0.0026590776876188804
2 2 6 0.003044321036635847
1 1 7 0.0011662056819870018
1 2 7 0.0024943488331845834
2 1 7 0.0017590266132188833
2 2 7 0.0026585313318154774
1 1 8 0.0018845752724940342
1 2 8 0.002530291353222127
2 1 8 0.0013258018435570846
2 2 8 0.002376475643861606
1 1 9 0.0016097744131634071
1 2 9 0.0018857244411355886
2 1 9 0.0010784123813150413
2 2 9 0.0019549870562995315
1 1 10 0.0010032097310929992
1 2 10 0.002088945452085164
2 1 10 0.001506649972023457
2 2 10 0.0019422713287532115
1 1 11 0.0010644957912784617
1 2 11 0.0012923974763548855
2 1 11 0.0011561005277214615
2 2 11 0.0016106801256902715
1 1 12 0.001332250382197157
1 2 12 0.001333979535836864
2 1 12 0.0013171196148059321
2 2 12 0.0015033412277950724
1 1 13 0.0009734438968897332
1 2 13 0.0013467861444210537
2 1 13 0.0010414046881262835
2 2 13 0.001292202659954279
1 1 14 0.0017190196432529746
1 2 14 0.002030707633497085
2 1 14 0.001495616134076659
2 2 14 0.0015445346488379068
1 1 15 0.002150685427254489
1 2 15 0.0016937420172290867
2 1 15 0.001944973051418435
2 2 15 0.001634118512497646
1 1 16 0.001575729378370358
1 2 16 0.0023257442372812643
2 1 16 0.002280255912250378
2 2 16 0.0023598417308448886
1 1 17 0.0024091548157982715
1 2 17 0.0018232424595839188
2 1 17 0.002291255001388429
2 2 17 0.0022050540076657557
1 1 18 0.0014603725938018037
1 2 18 0.00219466763570308
2 1 18 0.0018548698403150234
2 2 18 0.0022127176541352745
1 1 19 0.0022304714362418212
1 2 19 0.0026561784739118502
2 1 19 0.0015255175856250538
2 2 19 0.0020621891576125843
1 1 20 0.0015877770443153004
1 2 20 0.0017035416936031947
2 1 20 0.0015289994003474478
2 2 20 0.0019770543871025547
