Norm difference: 1.0
Norm difference: 1.0
1 1
1 2
1 3
2 1
2 2
2 3
3 1
3 2
3 3
1 1
1 2
1 3
2 1
2 2
2 3
3 1
3 2
3 3
1 1
1 2
1 3
2 1
2 2
2 3
3 1
3 2
3 3
1 1
1 2
1 3
2 1
2 2
2 3
3 1
3 2
3 3
1 1
1 2
1 3
2 1
2 2
2 3
3 1
3 2
3 3
1 1
1 2
1 3
2 1
2 2
2 3
3 1
3 2
3 3
1 1
1 2
1 3
2 1
2 2
2 3
3 1
3 2
3 3
1 1
1 2
1 3
2 1
2 2
2 3
3 1
3 2
3 3
1 1
1 2
1 3
2 1
2 2
2 3
3 1
3 2
3 3
1 1
1 2
1 3
2 1
2 2
2 3
3 1
3 2
3 3
1 1
1 2
1 3
2 1
2 2
2 3
3 1
3 2
3 3
1 1
1 2
1 3
2 1
2 2
2 3
3 1
3 2
3 3
1 1
1 2
1 3
2 1
2 2
2 3
3 1
3 2
3 3
1 1
1 2
1 3
2 1
2 2
2 3
3 1
3 2
3 3
1 1
1 2
1 3
2 1
2 2
2 3
3 1
3 2
3 3
1 1
1 2
1 3
2 1
2 2
2 3
3 1
3 2
3 3
1 1
1 2
1 3
2 1
2 2
2 3
3 1
3 2
3 3
1 1
1 2
1 3
2 1
2 2
2 3
3 1
3 2
3 3
1 1
1 2
1 3
2 1
2 2
2 3
3 1
3 2
3 3
1 1
1 2
1 3
2 1
2 2
2 3
3 1
3 2
3 3
1 1 1 0.011110677417020362
1 2 1 0.007588697895540335
1 3 1 0.008945971557042773
2 1 1 0.007452056224435735
2 2 1 0.006140618604215398
2 3 1 0.005812760316231509
3 1 1 0.008464928934923668
3 2 1 0.005779721144929022
3 3 1 0.007969193507122219
1 1 2 0.009411124284655629
1 2 2 0.00715952760440979
1 3 2 0.00946031010232367
2 1 2 0.005623920011684098
2 2 2 0.004198933412650824
2 3 2 0.006707496772925742
3 1 2 0.009290427875506657
3 2 2 0.006420635122950939
3 3 2 0.008280480624921628
1 1 3 0.011000390426973365
1 2 3 0.006893863442876685
1 3 3 0.009710296183106707
2 1 3 0.008647809382512948
2 2 3 0.004162686106637569
2 3 3 0.00547786455878475
3 1 3 0.011508098708827312
3 2 3 0.006376319834093871
3 3 3 0.009102533099380684
1 1 4 0.010433492172480878
1 2 4 0.007309928265885275
1 3 4 0.009737070344970967
2 1 4 0.006407636883944407
2 2 4 0.003689741687763657
2 3 4 0.005729458316868999
3 1 4 0.010379271022401122
3 2 4 0.004555503133395153
3 3 4 0.007945960774162633
1 1 5 0.0116478125801933
1 2 5 0.005731316053534927
1 3 5 0.007668162406845902
2 1 5 0.008870318274059874
2 2 5 0.004505379050518737
2 3 5 0.004451974681594991
3 1 5 0.011319074467986858
3 2 5 0.006641954583912288
3 3 5 0.007871091608552558
1 1 6 0.011205184609098385
1 2 6 0.0072465141810504246
1 3 6 0.01023166878827492
2 1 6 0.006587976017104734
2 2 6 0.004393555463734479
2 3 6 0.0065585154385253055
3 1 6 0.011094242863653726
3 2 6 0.006519350649877566
3 3 6 0.00895469657029512
1 1 7 0.012440796155560466
1 2 7 0.006512421969218948
1 3 7 0.008914003829912016
2 1 7 0.006330579228733399
2 2 7 0.004616101004815616
2 3 7 0.006849306831731158
3 1 7 0.01061862430999489
3 2 7 0.0073369129414363144
3 3 7 0.009567981590332326
1 1 8 0.009784688592329392
1 2 8 0.007790139970673351
1 3 8 0.01135563685929426
2 1 8 0.006666719026215376
2 2 8 0.003913146536682417
2 3 8 0.006718950477958355
3 1 8 0.009306173180954034
3 2 8 0.006116647354721466
3 3 8 0.010615351836210504
1 1 9 0.011259429611079385
1 2 9 0.006653552295490049
1 3 9 0.010394459624661161
2 1 9 0.0065564728941872085
2 2 9 0.005415373170682604
2 3 9 0.0073757783381424216
3 1 9 0.010975073296550838
3 2 9 0.007884976735188247
3 3 9 0.009891266223174593
1 1 10 0.01249621906597273
1 2 10 0.008698471639904002
1 3 10 0.010554200966603765
2 1 10 0.008588249729345063
2 2 10 0.0037877798371877885
2 3 10 0.005247390406733457
3 1 10 0.011645663924833226
3 2 10 0.007236726514556658
3 3 10 0.008684454882026535
1 1 11 0.011706716549265006
1 2 11 0.00711969490756593
1 3 11 0.011310371892145427
2 1 11 0.00710245209676344
2 2 11 0.003909384064504556
2 3 11 0.005448785286311653
3 1 11 0.01201195012329867
3 2 11 0.005845559800575552
3 3 11 0.00904151830727509
1 1 12 0.013234582395035605
1 2 12 0.006011609441972409
1 3 12 0.00853446746172475
2 1 12 0.008531991355264243
2 2 12 0.004287915170708053
2 3 12 0.005775021572595088
3 1 12 0.011379985539291664
3 2 12 0.006077992386697986
3 3 12 0.008987596594417727
1 1 13 0.012004973556309351
1 2 13 0.008147202877529363
1 3 13 0.010576718982682682
2 1 13 0.007092249675888118
2 2 13 0.003987816340469966
2 3 13 0.006075805588152009
3 1 13 0.011264588236867101
3 2 13 0.0068997676656847905
3 3 13 0.009751349508737146
1 1 14 0.013365308034199433
1 2 14 0.0061465797277186094
1 3 14 0.010618129925720157
2 1 14 0.006815379168479208
2 2 14 0.003971923204352608
2 3 14 0.008059370595402349
3 1 14 0.012372458685426713
3 2 14 0.007580917498592637
3 3 14 0.012025944463559628
1 1 15 0.01141890409929269
1 2 15 0.0057519056678942936
1 3 15 0.010734045916815808
2 1 15 0.00817748122782024
2 2 15 0.00400449430675945
2 3 15 0.007553692082218751
3 1 15 0.011733973029172206
3 2 15 0.005217644950794172
3 3 15 0.011528573520599269
1 1 16 0.010846234332562012
1 2 16 0.005793001016430701
1 3 16 0.01239039887756761
2 1 16 0.0069626999134974705
2 2 16 0.004709569871234836
2 3 16 0.00852647820228307
3 1 16 0.010607655851384444
3 2 16 0.0070822036353321086
3 3 16 0.011770133081358236
1 1 17 0.012740614703758157
1 2 17 0.006438761458135262
1 3 17 0.011966229191234181
2 1 17 0.00844986860913002
2 2 17 0.0036730116543188343
2 3 17 0.007189766685510438
3 1 17 0.01219623499781673
3 2 17 0.006686025429784109
3 3 17 0.01149284422658308
1 1 18 0.012357577981557623
1 2 18 0.006734681552870566
1 3 18 0.012753023252776418
2 1 18 0.008342108677622553
2 2 18 0.00508450754087274
2 3 18 0.006458222462050267
3 1 18 0.013709927813535926
3 2 18 0.0075306375299192445
3 3 18 0.010006264612476955
1 1 19 0.011771488463705095
1 2 19 0.00516150766704279
1 3 19 0.010434206177787052
2 1 19 0.007743331415443232
2 2 19 0.0037533086669282304
2 3 19 0.006849333375325642
3 1 19 0.011702730498103385
3 2 19 0.004593156948685641
3 3 19 0.010107757699463427
1 1 20 0.010569128365286916
1 2 20 0.0063558440214662795
1 3 20 0.009639792219918638
2 1 20 0.007592876135461836
2 2 20 0.003466030740650953
2 3 20 0.006535052767567937
3 1 20 0.011054024731186425
3 2 20 0.005380471746389948
3 3 20 0.010340786476801903
