W: 2.2
num_iter: 0
[-0.66810058 -0.66810058 -0.66073726 -0.66073726 -0.65205112 -0.65205112
 -0.64218446 -0.64218446 -0.63086223 -0.63086223 -0.61857398 -0.61857398
 -0.60541305 -0.60541305 -0.59132853 -0.59132853 -0.5762302  -0.5762302
 -0.56043527 -0.56043527 -0.54348173 -0.54348173 -0.52594855 -0.52594855
 -0.50762073 -0.50762073 -0.48843872 -0.48843872 -0.46851157 -0.46851157
 -0.44766291 -0.44766291 -0.42608718 -0.42608718 -0.40355901 -0.40355901
 -0.38022937 -0.38022937 -0.35579932 -0.35579932 -0.33051086 -0.33051086
 -0.30384827 -0.30384827 -0.27686159 -0.27686159 -0.2487867  -0.2487867
 -0.2199449  -0.2199449  -0.19016971 -0.19016971 -0.16006601 -0.16006601
 -0.12926761 -0.12926761 -0.09862329 -0.09862329 -0.06824211 -0.06824211
 -0.03819054 -0.03819054 -0.00758741 -0.00758741  0.00758679  0.00758679
  0.0381912   0.0381912   0.06823366  0.06823366  0.09862966  0.09862966
  0.12927282  0.12927282  0.16006554  0.16006554  0.19016571  0.19016571
  0.21994956  0.21994956  0.24879055  0.24879055  0.27686297  0.27686297
  0.30384772  0.30384772  0.33050717  0.33050717  0.35579725  0.35579725
  0.38022534  0.38022534  0.40355483  0.40355483  0.42609473  0.42609473
  0.44766141  0.44766141  0.46850934  0.46850934  0.48843066  0.48843066
  0.50762186  0.50762186  0.52594968  0.52594968  0.5434812   0.5434812
  0.56044057  0.56044057  0.57622316  0.57622316  0.59132807  0.59132807
  0.60540923  0.60540923  0.61857918  0.61857918  0.63086475  0.63086475
  0.64218692  0.64218692  0.65205428  0.65205428  0.66073766  0.66073766
  0.66810129  0.66810129]
localization_length: 4.119002283188178
4.4055667140218
W_list: [2.2]
L_list: [140.9781348486976]
