W: 3.8
num_iter: 0
[-0.94750415 -0.94750415 -0.93834917 -0.93834917 -0.92770171 -0.92770171
 -0.91631453 -0.91631453 -0.90338107 -0.90338107 -0.88960956 -0.88960956
 -0.87500245 -0.87500245 -0.8590634  -0.8590634  -0.842249   -0.842249
 -0.8242504  -0.8242504  -0.80510433 -0.80510433 -0.78478264 -0.78478264
 -0.76303345 -0.76303345 -0.74012536 -0.74012536 -0.71616842 -0.71616842
 -0.69074216 -0.69074216 -0.66408377 -0.66408377 -0.63549506 -0.63549506
 -0.60580946 -0.60580946 -0.57392154 -0.57392154 -0.54087879 -0.54087879
 -0.50563486 -0.50563486 -0.46851582 -0.46851582 -0.42981892 -0.42981892
 -0.38893058 -0.38893058 -0.34626074 -0.34626074 -0.30157702 -0.30157702
 -0.25545422 -0.25545422 -0.20685498 -0.20685498 -0.15667884 -0.15667884
 -0.10251704 -0.10251704 -0.04144198 -0.04144198  0.04144148  0.04144148
  0.10251743  0.10251743  0.15668441  0.15668441  0.20685867  0.20685867
  0.25546136  0.25546136  0.30159117  0.30159117  0.34626201  0.34626201
  0.38892728  0.38892728  0.4298175   0.4298175   0.46851737  0.46851737
  0.505632    0.505632    0.54086691  0.54086691  0.57391914  0.57391914
  0.60580671  0.60580671  0.63549085  0.63549085  0.66408154  0.66408154
  0.69074027  0.69074027  0.71617408  0.71617408  0.74012917  0.74012917
  0.76303447  0.76303447  0.78477922  0.78477922  0.805104    0.805104
  0.82425126  0.82425126  0.84224268  0.84224268  0.8590668   0.8590668
  0.87499363  0.87499363  0.88961367  0.88961367  0.90337602  0.90337602
  0.91631565  0.91631565  0.92770399  0.92770399  0.93834922  0.93834922
  0.94750548  0.94750548]
localization_length: 0.754075413404046
0.7584411908608184
W_list: [3.8]
L_list: [24.27011810754619]
