Norm difference: 1.0
Norm difference: 0.9999999999999999
1 1
1 2
2 1
2 2
1 1
1 2
2 1
2 2
1 1
1 2
2 1
2 2
1 1
1 2
2 1
2 2
1 1
1 2
2 1
2 2
1 1
1 2
2 1
2 2
1 1
1 2
2 1
2 2
1 1
1 2
2 1
2 2
1 1
1 2
2 1
2 2
1 1
1 2
2 1
2 2
1 1
1 2
2 1
2 2
1 1
1 2
2 1
2 2
1 1
1 2
2 1
2 2
1 1
1 2
2 1
2 2
1 1
1 2
2 1
2 2
1 1
1 2
2 1
2 2
1 1
1 2
2 1
2 2
1 1
1 2
2 1
2 2
1 1
1 2
2 1
2 2
1 1
1 2
2 1
2 2
1 1 1 0.0152565141288065
1 2 1 0.011022906031147825
2 1 1 0.014140351404344739
2 2 1 0.014068003665577113
1 1 2 0.012242849782535644
1 2 2 0.011726953477545779
2 1 2 0.014436830916162569
2 2 2 0.009903594695747708
1 1 3 0.011404973691436313
1 2 3 0.01132192486993524
2 1 3 0.011321228179144535
2 2 3 0.009607233273654802
1 1 4 0.010167157118047518
1 2 4 0.008776310770841806
2 1 4 0.008385365293647199
2 2 4 0.010380079193893301
1 1 5 0.007289205825181113
1 2 5 0.007861524171121879
2 1 5 0.006670804079952325
2 2 5 0.009168288549304932
1 1 6 0.006188495557119969
1 2 6 0.0082586932775169
2 1 6 0.006568560686627032
2 2 6 0.006410937180849551
1 1 7 0.0062213978549010025
1 2 7 0.008210978161716797
2 1 7 0.007483396284522584
2 2 7 0.006227329441750862
1 1 8 0.007411811179616565
1 2 8 0.007785062217621827
2 1 8 0.007557877184177124
2 2 8 0.00783280719192141
1 1 9 0.007946687480143565
1 2 9 0.005373165400027677
2 1 9 0.007260488982215069
2 2 9 0.009135348062482085
1 1 10 0.007031405038342589
1 2 10 0.005654578261608856
2 1 10 0.007222268623556388
2 2 10 0.006294166279886213
1 1 11 0.005076121409151324
1 2 11 0.005316633472839687
2 1 11 0.007381370238546478
2 2 11 0.004570108300074146
1 1 12 0.0041252097783003785
1 2 12 0.004558466292194849
2 1 12 0.00595037615637267
2 2 12 0.004970469736222074
1 1 13 0.003996721434417901
1 2 13 0.0045323588996283954
2 1 13 0.004906672718579421
2 2 13 0.004938217959452566
1 1 14 0.004263052855672097
1 2 14 0.004488803712721403
2 1 14 0.003375142125284912
2 2 14 0.004096968067102979
1 1 15 0.00427228249249152
1 2 15 0.004140078009543993
2 1 15 0.0031807169539771795
2 2 15 0.004910403005427336
1 1 16 0.0037573988839479655
1 2 16 0.004368394576364204
2 1 16 0.004123579056910373
2 2 16 0.004178843640414461
1 1 17 0.003435156542608067
1 2 17 0.00447354438230975
2 1 17 0.004712352567606136
2 2 17 0.003662444871548238
1 1 18 0.0038365163588601455
1 2 18 0.0035413887957786417
2 1 18 0.0030088259064161528
2 2 18 0.0038438717808077865
1 1 19 0.003447406712532533
1 2 19 0.0027220348878912444
2 1 19 0.002467115964931532
2 2 19 0.0037950576695669523
1 1 20 0.0023480642267467823
1 2 20 0.0027115697831179494
2 1 20 0.0033029870263169203
2 2 20 0.00264895792670313
