Norm difference: 1.0
Norm difference: 1.0
1 1
1 2
2 1
2 2
1 1
1 2
2 1
2 2
1 1
1 2
2 1
2 2
1 1
1 2
2 1
2 2
1 1
1 2
2 1
2 2
1 1
1 2
2 1
2 2
1 1
1 2
2 1
2 2
1 1
1 2
2 1
2 2
1 1
1 2
2 1
2 2
1 1
1 2
2 1
2 2
1 1
1 2
2 1
2 2
1 1
1 2
2 1
2 2
1 1
1 2
2 1
2 2
1 1
1 2
2 1
2 2
1 1
1 2
2 1
2 2
1 1
1 2
2 1
2 2
1 1
1 2
2 1
2 2
1 1
1 2
2 1
2 2
1 1
1 2
2 1
2 2
1 1
1 2
2 1
2 2
1 1 1 0.0037207363588176875
1 2 1 0.006604089786081163
2 1 1 0.005574088934196361
2 2 1 0.006154153421239794
1 1 2 0.003563291088138275
1 2 2 0.006213438135048295
2 1 2 0.005015395486424463
2 2 2 0.0068961776258864805
1 1 3 0.003835873012622406
1 2 3 0.0035123034442765162
2 1 3 0.005235458333862379
2 2 3 0.0057920952905512
1 1 4 0.003761497209859763
1 2 4 0.0052336364874431066
2 1 4 0.004662556449563915
2 2 4 0.0053111429175790635
1 1 5 0.003959468382456981
1 2 5 0.0038718391181890043
2 1 5 0.003756740606091462
2 2 5 0.006183821112277959
1 1 6 0.0038207435303563714
1 2 6 0.004761859707671061
2 1 6 0.005151957039492233
2 2 6 0.005084568951396101
1 1 7 0.003789690705581966
1 2 7 0.00457885183649039
2 1 7 0.004639676412637415
2 2 7 0.004390966158752975
1 1 8 0.003628122676798365
1 2 8 0.0036522837140556797
2 1 8 0.004595117520078648
2 2 8 0.004687707943344269
1 1 9 0.0033909072411609175
1 2 9 0.00340267363965962
2 1 9 0.004719198925213162
2 2 9 0.003969492145222457
1 1 10 0.003911987231409311
1 2 10 0.0027504630232488003
2 1 10 0.003150856001381361
2 2 10 0.004399742091251364
1 1 11 0.003200382395287559
1 2 11 0.0036787014323113295
2 1 11 0.0036489827359723627
2 2 11 0.003814655671183985
1 1 12 0.0017736306445751936
1 2 12 0.003485219484280997
2 1 12 0.0032947875342943986
2 2 12 0.002989064163850137
1 1 13 0.0032947938479098967
1 2 13 0.0025928734799082914
2 1 13 0.0028456644906007947
2 2 13 0.0034108981960858653
1 1 14 0.0021799695214254457
1 2 14 0.0021222962206184164
2 1 14 0.002751269819296539
2 2 14 0.0030033752372993147
1 1 15 0.0027409187142999605
1 2 15 0.0026510182697072936
2 1 15 0.0027278601316363276
2 2 15 0.0025456038181356664
1 1 16 0.0018040583815004108
1 2 16 0.002043743213591172
2 1 16 0.002703408879362573
2 2 16 0.002494275368163025
1 1 17 0.0019666146150043792
1 2 17 0.0024147796957844064
2 1 17 0.0021564511648451395
2 2 17 0.0026004215552057753
1 1 18 0.002053133230586926
1 2 18 0.001777175379712892
2 1 18 0.0018448292213455952
2 2 18 0.0022699282534251195
1 1 19 0.001530450354931516
1 2 19 0.0022235307443249103
2 1 19 0.0016221466401683507
2 2 19 0.0024512619520854783
1 1 20 0.0012787306590159152
1 2 20 0.0013186053217177037
2 1 20 0.0017802620426517102
2 2 20 0.0016799794868998872
