Norm difference: 1.0
Norm difference: 1.0
1 1
1 2
1 3
2 1
2 2
2 3
3 1
3 2
3 3
1 1
1 2
1 3
2 1
2 2
2 3
3 1
3 2
3 3
1 1
1 2
1 3
2 1
2 2
2 3
3 1
3 2
3 3
1 1
1 2
1 3
2 1
2 2
2 3
3 1
3 2
3 3
1 1
1 2
1 3
2 1
2 2
2 3
3 1
3 2
3 3
1 1
1 2
1 3
2 1
2 2
2 3
3 1
3 2
3 3
1 1
1 2
1 3
2 1
2 2
2 3
3 1
3 2
3 3
1 1
1 2
1 3
2 1
2 2
2 3
3 1
3 2
3 3
1 1
1 2
1 3
2 1
2 2
2 3
3 1
3 2
3 3
1 1
1 2
1 3
2 1
2 2
2 3
3 1
3 2
3 3
1 1
1 2
1 3
2 1
2 2
2 3
3 1
3 2
3 3
1 1
1 2
1 3
2 1
2 2
2 3
3 1
3 2
3 3
1 1
1 2
1 3
2 1
2 2
2 3
3 1
3 2
3 3
1 1
1 2
1 3
2 1
2 2
2 3
3 1
3 2
3 3
1 1
1 2
1 3
2 1
2 2
2 3
3 1
3 2
3 3
1 1
1 2
1 3
2 1
2 2
2 3
3 1
3 2
3 3
1 1
1 2
1 3
2 1
2 2
2 3
3 1
3 2
3 3
1 1
1 2
1 3
2 1
2 2
2 3
3 1
3 2
3 3
1 1
1 2
1 3
2 1
2 2
2 3
3 1
3 2
3 3
1 1
1 2
1 3
2 1
2 2
2 3
3 1
3 2
3 3
1 1 1 0.02155356009053882
1 2 1 0.023245030593145893
1 3 1 0.012399868677415807
2 1 1 0.020659495853965915
2 2 1 0.018138355391570906
2 3 1 0.011386031996023765
3 1 1 0.013603581263939896
3 2 1 0.014596255651018353
3 3 1 0.010096244484661579
1 1 2 0.025752597196538607
1 2 2 0.01591333107695877
1 3 2 0.011320992151030673
2 1 2 0.019768827304956275
2 2 2 0.016704463184633873
2 3 2 0.011825030021947663
3 1 2 0.014972965000180926
3 2 2 0.012363052142366038
3 3 2 0.008099454641532722
1 1 3 0.01841469916527256
1 2 3 0.018459960243805338
1 3 3 0.011862673165466414
2 1 3 0.018607096215769163
2 2 3 0.012353101113775222
2 3 3 0.010092476200559312
3 1 3 0.015523700552783353
3 2 3 0.011847384119621936
3 3 3 0.007813393994707976
1 1 4 0.01389659724349446
1 2 4 0.013892584180824027
1 3 4 0.011510863216156046
2 1 4 0.017482826845760274
2 2 4 0.013053355031463928
2 3 4 0.00957228416121037
3 1 4 0.011601122541145058
3 2 4 0.010223781165866822
3 3 4 0.007340513866793669
1 1 5 0.020404109395684177
1 2 5 0.014151774263754338
1 3 5 0.008734336332274373
2 1 5 0.016245161918136155
2 2 5 0.010846619009471939
2 3 5 0.0088248837872475
3 1 5 0.012724941763015973
3 2 5 0.00759137257054236
3 3 5 0.005700784456423638
1 1 6 0.013634017309521074
1 2 6 0.01316812121093498
1 3 6 0.009824101919478781
2 1 6 0.013393465920495349
2 2 6 0.011865148563160555
2 3 6 0.0072300202618122075
3 1 6 0.010633333819321522
3 2 6 0.008011138288934077
3 3 6 0.004368747807569154
1 1 7 0.01643361714427316
1 2 7 0.011966651018134619
1 3 7 0.006247073087772467
2 1 7 0.010336858627929475
2 2 7 0.009552860604645538
2 3 7 0.0069015024953306085
3 1 7 0.007010105662220616
3 2 7 0.007991341771807946
3 3 7 0.005616346839238535
1 1 8 0.012230189374723451
1 2 8 0.01056000908916897
1 3 8 0.008321847075653806
2 1 8 0.009798427882965248
2 2 8 0.009808889388082791
2 3 8 0.006177061477308532
3 1 8 0.010458183966890956
3 2 8 0.007877333894136014
3 3 8 0.0055585045657689505
1 1 9 0.011486126229074547
1 2 9 0.010221418266967807
1 3 9 0.007653660438823042
2 1 9 0.010113277496122317
2 2 9 0.007178638013398251
2 3 9 0.0054332326878159315
3 1 9 0.006227888603457406
3 2 9 0.007798207741799411
3 3 9 0.004878457982976118
1 1 10 0.008473060342099025
1 2 10 0.007247886674597819
1 3 10 0.005317731073364392
2 1 10 0.009082579439492481
2 2 10 0.009589396083616135
2 3 10 0.007061919093806965
3 1 10 0.007868233453304669
3 2 10 0.0066303999923560866
3 3 10 0.004210775119121364
1 1 11 0.005707334858107366
1 2 11 0.010099649944403323
1 3 11 0.007986802909932958
2 1 11 0.009606835025347203
2 2 11 0.006593124266609138
2 3 11 0.006405400409115981
3 1 11 0.007187876421454372
3 2 11 0.00459129753481202
3 3 11 0.004040216546183037
1 1 12 0.006743489241381846
1 2 12 0.006064530389261555
1 3 12 0.006853200082914797
2 1 12 0.007853457070231998
2 2 12 0.006874320827794114
2 3 12 0.0052502766318631424
3 1 12 0.005264528491340565
3 2 12 0.005241280364489368
3 3 12 0.0033573164521082284
1 1 13 0.005549742579847074
1 2 13 0.007501169593848658
1 3 13 0.006949974153420706
2 1 13 0.005251651716148822
2 2 13 0.0053502791089402296
2 3 13 0.004058383885099887
3 1 13 0.0044760107656428
3 2 13 0.004284094091278222
3 3 13 0.0033716671006147093
1 1 14 0.005087397975443669
1 2 14 0.004479038869632939
1 3 14 0.005192021503149119
2 1 14 0.0037304237090686103
2 2 14 0.005959764003411131
2 3 14 0.004403481459508847
3 1 14 0.003457698307742052
3 2 14 0.0055918209238515525
3 3 14 0.004492579025059458
1 1 15 0.0043407884933584695
1 2 15 0.0059069469151346
1 3 15 0.005403166752420055
2 1 15 0.003871457756731354
2 2 15 0.004146238056235889
2 3 15 0.0051467157409591045
3 1 15 0.003018976906641532
3 2 15 0.0024263903414384774
3 3 15 0.0032592514624657704
1 1 16 0.0053773574447443725
1 2 16 0.00252055029563539
1 3 16 0.0034144521337286654
2 1 16 0.003644292543605136
2 2 16 0.00465651615475873
2 3 16 0.004398580938417726
3 1 16 0.0026455567220441045
3 2 16 0.00393233150159419
3 3 16 0.0037348126930211297
1 1 17 0.0032834151372169336
1 2 17 0.004047628857406599
1 3 17 0.003834385875536557
2 1 17 0.0032349777536569827
2 2 17 0.003991849548611077
2 3 17 0.004513803326718249
3 1 17 0.002677798845883174
3 2 17 0.0023003108983969366
3 3 17 0.002535788849336143
1 1 18 0.0027854017968748897
1 2 18 0.0022809805863165306
1 3 18 0.0034225656261362737
2 1 18 0.0041352251932122
2 2 18 0.0032387520920468043
2 3 18 0.0036882792859381486
3 1 18 0.002289958668979378
3 2 18 0.002877429551113664
3 3 18 0.0029691404371216547
1 1 19 0.002546915912000555
1 2 19 0.0026396327742397273
1 3 19 0.00240831657830924
2 1 19 0.0032274866064833144
2 2 19 0.0021744082335315323
2 3 19 0.0026478387364623655
3 1 19 0.0028566291057781613
3 2 19 0.0013950629332435086
3 3 19 0.002268859884229466
1 1 20 0.0016317257868738305
1 2 20 0.0018920559638438614
1 3 20 0.002420058256392099
2 1 20 0.0021093441472095137
2 2 20 0.0017397495810815458
2 3 20 0.0020440292318353384
3 1 20 0.0017673990315159112
3 2 20 0.0016137339368064482
3 3 20 0.0016250741847281282
