Norm difference: 1.0
Norm difference: 1.0
1 1
1 2
2 1
2 2
1 1
1 2
2 1
2 2
1 1
1 2
2 1
2 2
1 1
1 2
2 1
2 2
1 1
1 2
2 1
2 2
1 1
1 2
2 1
2 2
1 1
1 2
2 1
2 2
1 1
1 2
2 1
2 2
1 1
1 2
2 1
2 2
1 1
1 2
2 1
2 2
1 1
1 2
2 1
2 2
1 1
1 2
2 1
2 2
1 1
1 2
2 1
2 2
1 1
1 2
2 1
2 2
1 1
1 2
2 1
2 2
1 1
1 2
2 1
2 2
1 1
1 2
2 1
2 2
1 1
1 2
2 1
2 2
1 1
1 2
2 1
2 2
1 1
1 2
2 1
2 2
1 1 1 0.00025312335090219295
1 2 1 0.0002418383947024979
2 1 1 0.0002601179062110655
2 2 1 0.0002462441070037562
1 1 2 0.0003509782262125176
1 2 2 0.0004090352933461003
2 1 2 0.0004442346145077273
2 2 2 0.0004396328010925545
1 1 3 0.0003156930384998374
1 2 3 0.000339366441444922
2 1 3 0.0004884418312005767
2 2 3 0.00048592989365739186
1 1 4 0.000424862373659562
1 2 4 0.000518564236424815
2 1 4 0.0005431063645501299
2 2 4 0.0006480527419560712
1 1 5 0.0004322621895496138
1 2 5 0.00047548789115284913
2 1 5 0.0005340164465226462
2 2 5 0.0006586329667415512
1 1 6 0.0005018904588569332
1 2 6 0.000642766355281792
2 1 6 0.0005304576351364361
2 2 6 0.000689937439244415
1 1 7 0.0005336088465932655
1 2 7 0.0007964209301625881
2 1 7 0.000659243612273608
2 2 7 0.0009800912525234167
1 1 8 0.0005558896000515809
1 2 8 0.0006140171060400074
2 1 8 0.000707469694798336
2 2 8 0.0009799923443658157
1 1 9 0.0006371386711599751
1 2 9 0.0007739556584683635
2 1 9 0.000821283442727904
2 2 9 0.0009599008255238489
1 1 10 0.0005480045058207614
1 2 10 0.0008522773249088229
2 1 10 0.0006692480216459927
2 2 10 0.0007186229314115137
1 1 11 0.0006730601277105189
1 2 11 0.0008383538118068064
2 1 11 0.0006699535947080764
2 2 11 0.0008062129508020789
1 1 12 0.0005617792882498814
1 2 12 0.0005318854649715046
2 1 12 0.0005797137909461697
2 2 12 0.000902610748498505
1 1 13 0.0005559031206475368
1 2 13 0.0006719118381522093
2 1 13 0.0007545231874875024
2 2 13 0.0007375804420798382
1 1 14 0.0004799103567161967
1 2 14 0.0008662721942466353
2 1 14 0.0005290100651127573
2 2 14 0.0007728006293780869
1 1 15 0.0007839109203028114
1 2 15 0.0005104475265103813
2 1 15 0.0007067389053233596
2 2 15 0.0007893510922143863
1 1 16 0.0006237586432008119
1 2 16 0.000541636153645291
2 1 16 0.0009285978362139277
2 2 16 0.0005956928494141911
1 1 17 0.0006160900240759917
1 2 17 0.0008737287442430353
2 1 17 0.0008709789474312333
2 2 17 0.0008502721140485434
1 1 18 0.0009383814346423904
1 2 18 0.0008306831857264454
2 1 18 0.0010156280637957857
2 2 18 0.001195152718984278
1 1 19 0.0008870604742119927
1 2 19 0.000746684985971841
2 1 19 0.0008673263442328204
2 2 19 0.001103789141931421
1 1 20 0.0009619022558452937
1 2 20 0.0010463646251311699
2 1 20 0.001147279428602645
2 2 20 0.0009178322119290764
