W: 3.4000000000000004
num_iter: 0
[-0.8789691  -0.8789691  -0.8699772  -0.8699772  -0.86019589 -0.86019589
 -0.84881695 -0.84881695 -0.8363713  -0.8363713  -0.82295435 -0.82295435
 -0.80847649 -0.80847649 -0.79285184 -0.79285184 -0.77622105 -0.77622105
 -0.75826641 -0.75826641 -0.73946085 -0.73946085 -0.71941392 -0.71941392
 -0.69818772 -0.69818772 -0.67578745 -0.67578745 -0.65178424 -0.65178424
 -0.62705094 -0.62705094 -0.60073709 -0.60073709 -0.57337679 -0.57337679
 -0.54419853 -0.54419853 -0.5137709  -0.5137709  -0.48165763 -0.48165763
 -0.44820807 -0.44820807 -0.41310265 -0.41310265 -0.37629762 -0.37629762
 -0.33791159 -0.33791159 -0.2981437  -0.2981437  -0.25710159 -0.25710159
 -0.21409778 -0.21409778 -0.17003233 -0.17003233 -0.1243589  -0.1243589
 -0.07764679 -0.07764679 -0.02521351 -0.02521351  0.02521499  0.02521499
  0.0776472   0.0776472   0.12435823  0.12435823  0.17002971  0.17002971
  0.21409167  0.21409167  0.25709769  0.25709769  0.29814514  0.29814514
  0.33790919  0.33790919  0.3763051   0.3763051   0.41310233  0.41310233
  0.44820922  0.44820922  0.48165642  0.48165642  0.51376973  0.51376973
  0.54419566  0.54419566  0.57337241  0.57337241  0.60073546  0.60073546
  0.62705149  0.62705149  0.65178559  0.65178559  0.67578265  0.67578265
  0.69818664  0.69818664  0.71941366  0.71941366  0.73947081  0.73947081
  0.75827201  0.75827201  0.77622357  0.77622357  0.79285094  0.79285094
  0.80848704  0.80848704  0.82294961  0.82294961  0.83636981  0.83636981
  0.84882236  0.84882236  0.86019201  0.86019201  0.86997579  0.86997579
  0.87896704  0.87896704]
localization_length: 1.2394151114354295
1.2356198196990087
W_list: [3.4000000000000004]
L_list: [39.53983423036828]
