Norm difference: 1.0
Norm difference: 0.9999999999999999
1 1
1 2
1 3
2 1
2 2
2 3
3 1
3 2
3 3
1 1
1 2
1 3
2 1
2 2
2 3
3 1
3 2
3 3
1 1
1 2
1 3
2 1
2 2
2 3
3 1
3 2
3 3
1 1
1 2
1 3
2 1
2 2
2 3
3 1
3 2
3 3
1 1
1 2
1 3
2 1
2 2
2 3
3 1
3 2
3 3
1 1
1 2
1 3
2 1
2 2
2 3
3 1
3 2
3 3
1 1
1 2
1 3
2 1
2 2
2 3
3 1
3 2
3 3
1 1
1 2
1 3
2 1
2 2
2 3
3 1
3 2
3 3
1 1
1 2
1 3
2 1
2 2
2 3
3 1
3 2
3 3
1 1
1 2
1 3
2 1
2 2
2 3
3 1
3 2
3 3
1 1
1 2
1 3
2 1
2 2
2 3
3 1
3 2
3 3
1 1
1 2
1 3
2 1
2 2
2 3
3 1
3 2
3 3
1 1
1 2
1 3
2 1
2 2
2 3
3 1
3 2
3 3
1 1
1 2
1 3
2 1
2 2
2 3
3 1
3 2
3 3
1 1
1 2
1 3
2 1
2 2
2 3
3 1
3 2
3 3
1 1
1 2
1 3
2 1
2 2
2 3
3 1
3 2
3 3
1 1
1 2
1 3
2 1
2 2
2 3
3 1
3 2
3 3
1 1
1 2
1 3
2 1
2 2
2 3
3 1
3 2
3 3
1 1
1 2
1 3
2 1
2 2
2 3
3 1
3 2
3 3
1 1
1 2
1 3
2 1
2 2
2 3
3 1
3 2
3 3
1 1 1 0.018124347230539982
1 2 1 0.010961887272618615
1 3 1 0.014278996985459827
2 1 1 0.012532116423321641
2 2 1 0.00864637056085873
2 3 1 0.013574185603807387
3 1 1 0.01816540377218973
3 2 1 0.011028178760498806
3 3 1 0.01969377538151388
1 1 2 0.01663385656646526
1 2 2 0.010646358925955338
1 3 2 0.01789866729684892
2 1 2 0.007473290758855662
2 2 2 0.006257528762612326
2 3 2 0.012589051386103781
3 1 2 0.01612845143433969
3 2 2 0.011032994417747799
3 3 2 0.020206027885477
1 1 3 0.014180124777646403
1 2 3 0.008050235474193871
1 3 3 0.017365681536292518
2 1 3 0.008851054806422686
2 2 3 0.004528188356672809
2 3 3 0.009587528819789266
3 1 3 0.025651517301866877
3 2 3 0.007668746495663134
3 3 3 0.019019976319556178
1 1 4 0.011194747301990158
1 2 4 0.00918217715334938
1 3 4 0.015445176605578145
2 1 4 0.00851982721998397
2 2 4 0.006356695056644018
2 3 4 0.009026976346682713
3 1 4 0.015831047295544798
3 2 4 0.008169929219419564
3 3 4 0.014336303085188148
1 1 5 0.008079173592908048
1 2 5 0.006775142033293713
1 3 5 0.010839008970036954
2 1 5 0.007402613340608979
2 2 5 0.005434443704581473
2 3 5 0.008446886841585271
3 1 5 0.015787820027515602
3 2 5 0.008521502967865042
3 3 5 0.0154487687582678
1 1 6 0.0073491423652594185
1 2 6 0.00515569923344847
1 3 6 0.010598817406101517
2 1 6 0.005449990400339366
2 2 6 0.004087903850428236
2 3 6 0.005835627304615738
3 1 6 0.010136929694827178
3 2 6 0.008058413518402146
3 3 6 0.01520223024285001
1 1 7 0.006717139060012078
1 2 7 0.005831946718571108
1 3 7 0.009247558391609633
2 1 7 0.0038179807999959613
2 2 7 0.003276050178899985
2 3 7 0.005840625964959652
3 1 7 0.009365799740238486
3 2 7 0.008839957336331807
3 3 7 0.016062283616912157
1 1 8 0.004887482878023116
1 2 8 0.003848620993550318
1 3 8 0.0047978410837875305
2 1 8 0.0033479710025105607
2 2 8 0.0032309559383899068
2 3 8 0.004897139873087996
3 1 8 0.00697472168457095
3 2 8 0.005595249955645524
3 3 8 0.0073674170071305525
1 1 9 0.0045842638101829146
1 2 9 0.0038339890712669952
1 3 9 0.005250385971101229
2 1 9 0.0032794051179022136
2 2 9 0.0032190397888529655
2 3 9 0.003608454051187826
3 1 9 0.006780970311112638
3 2 9 0.00531107645215983
3 3 9 0.009074709189253119
1 1 10 0.0034286343145410597
1 2 10 0.003133138347201775
1 3 10 0.0042673909468016885
2 1 10 0.0031752463738409036
2 2 10 0.0026668649254435765
2 3 10 0.0036502330026152024
3 1 10 0.007107738805934754
3 2 10 0.004433189356049069
3 3 10 0.007942709059631296
1 1 11 0.003197006563911922
1 2 11 0.003729855167904203
1 3 11 0.0029735783317247693
2 1 11 0.002669763796113049
2 2 11 0.0017880236435532763
2 3 11 0.0027182030782503877
3 1 11 0.003933478526019581
3 2 11 0.004402838946727649
3 3 11 0.0032493752164097695
1 1 12 0.0024918023804878877
1 2 12 0.0026717948351487044
1 3 12 0.0021547744117561265
2 1 12 0.002093665875629217
2 2 12 0.0017341828188382716
2 3 12 0.0018529933357373442
3 1 12 0.0044057094625526505
3 2 12 0.003345049111215359
3 3 12 0.0051017511653086035
1 1 13 0.0021293836013297615
1 2 13 0.0031948926095625384
1 3 13 0.0020822516584536846
2 1 13 0.0015261402680743646
2 2 13 0.0019634166442197344
2 3 13 0.0014462946970003321
3 1 13 0.0038427625041235077
3 2 13 0.0032743702490391374
3 3 13 0.0035135529711317233
1 1 14 0.0020177708897416574
1 2 14 0.002433101169580892
1 3 14 0.0021906976487931227
2 1 14 0.0016952713267543332
2 2 14 0.0018389488201393238
2 3 14 0.001281578015939154
3 1 14 0.0029432255212483794
3 2 14 0.003401435443848887
3 3 14 0.003187267607704184
1 1 15 0.002530845914122186
1 2 15 0.0021018725900960114
1 3 15 0.001963048923263124
2 1 15 0.0011494273860314284
2 2 15 0.001153764063061997
2 3 15 0.0018174421347657375
3 1 15 0.0025129830930181586
3 2 15 0.0024944176230576967
3 3 15 0.002861109958933814
1 1 16 0.0019849291194752486
1 2 16 0.0016375172450769962
1 3 16 0.0017276963833837296
2 1 16 0.000920086753010944
2 2 16 0.0012017126825043189
2 3 16 0.0012389562365143628
3 1 16 0.0018322881668720117
3 2 16 0.0029176595978865714
3 3 16 0.002508154252009969
1 1 17 0.0018605938109347193
1 2 17 0.0016907218518018188
1 3 17 0.0018242507007261617
2 1 17 0.0007074522414840754
2 2 17 0.0009049053966025593
2 3 17 0.0010636242823071063
3 1 17 0.0019162281753966088
3 2 17 0.0020596140439893126
3 3 17 0.0027495283137346795
1 1 18 0.0012901750203420312
1 2 18 0.001192535675349092
1 3 18 0.0014501319258396835
2 1 18 0.001027725400680113
2 2 18 0.0009492276637674453
2 3 18 0.0007350029186535129
3 1 18 0.0023788725169609933
3 2 18 0.0020286819637643514
3 3 18 0.0016268299594982543
1 1 19 0.0008950683443627589
1 2 19 0.001205491250630728
1 3 19 0.0020378907138062256
2 1 19 0.0009904753028081273
2 2 19 0.0007032473813302889
2 3 19 0.0004936300839435226
3 1 19 0.0014055681135048987
3 2 19 0.0014985519654666722
3 3 19 0.0018502749540763156
1 1 20 0.0009251761921133491
1 2 20 0.0011862867629249198
1 3 20 0.0016455975279155595
2 1 20 0.0008485204936162229
2 2 20 0.0006989802438180416
2 3 20 0.0005235128693180583
3 1 20 0.0018023306826098402
3 2 20 0.001653221306547873
3 3 20 0.0017273882163761239
