W: 2.6
num_iter: 0
[-0.73431378 -0.73431378 -0.71595433 -0.71595433 -0.6926966  -0.6926966
 -0.66452512 -0.66452512 -0.63330802 -0.63330802 -0.5976203  -0.5976203
 -0.55779338 -0.55779338 -0.51438666 -0.51438666 -0.46698826 -0.46698826
 -0.41564194 -0.41564194 -0.35993573 -0.35993573 -0.29977435 -0.29977435
 -0.2354804  -0.2354804  -0.16776227 -0.16776227 -0.09699979 -0.09699979
 -0.02219354 -0.02219354  0.02219739  0.02219739  0.09700244  0.09700244
  0.16775614  0.16775614  0.23547922  0.23547922  0.2997745   0.2997745
  0.35993564  0.35993564  0.41563975  0.41563975  0.46698708  0.46698708
  0.51439011  0.51439011  0.55779138  0.55779138  0.59762197  0.59762197
  0.63331195  0.63331195  0.66451979  0.66451979  0.69269997  0.69269997
  0.71595245  0.71595245  0.7343147   0.7343147 ]
localization_length: 2.816135180602067
2.830291477795876
W_list: [2.6]
L_list: [45.28466364473402]
