C_list:
0.0006527516581300045 0.21818057394252036
C_list:
0.0006988748104124757 0.23024599386759279
C_list:
0.0006921922685891913 0.253191519317501
C_list:
0.0006734413350120836 0.2630525356088762
C_list:
0.0006330677988436718 0.27642596156045424
C_list:
0.0006660617412513143 0.2911955398503869
ndim2: 60
W_list: [2.3, 2.4, 2.5, 2.5999999999999996, 2.6999999999999997, 2.8]
L_list: [4.583359471148196, 4.343180887547032, 3.949579364646904, 3.8015219951609427, 3.617605214629236, 3.4341185325633394]
C_list:
0.0005095195962879026 0.14932430507993597
C_list:
0.0005554148029769545 0.16892917006560332
C_list:
0.0005006192090364614 0.17512223685110598
C_list:
0.0005698594311220318 0.19776949834783172
C_list:
0.0005437728360420096 0.2139631578145738
C_list:
0.0005707682158723711 0.21980311457202115
ndim2: 60
W_list: [2.3, 2.4, 2.5, 2.5999999999999996, 2.6999999999999997, 2.8]
L_list: [6.69683344224962, 5.9196407560142035, 5.710297092939882, 5.056391447387032, 4.673701819575063, 4.549526069942644]
C_list:
0.0005336491995846387 0.13793646766346623
C_list:
0.0005701589659610259 0.14465798099718932
C_list:
0.0005271333103986474 0.1585122421535417
C_list:
0.0005025697200568995 0.16605549004527753
C_list:
0.0004953352892196311 0.17829368907550444
C_list:
0.0004941858672631623 0.18718619124231026
ndim2: 60
W_list: [2.3, 2.4, 2.5, 2.5999999999999996, 2.6999999999999997, 2.8]
L_list: [7.249714429687831, 6.912857438674122, 6.308660999390555, 6.022083339294202, 5.6087234785776205, 5.342274413316696]
