W: 1.0
num_iter: 0
[-1.12686857 -1.12686857 -1.1205238  -1.1205238  -1.11297111 -1.11297111
 -1.10394077 -1.10394077 -1.09347846 -1.09347846 -1.08168431 -1.08168431
 -1.06783383 -1.06783383 -1.0522396  -1.0522396  -1.03420865 -1.03420865
 -1.01408903 -1.01408903 -0.99112878 -0.99112878 -0.96489524 -0.96489524
 -0.93577371 -0.93577371 -0.90223593 -0.90223593 -0.86410226 -0.86410226
 -0.82183793 -0.82183793 -0.77348314 -0.77348314 -0.72007045 -0.72007045
 -0.66170265 -0.66170265 -0.59762521 -0.59762521 -0.53075979 -0.53075979
 -0.46361266 -0.46361266 -0.39897209 -0.39897209 -0.34019531 -0.34019531
 -0.28661908 -0.28661908 -0.23863705 -0.23863705 -0.19462433 -0.19462433
 -0.153527   -0.153527   -0.1158201  -0.1158201  -0.07885826 -0.07885826
 -0.04423975 -0.04423975 -0.00924351 -0.00924351  0.00924351  0.00924351
  0.044246    0.044246    0.07885906  0.07885906  0.11581623  0.11581623
  0.15352692  0.15352692  0.19462109  0.19462109  0.23863104  0.23863104
  0.28662065  0.28662065  0.34019539  0.34019539  0.39897011  0.39897011
  0.46360781  0.46360781  0.53076191  0.53076191  0.59762863  0.59762863
  0.66170119  0.66170119  0.72007116  0.72007116  0.77349313  0.77349313
  0.82183214  0.82183214  0.86410126  0.86410126  0.90223345  0.90223345
  0.93577424  0.93577424  0.96489746  0.96489746  0.99112644  0.99112644
  1.01408875  1.01408875  1.03421593  1.03421593  1.05223703  1.05223703
  1.06783588  1.06783588  1.08168537  1.08168537  1.09348061  1.09348061
  1.10394305  1.10394305  1.11296412  1.11296412  1.12052213  1.12052213
  1.12687066  1.12687066]
localization_length: 3.380752177631416
3.4139179980562515
W_list: [1.0]
L_list: [109.24537593780005]
