W: 3.8
num_iter: 0
[-1.09007802 -1.09007802 -1.02507021 -1.02507021 -0.94032728 -0.94032728
 -0.83576228 -0.83576228 -0.70970906 -0.70970906 -0.55764051 -0.55764051
 -0.3748747  -0.3748747  -0.14401646 -0.14401646  0.14401851  0.14401851
  0.37486617  0.37486617  0.55763403  0.55763403  0.70971526  0.70971526
  0.83575974  0.83575974  0.94033106  0.94033106  1.02507452  1.02507452
  1.09007925  1.09007925]
localization_length: 0.8679563701714734
0.8606908328967948
W_list: [3.8]
L_list: [6.885526663174359]
