Norm difference: 1.0
Norm difference: 1.0
1 1
1 2
1 3
2 1
2 2
2 3
3 1
3 2
3 3
1 1
1 2
1 3
2 1
2 2
2 3
3 1
3 2
3 3
1 1
1 2
1 3
2 1
2 2
2 3
3 1
3 2
3 3
1 1
1 2
1 3
2 1
2 2
2 3
3 1
3 2
3 3
1 1
1 2
1 3
2 1
2 2
2 3
3 1
3 2
3 3
1 1
1 2
1 3
2 1
2 2
2 3
3 1
3 2
3 3
1 1
1 2
1 3
2 1
2 2
2 3
3 1
3 2
3 3
1 1
1 2
1 3
2 1
2 2
2 3
3 1
3 2
3 3
1 1
1 2
1 3
2 1
2 2
2 3
3 1
3 2
3 3
1 1
1 2
1 3
2 1
2 2
2 3
3 1
3 2
3 3
1 1
1 2
1 3
2 1
2 2
2 3
3 1
3 2
3 3
1 1
1 2
1 3
2 1
2 2
2 3
3 1
3 2
3 3
1 1
1 2
1 3
2 1
2 2
2 3
3 1
3 2
3 3
1 1
1 2
1 3
2 1
2 2
2 3
3 1
3 2
3 3
1 1
1 2
1 3
2 1
2 2
2 3
3 1
3 2
3 3
1 1
1 2
1 3
2 1
2 2
2 3
3 1
3 2
3 3
1 1
1 2
1 3
2 1
2 2
2 3
3 1
3 2
3 3
1 1
1 2
1 3
2 1
2 2
2 3
3 1
3 2
3 3
1 1
1 2
1 3
2 1
2 2
2 3
3 1
3 2
3 3
1 1
1 2
1 3
2 1
2 2
2 3
3 1
3 2
3 3
1 1 1 0.011648911938501778
1 2 1 0.013976051085522795
1 3 1 0.014556560141236746
2 1 1 0.010992282744668739
2 2 1 0.009574517485943554
2 3 1 0.013568378441677992
3 1 1 0.013761652793855739
3 2 1 0.014834294890619196
3 3 1 0.015950679867587463
1 1 2 0.012775007280953743
1 2 2 0.011762690922083699
1 3 2 0.012444667159298966
2 1 2 0.009598203914999843
2 2 2 0.007792059702173938
2 3 2 0.011655295262684044
3 1 2 0.012095451598162069
3 2 2 0.012388683812082963
3 3 2 0.01682668243305572
1 1 3 0.010447154676556963
1 2 3 0.008180615479091154
1 3 3 0.013034245943348729
2 1 3 0.010523958306601711
2 2 3 0.009642942204098535
2 3 3 0.010087801901131706
3 1 3 0.011217924081501884
3 2 3 0.011116415421297616
3 3 3 0.01459934916801231
1 1 4 0.009587924469323158
1 2 4 0.010757692133400368
1 3 4 0.01178695293048787
2 1 4 0.007817187086505108
2 2 4 0.008717222632696624
2 3 4 0.009996093868961114
3 1 4 0.01172777615372526
3 2 4 0.010476821724298434
3 3 4 0.012533178583833881
1 1 5 0.009597004446580348
1 2 5 0.009344171063229899
1 3 5 0.009771592751830037
2 1 5 0.008526489613794697
2 2 5 0.007151321164755793
2 3 5 0.009037205113902502
3 1 5 0.010648249467090086
3 2 5 0.009878116013536765
3 3 5 0.011879546097298911
1 1 6 0.00914807988637386
1 2 6 0.009265384945498811
1 3 6 0.010226900818255752
2 1 6 0.011031699375864809
2 2 6 0.007124427546903565
2 3 6 0.007539580384595982
3 1 6 0.012485101244109249
3 2 6 0.011005569925053381
3 3 6 0.01058144895397207
1 1 7 0.010110721155131822
1 2 7 0.007014704910555798
1 3 7 0.008772647309875242
2 1 7 0.008517241559969838
2 2 7 0.0074837811550348176
2 3 7 0.007261029651978621
3 1 7 0.011239333056255029
3 2 7 0.008331924712593239
3 3 7 0.009949883215384172
1 1 8 0.010058332165662803
1 2 8 0.006573290112877515
1 3 8 0.006665391127600345
2 1 8 0.00794332025449997
2 2 8 0.006065895569911152
2 3 8 0.006460932417559409
3 1 8 0.010312724115235181
3 2 8 0.007688123171754565
3 3 8 0.008224847697185721
1 1 9 0.007496575555725965
1 2 9 0.0061494009202582006
1 3 9 0.006444602019310558
2 1 9 0.0076748891597162765
2 2 9 0.004766774001601556
2 3 9 0.006254777367090608
3 1 9 0.010006998067686675
3 2 9 0.007562707975197515
3 3 9 0.007264596066042421
1 1 10 0.008421086524884295
1 2 10 0.0056714939085575865
1 3 10 0.005612248399698622
2 1 10 0.00713586749918496
2 2 10 0.0047081905704922
2 3 10 0.005480731973457618
3 1 10 0.008094109161474215
3 2 10 0.007230195125066878
3 3 10 0.007008691155324041
1 1 11 0.006259489061703075
1 2 11 0.004652520768093027
1 3 11 0.005858867908404309
2 1 11 0.005548667021607916
2 2 11 0.004824600905549177
2 3 11 0.004599483661192855
3 1 11 0.008208280915513531
3 2 11 0.00560335347619717
3 3 11 0.0064317216899400665
1 1 12 0.00643299604254606
1 2 12 0.005273820283517775
1 3 12 0.0059382391538832765
2 1 12 0.0050600061719695165
2 2 12 0.004485999974360284
2 3 12 0.00484035980263064
3 1 12 0.007538735943517619
3 2 12 0.005659551274135451
3 3 12 0.0059867442012304165
1 1 13 0.005386211006077888
1 2 13 0.004798662208052107
1 3 13 0.005529324486443969
2 1 13 0.005375302701645121
2 2 13 0.0033016392014863236
2 3 13 0.005000953091061985
3 1 13 0.006369485613082797
3 2 13 0.00580772446042521
3 3 13 0.005943818289808091
1 1 14 0.004693187924348861
1 2 14 0.0051035966842903745
1 3 14 0.005423146599471229
2 1 14 0.004753418160567117
2 2 14 0.0038038284359336984
2 3 14 0.003545293030325121
3 1 14 0.0058312515652694874
3 2 14 0.004737503487950055
3 3 14 0.005533632067623459
1 1 15 0.004924648822091692
1 2 15 0.0026103087716318582
1 3 15 0.004807348840757182
2 1 15 0.0039995032460624445
2 2 15 0.0027959621907949575
2 3 15 0.0039762145742263545
3 1 15 0.0058526693610881225
3 2 15 0.003580772561023956
3 3 15 0.004644855720365212
1 1 16 0.004903582436846828
1 2 16 0.003353981622872904
1 3 16 0.0034213708690781037
2 1 16 0.003952446787756933
2 2 16 0.002537173852369983
2 3 16 0.0034383616590927396
3 1 16 0.005224908884235968
3 2 16 0.003191022366026567
3 3 16 0.004807001883044182
1 1 17 0.0042895794841733515
1 2 17 0.0026328402376396046
1 3 17 0.003777343344601364
2 1 17 0.0030081540836572338
2 2 17 0.002225307217186628
2 3 17 0.0031939453450824107
3 1 17 0.004117849670274178
3 2 17 0.003378925260515969
3 3 17 0.0036172352465031845
1 1 18 0.00403715400998563
1 2 18 0.0029693961041728006
1 3 18 0.002879952092539098
2 1 18 0.0028773980455273768
2 2 18 0.002330398553246101
2 3 18 0.0030509447554779284
3 1 18 0.003700076805061623
3 2 18 0.003123100016520051
3 3 18 0.0038874561562875
1 1 19 0.0029165228914314854
1 2 19 0.0023998245355751962
1 3 19 0.0031791467147238668
2 1 19 0.003219948511095356
2 2 19 0.002336968291915696
2 3 19 0.002822561852794087
3 1 19 0.00359604627639938
3 2 19 0.002612461730078828
3 3 19 0.003599011701862348
1 1 20 0.002685254562493305
1 2 20 0.002248818344689217
1 3 20 0.0037059104265808342
2 1 20 0.0023723072597357205
2 2 20 0.0020584348748440328
2 3 20 0.0027964824910730523
3 1 20 0.0028229236855930573
3 2 20 0.0028398380757586514
3 3 20 0.0030982949597665095
