[-2.41421356 -1.         -1.         -0.41421356  0.41421356  1.
  1.          2.41421356]
W: 4.0
num_iter: 0
[-0.93371266 -0.92086596 -0.90681529 -0.89304157 -0.87840213 -0.86357553
 -0.84749603 -0.8315585  -0.81438949 -0.79683254 -0.77861943 -0.75813321
 -0.7388272  -0.71797237 -0.69587401 -0.67378912 -0.65050937 -0.62591746
 -0.60034439 -0.5743736  -0.54706608 -0.51895318 -0.48947012 -0.45863967
 -0.42621538 -0.39272716 -0.35640179 -0.32008936 -0.27883593 -0.23548604
 -0.18489932 -0.12436892  0.12436633  0.18489933  0.23548753  0.27883901
  0.32010152  0.35639379  0.39272164  0.42619905  0.45864384  0.48946658
  0.51894459  0.5470694   0.57436181  0.60035523  0.6259159   0.65050594
  0.67379206  0.69587453  0.71798432  0.73883017  0.75812589  0.77863092
  0.7968323   0.81439746  0.83156577  0.84750205  0.86356481  0.87840622
  0.89303224  0.90681849  0.92085472  0.9337194 ]
localization_length: 0.2512737954083084
0.2511162612649893
W_list: [4.0]
L_list: [0.2511162612649893]
[-2.41421356 -1.         -1.         -0.41421356  0.41421356  1.
  1.          2.41421356]
W: 4.0
num_iter: 0
[-0.93363877 -0.92069735 -0.90694686 -0.89279716 -0.87858507 -0.86338345
 -0.84758077 -0.83094592 -0.81379068 -0.79612054 -0.77761181 -0.75840679
 -0.73849446 -0.71734177 -0.69555987 -0.67362635 -0.64931742 -0.62532612
 -0.60031481 -0.57424462 -0.54746246 -0.51907973 -0.48943358 -0.45844288
 -0.42609764 -0.39232946 -0.35707635 -0.31922771 -0.27877746 -0.23474034
 -0.18470753 -0.12594313  0.12594215  0.18470554  0.23473597  0.27878015
  0.31922174  0.35707716  0.3923303   0.4260986   0.45845166  0.48942663
  0.51908358  0.54745872  0.57424955  0.6003202   0.62533255  0.64932321
  0.673641    0.69554327  0.71733418  0.73848869  0.75840047  0.77761768
  0.7961237   0.81376652  0.83095863  0.84758384  0.8633863   0.87858938
  0.8927893   0.90695588  0.92068497  0.93364735]
localization_length: 0.24812980194039716
0.2501251171570774
W_list: [4.0]
L_list: [0.2501251171570774]
