W: 2.8
num_iter: 0
[-0.8324538  -0.8324538  -0.82297189 -0.82297189 -0.81223731 -0.81223731
 -0.80021545 -0.80021545 -0.78636496 -0.78636496 -0.77193566 -0.77193566
 -0.7559162  -0.7559162  -0.7386753  -0.7386753  -0.72058183 -0.72058183
 -0.70099534 -0.70099534 -0.68049149 -0.68049149 -0.65906364 -0.65906364
 -0.63641489 -0.63641489 -0.61296288 -0.61296288 -0.58844349 -0.58844349
 -0.56271815 -0.56271815 -0.53638734 -0.53638734 -0.50889107 -0.50889107
 -0.4801787  -0.4801787  -0.45019715 -0.45019715 -0.41943474 -0.41943474
 -0.38743017 -0.38743017 -0.35432213 -0.35432213 -0.320275   -0.320275
 -0.28462313 -0.28462313 -0.24892098 -0.24892098 -0.21149547 -0.21149547
 -0.17351781 -0.17351781 -0.13465815 -0.13465815 -0.09550944 -0.09550944
 -0.0559499  -0.0559499  -0.01416792 -0.01416792  0.01416773  0.01416773
  0.05595258  0.05595258  0.09550263  0.09550263  0.1346599   0.1346599
  0.17352432  0.17352432  0.21150066  0.21150066  0.24891917  0.24891917
  0.2846108   0.2846108   0.32027591  0.32027591  0.35431531  0.35431531
  0.38743145  0.38743145  0.41942813  0.41942813  0.45019899  0.45019899
  0.48017092  0.48017092  0.50889252  0.50889252  0.53638519  0.53638519
  0.56272151  0.56272151  0.58844769  0.58844769  0.61295963  0.61295963
  0.63642674  0.63642674  0.65906645  0.65906645  0.68050152  0.68050152
  0.70099528  0.70099528  0.72058125  0.72058125  0.73867836  0.73867836
  0.75591252  0.75591252  0.77192498  0.77192498  0.78636805  0.78636805
  0.80022203  0.80022203  0.81223668  0.81223668  0.82296747  0.82296747
  0.83245499  0.83245499]
localization_length: 2.2057163370224386
2.1896868549879898
W_list: [2.8]
L_list: [70.06997935961567]
