[-2.41421356 -1.         -1.         -0.41421356  0.41421356  1.
  1.          2.41421356]
W: 3.4
num_iter: 0
[-0.79885765 -0.73917937 -0.67148806 -0.59367983 -0.50597673 -0.40530094
 -0.29237809 -0.16119324  0.16119875  0.29237052  0.40530903  0.50596874
  0.59367673  0.6714987   0.73917815  0.79885329]
localization_length: 0.7754667752225942
0.7758905061074627
W_list: [3.4]
L_list: [0.7758905061074627]
[-2.41421356 -1.         -1.         -0.41421356  0.41421356  1.
  1.          2.41421356]
W: 3.4
num_iter: 0
[-0.79904204 -0.74025047 -0.67267277 -0.59398865 -0.50577048 -0.40687971
 -0.29463882 -0.16216865  0.16217111  0.29464046  0.40686308  0.50577519
  0.59400816  0.67266738  0.74024106  0.79904516]
localization_length: 0.770802515617762
0.7735148217713501
W_list: [3.4]
L_list: [0.7735148217713501]
