Norm difference: 1.0
Norm difference: 1.0
1 1
1 2
2 1
2 2
1 1
1 2
2 1
2 2
1 1
1 2
2 1
2 2
1 1
1 2
2 1
2 2
1 1
1 2
2 1
2 2
1 1
1 2
2 1
2 2
1 1
1 2
2 1
2 2
1 1
1 2
2 1
2 2
1 1
1 2
2 1
2 2
1 1
1 2
2 1
2 2
1 1
1 2
2 1
2 2
1 1
1 2
2 1
2 2
1 1
1 2
2 1
2 2
1 1
1 2
2 1
2 2
1 1
1 2
2 1
2 2
1 1
1 2
2 1
2 2
1 1
1 2
2 1
2 2
1 1
1 2
2 1
2 2
1 1
1 2
2 1
2 2
1 1
1 2
2 1
2 2
1 1 1 0.00012520527852885737
1 2 1 0.0001786109030730551
2 1 1 0.00013413424122359633
2 2 1 0.00014251823410798002
1 1 2 0.00016094692322764616
1 2 2 0.00021545102003113977
2 1 2 0.0002096505555762071
2 2 2 0.00020062110834517485
1 1 3 0.00018433259130451067
1 2 3 0.0001640887236560382
2 1 3 0.0001690200835428896
2 2 3 0.00020011586083009924
1 1 4 0.00017098422599127208
1 2 4 0.00018698607687062967
2 1 4 0.0001733128738987904
2 2 4 0.0001975386844782877
1 1 5 0.0001965880092831568
1 2 5 0.00020412903794387482
2 1 5 0.0002419901390781739
2 2 5 0.00019215895858715431
1 1 6 0.0002220858322099848
1 2 6 0.00019596894177366896
2 1 6 0.0002453493537323869
2 2 6 0.00023306007436128375
1 1 7 0.00023601221522036179
1 2 7 0.0002152239262017864
2 1 7 0.00027711044016112967
2 2 7 0.00027312393573014865
1 1 8 0.00027240168034241134
1 2 8 0.0001873393990866522
2 1 8 0.0003023480891203214
2 2 8 0.00020926175005952187
1 1 9 0.00030354328192621667
1 2 9 0.0002662114757589992
2 1 9 0.00033447877493218605
2 2 9 0.0002608421827338038
1 1 10 0.0002494656991871822
1 2 10 0.00023057432386372226
2 1 10 0.000301933189265384
2 2 10 0.00022408266361272994
1 1 11 0.0003053418004350961
1 2 11 0.0002518685392933331
2 1 11 0.00031150171223946
2 2 11 0.00028994205646352863
1 1 12 0.00033071642706252835
1 2 12 0.0002418703990591764
2 1 12 0.00031716798756658773
2 2 12 0.00028013541691011216
1 1 13 0.0003221546868189271
1 2 13 0.0002663611478250815
2 1 13 0.0004228505462049565
2 2 13 0.00025194456699372187
1 1 14 0.00035276992469828356
1 2 14 0.0002867038195858563
2 1 14 0.000415208734476984
2 2 14 0.00024861847391570966
1 1 15 0.00043484254108933806
1 2 15 0.0003328626925148078
2 1 15 0.0004460397075503644
2 2 15 0.0003544859890319824
1 1 16 0.0005230864677957307
1 2 16 0.0003052627721324375
2 1 16 0.0005550762464174839
2 2 16 0.0004793806184955865
1 1 17 0.0005021102983582694
1 2 17 0.0003801985096774213
2 1 17 0.0004984259538039561
2 2 17 0.0004671468969112148
1 1 18 0.0004963616257200539
1 2 18 0.0004663985889364934
2 1 18 0.0005516000939419914
2 2 18 0.0003163718687063438
1 1 19 0.0006044836359863866
1 2 19 0.0005244357966748591
2 1 19 0.0006404006195060727
2 2 19 0.0005236919601124062
1 1 20 0.0004950173782217057
1 2 20 0.00038311514098666967
2 1 20 0.0005306832178412658
2 2 20 0.0005799286263399106
