Norm difference: 1.0
Norm difference: 1.0
1 1
1 2
2 1
2 2
1 1
1 2
2 1
2 2
1 1
1 2
2 1
2 2
1 1
1 2
2 1
2 2
1 1
1 2
2 1
2 2
1 1
1 2
2 1
2 2
1 1
1 2
2 1
2 2
1 1
1 2
2 1
2 2
1 1
1 2
2 1
2 2
1 1
1 2
2 1
2 2
1 1
1 2
2 1
2 2
1 1
1 2
2 1
2 2
1 1
1 2
2 1
2 2
1 1
1 2
2 1
2 2
1 1
1 2
2 1
2 2
1 1
1 2
2 1
2 2
1 1
1 2
2 1
2 2
1 1
1 2
2 1
2 2
1 1
1 2
2 1
2 2
1 1
1 2
2 1
2 2
1 1 1 0.009161898043462739
1 2 1 0.016341593431578177
2 1 1 0.011530271066896736
2 2 1 0.013055934537017266
1 1 2 0.010785262016793426
1 2 2 0.010780007123147592
2 1 2 0.015533197992679151
2 2 2 0.014535924252898184
1 1 3 0.007688919396115122
1 2 3 0.01260903987301277
2 1 3 0.007804456013559009
2 2 3 0.014334051597974296
1 1 4 0.007037298128973135
1 2 4 0.012947810784359456
2 1 4 0.010736556498147174
2 2 4 0.011724580738056828
1 1 5 0.00871936555473678
1 2 5 0.007385609575817728
2 1 5 0.008659510761487025
2 2 5 0.011717707718549882
1 1 6 0.0077227417357387754
1 2 6 0.007731835177797651
2 1 6 0.008691205806790428
2 2 6 0.01062965081262139
1 1 7 0.005876987028926644
1 2 7 0.007631144749770151
2 1 7 0.008355633168910616
2 2 7 0.00781030891942022
1 1 8 0.006008623807187315
1 2 8 0.007207250993593787
2 1 8 0.008971292474425015
2 2 8 0.008673024679948328
1 1 9 0.0067300045129948475
1 2 9 0.007426435524879063
2 1 9 0.007136731647619953
2 2 9 0.007286078421754596
1 1 10 0.0067061745229750015
1 2 10 0.006217601807787887
2 1 10 0.006378252701803905
2 2 10 0.0065404303100410665
1 1 11 0.004655037958266179
1 2 11 0.005688127379944076
2 1 11 0.006096965159998442
2 2 11 0.007740226999259905
1 1 12 0.005292578918928056
1 2 12 0.005752531590393631
2 1 12 0.006596619494606233
2 2 12 0.008930450776564963
1 1 13 0.004854172670623164
1 2 13 0.005828290830776493
2 1 13 0.006814055829588073
2 2 13 0.007912532597579614
1 1 14 0.005152533312546154
1 2 14 0.006526298828435026
2 1 14 0.006493875738280757
2 2 14 0.006056334866189924
1 1 15 0.005116183387510637
1 2 15 0.005614616090792719
2 1 15 0.00463969047184723
2 2 15 0.004729508235681084
1 1 16 0.003643376942749115
1 2 16 0.004238766264977243
2 1 16 0.004000056882707409
2 2 16 0.005842126501236968
1 1 17 0.003487797408642942
1 2 17 0.0040216441054795275
2 1 17 0.0039083095520653244
2 2 17 0.004842023477136419
1 1 18 0.002325242789167651
1 2 18 0.0031327063725739264
2 1 18 0.0033624027199010594
2 2 18 0.003135990050490713
1 1 19 0.0023805114492953194
1 2 19 0.0021614233806069275
2 1 19 0.003055672501071814
2 2 19 0.0029981506270909232
1 1 20 0.0018414310209252868
1 2 20 0.0022932900770508474
2 1 20 0.0023989294544193556
2 2 20 0.0023089679451830892
