Norm difference: 1.0
Norm difference: 1.0
1 1
1 2
2 1
2 2
1 1
1 2
2 1
2 2
1 1
1 2
2 1
2 2
1 1
1 2
2 1
2 2
1 1
1 2
2 1
2 2
1 1
1 2
2 1
2 2
1 1
1 2
2 1
2 2
1 1
1 2
2 1
2 2
1 1
1 2
2 1
2 2
1 1
1 2
2 1
2 2
1 1
1 2
2 1
2 2
1 1
1 2
2 1
2 2
1 1
1 2
2 1
2 2
1 1
1 2
2 1
2 2
1 1
1 2
2 1
2 2
1 1
1 2
2 1
2 2
1 1
1 2
2 1
2 2
1 1
1 2
2 1
2 2
1 1
1 2
2 1
2 2
1 1
1 2
2 1
2 2
1 1 1 6.010517576793481e-5
1 2 1 7.005662717131386e-5
2 1 1 7.077305250320714e-5
2 2 1 7.715767303073246e-5
1 1 2 6.223706576096027e-5
1 2 2 7.909896077764301e-5
2 1 2 4.047668149299499e-5
2 2 2 6.29715001921406e-5
1 1 3 8.242318375515506e-5
1 2 3 8.427735768433698e-5
2 1 3 5.47964773413844e-5
2 2 3 7.054189160736671e-5
1 1 4 0.00014434509166282532
1 2 4 6.929318049093939e-5
2 1 4 7.581999347823678e-5
2 2 4 6.640576096370364e-5
1 1 5 0.00020977935359757868
1 2 5 0.0001305867915460934
2 1 5 9.119875557759352e-5
2 2 5 7.335002386066463e-5
1 1 6 0.00022129702796368315
1 2 6 0.0001982596457856624
2 1 6 0.00010737625969907652
2 2 6 0.00012262473323801175
1 1 7 0.00019021893352164473
1 2 7 0.00017924613285955895
2 1 7 0.00012325753574751638
2 2 7 0.00011106870742660325
1 1 8 0.000211789913440146
1 2 8 0.00017176003838932625
2 1 8 0.00015581016125999758
2 2 8 0.00015140189735152055
1 1 9 0.0002570972083001714
1 2 9 0.0002218774519234777
2 1 9 0.00017390575938506923
2 2 9 0.00016544666101658031
1 1 10 0.00031854220325013103
1 2 10 0.00036376948171187905
2 1 10 0.00017768440720466062
2 2 10 0.00019729328522088063
1 1 11 0.0003829292179461343
1 2 11 0.00044409585259332334
2 1 11 0.00024195051346541938
2 2 11 0.00023399018193538793
1 1 12 0.0003191801689000435
1 2 12 0.0003920821276364849
2 1 12 0.00019342023183902872
2 2 12 0.00023900648911015084
1 1 13 0.0003187905000878905
1 2 13 0.00029434945786629247
2 1 13 0.0003037934809012029
2 2 13 0.0002844135139803504
1 1 14 0.00037593907957516205
1 2 14 0.0002656997423782133
2 1 14 0.00020699173773280804
2 2 14 0.00022957172216925338
1 1 15 0.000381282208363832
1 2 15 0.0003383062312632175
2 1 15 0.0002932270952046602
2 2 15 0.0002734184238840808
1 1 16 0.0004660974504318214
1 2 16 0.0004847328588882538
2 1 16 0.0003274828191050512
2 2 16 0.00028828227132236134
1 1 17 0.0005568852306037659
1 2 17 0.0005182384654770212
2 1 17 0.00032070134880378865
2 2 17 0.00028618702011845153
1 1 18 0.0005217752818254347
1 2 18 0.00040922920449440865
2 1 18 0.0003515133749797275
2 2 18 0.00035290032669023504
1 1 19 0.0003504945216662314
1 2 19 0.00043180288510524833
2 1 19 0.0003632579412016518
2 2 19 0.00037878987236246355
1 1 20 0.0004691477699839162
1 2 20 0.0005601531525977947
2 1 20 0.00039795496821390283
2 2 20 0.00032365273159003075
