Norm difference: 1.0
Norm difference: 1.0
1 1
1 2
2 1
2 2
1 1
1 2
2 1
2 2
1 1
1 2
2 1
2 2
1 1
1 2
2 1
2 2
1 1
1 2
2 1
2 2
1 1
1 2
2 1
2 2
1 1
1 2
2 1
2 2
1 1
1 2
2 1
2 2
1 1
1 2
2 1
2 2
1 1
1 2
2 1
2 2
1 1
1 2
2 1
2 2
1 1
1 2
2 1
2 2
1 1
1 2
2 1
2 2
1 1
1 2
2 1
2 2
1 1
1 2
2 1
2 2
1 1
1 2
2 1
2 2
1 1
1 2
2 1
2 2
1 1
1 2
2 1
2 2
1 1
1 2
2 1
2 2
1 1
1 2
2 1
2 2
1 1 1 0.0006082889051493192
1 2 1 0.0007388124297420315
2 1 1 0.0005614974040886068
2 2 1 0.0007628612865826168
1 1 2 0.0006319594637168825
1 2 2 0.0010092528072595556
2 1 2 0.001090684332065938
2 2 2 0.0010007608755331532
1 1 3 0.0006066569892802896
1 2 3 0.0006876249968986417
2 1 3 0.0004850151697218018
2 2 3 0.0006786879354482656
1 1 4 0.0010235805733675271
1 2 4 0.0009274556901538873
2 1 4 0.0011001671386791727
2 2 4 0.0007629401909065043
1 1 5 0.000473856848058817
1 2 5 0.0006033704447167617
2 1 5 0.0006906076512592882
2 2 5 0.0005510330128341705
1 1 6 0.0010782079169836913
1 2 6 0.0010136254823608208
2 1 6 0.001178502090718756
2 2 6 0.0013074912588775009
1 1 7 0.001188264164768829
1 2 7 0.000723306265699897
2 1 7 0.0012295399763573678
2 2 7 0.0005685164313373011
1 1 8 0.0012166697323828563
1 2 8 0.0022085148445842432
2 1 8 0.0015456226701092662
2 2 8 0.0023051601688451606
1 1 9 0.001193657964159234
1 2 9 0.0017442461132139147
2 1 9 0.0009621626979128495
2 2 9 0.0013807745389129746
1 1 10 0.001998706976579791
1 2 10 0.0018450386050795034
2 1 10 0.0021467390146463305
2 2 10 0.0024298041955169297
1 1 11 0.0016919972501288363
1 2 11 0.0019415470991103524
2 1 11 0.0018538184692352903
2 2 11 0.0017292502384442091
1 1 12 0.001632464697266301
1 2 12 0.00179525725219563
2 1 12 0.0018825129189908372
2 2 12 0.0026555786234608494
1 1 13 0.0014791273594378066
1 2 13 0.0015538251993245543
2 1 13 0.0012738808442844106
2 2 13 0.0018666195298909255
1 1 14 0.0014076792412693352
1 2 14 0.0023235770139846132
2 1 14 0.0020824894979864987
2 2 14 0.002148983949370135
1 1 15 0.0020415418816030944
1 2 15 0.0018258868418835241
2 1 15 0.002272036342709483
2 2 15 0.0012349814964360104
1 1 16 0.0021217691771066335
1 2 16 0.0015914965823088313
2 1 16 0.001654713383216289
2 2 16 0.0021098528508054887
1 1 17 0.001822588975904757
1 2 17 0.0016881488972195634
2 1 17 0.0013592469978178925
2 2 17 0.0013744281188845281
1 1 18 0.0012939906733514014
1 2 18 0.0012693464635735823
2 1 18 0.0015622347928017633
2 2 18 0.001405245089363232
1 1 19 0.001135259237204748
1 2 19 0.0011447711362455209
2 1 19 0.0017078230716862908
2 2 19 0.0011311192880178514
1 1 20 0.0011335881281425663
1 2 20 0.00104738988237109
2 1 20 0.0011148331981159728
2 2 20 0.0010261704828950261
