Norm difference: 1.0
Norm difference: 1.0
1 1
1 2
2 1
2 2
1 1
1 2
2 1
2 2
1 1
1 2
2 1
2 2
1 1
1 2
2 1
2 2
1 1
1 2
2 1
2 2
1 1
1 2
2 1
2 2
1 1
1 2
2 1
2 2
1 1
1 2
2 1
2 2
1 1
1 2
2 1
2 2
1 1
1 2
2 1
2 2
1 1
1 2
2 1
2 2
1 1
1 2
2 1
2 2
1 1
1 2
2 1
2 2
1 1
1 2
2 1
2 2
1 1
1 2
2 1
2 2
1 1
1 2
2 1
2 2
1 1
1 2
2 1
2 2
1 1
1 2
2 1
2 2
1 1
1 2
2 1
2 2
1 1
1 2
2 1
2 2
1 1 1 0.012581625178737435
1 2 1 0.008990299723670254
2 1 1 0.01361366526499572
2 2 1 0.014344611509720866
1 1 2 0.0078592472582503
1 2 2 0.008608941645378568
2 1 2 0.011558753646305578
2 2 2 0.014039385776747099
1 1 3 0.0059240329366871975
1 2 3 0.008685132283854665
2 1 3 0.010857678549022965
2 2 3 0.011168630265344672
1 1 4 0.007781944089936535
1 2 4 0.004210735196387285
2 1 4 0.008945662418304542
2 2 4 0.01015654945977049
1 1 5 0.006058256548764031
1 2 5 0.005924068940637229
2 1 5 0.007897598359221861
2 2 5 0.008758244382458341
1 1 6 0.006938010005536002
1 2 6 0.005356599777325629
2 1 6 0.007059918534711376
2 2 6 0.00633039068356035
1 1 7 0.0049631671019714375
1 2 7 0.005865236325916878
2 1 7 0.007401354997035152
2 2 7 0.007022280211036075
1 1 8 0.003912370963478028
1 2 8 0.00450200851183633
2 1 8 0.007247802619728995
2 2 8 0.005931595152319869
1 1 9 0.00456657473811921
1 2 9 0.004342755440460451
2 1 9 0.005546811846033122
2 2 9 0.005612202332392869
1 1 10 0.003229279811067163
1 2 10 0.004158523954525726
2 1 10 0.004976274909415257
2 2 10 0.005650570348671969
1 1 11 0.004029136020629429
1 2 11 0.0031568841832085824
2 1 11 0.004054545479310434
2 2 11 0.00542016748587404
1 1 12 0.002833401485475275
1 2 12 0.0035713507605797
2 1 12 0.005160724483865624
2 2 12 0.004096562889724405
1 1 13 0.0036097761272768127
1 2 13 0.0037892402346301098
2 1 13 0.004331853499300887
2 2 13 0.004114425748963797
1 1 14 0.0025947347288734417
1 2 14 0.002748424921649724
2 1 14 0.004751454804344531
2 2 14 0.005221951957126279
1 1 15 0.003043366135626739
1 2 15 0.0023035721156589714
2 1 15 0.003665198281906825
2 2 15 0.0047940483302494575
1 1 16 0.0019369097355599486
1 2 16 0.0027417110145259425
2 1 16 0.004000171186354872
2 2 16 0.003478074030242998
1 1 17 0.0018898027709257376
1 2 17 0.001988723166372237
2 1 17 0.0035679319451735665
2 2 17 0.003126976427306892
1 1 18 0.00161004992414783
1 2 18 0.001392364864548518
2 1 18 0.002535777511893566
2 2 18 0.0030626435380273157
1 1 19 0.0015995888429902658
1 2 19 0.0016177545159445504
2 1 19 0.002330947094544714
2 2 19 0.0024978258109629274
1 1 20 0.001439683402480979
1 2 20 0.0014111798896872202
2 1 20 0.0018302471716959983
2 2 20 0.002021527645259992
