W: 4.2
num_iter: 0
[-1.13638762 -1.13638762 -1.07179065 -1.07179065 -0.98859349 -0.98859349
 -0.88528754 -0.88528754 -0.76090108 -0.76090108 -0.60821379 -0.60821379
 -0.42090318 -0.42090318 -0.17765547 -0.17765547  0.17765905  0.17765905
  0.42091022  0.42091022  0.60822109  0.60822109  0.76089659  0.76089659
  0.88529362  0.88529362  0.98858211  0.98858211  1.07178325  1.07178325
  1.1363869   1.1363869 ]
localization_length: 0.7036090873565847
0.7029498924814426
W_list: [4.2]
L_list: [5.623599139851541]
