W: 3.2
num_iter: 0
[-0.84050091 -0.84050091 -0.82070348 -0.82070348 -0.79636301 -0.79636301
 -0.76723409 -0.76723409 -0.734033   -0.734033   -0.69643187 -0.69643187
 -0.65466478 -0.65466478 -0.60840047 -0.60840047 -0.55644207 -0.55644207
 -0.49985537 -0.49985537 -0.43738625 -0.43738625 -0.36958832 -0.36958832
 -0.2956764  -0.2956764  -0.21682675 -0.21682675 -0.13233196 -0.13233196
 -0.03701281 -0.03701281  0.03701358  0.03701358  0.13233043  0.13233043
  0.216826    0.216826    0.29567962  0.29567962  0.36958908  0.36958908
  0.43738609  0.43738609  0.49984799  0.49984799  0.55644954  0.55644954
  0.60840244  0.60840244  0.65466102  0.65466102  0.69643419  0.69643419
  0.73403623  0.73403623  0.76722943  0.76722943  0.79635829  0.79635829
  0.82070385  0.82070385  0.84050377  0.84050377]
localization_length: 1.6886044212348303
1.678915144745611
W_list: [3.2]
L_list: [26.862642315929776]
