W: 3.2
num_iter: 0
[-0.84383405 -0.84383405 -0.83534509 -0.83534509 -0.82536049 -0.82536049
 -0.81419318 -0.81419318 -0.80208154 -0.80208154 -0.7886329  -0.7886329
 -0.774316   -0.774316   -0.75896776 -0.75896776 -0.74237167 -0.74237167
 -0.72447116 -0.72447116 -0.70566791 -0.70566791 -0.68594009 -0.68594009
 -0.66519247 -0.66519247 -0.64303749 -0.64303749 -0.61966911 -0.61966911
 -0.59528757 -0.59528757 -0.5696677  -0.5696677  -0.54208142 -0.54208142
 -0.51411481 -0.51411481 -0.48408427 -0.48408427 -0.45326209 -0.45326209
 -0.42082019 -0.42082019 -0.38696254 -0.38696254 -0.3512546  -0.3512546
 -0.31465846 -0.31465846 -0.27592755 -0.27592755 -0.23659926 -0.23659926
 -0.19599789 -0.19599789 -0.15399329 -0.15399329 -0.11133086 -0.11133086
 -0.06749999 -0.06749999 -0.01934695 -0.01934695  0.01934833  0.01934833
  0.06750182  0.06750182  0.11133402  0.11133402  0.15399534  0.15399534
  0.19599947  0.19599947  0.23660321  0.23660321  0.27593053  0.27593053
  0.31465978  0.31465978  0.3512537   0.3512537   0.38695946  0.38695946
  0.42082472  0.42082472  0.4532572   0.4532572   0.48407994  0.48407994
  0.51411836  0.51411836  0.54208655  0.54208655  0.56967565  0.56967565
  0.59527956  0.59527956  0.6196717   0.6196717   0.643039    0.643039
  0.66518353  0.66518353  0.68593555  0.68593555  0.70566377  0.70566377
  0.7244737   0.7244737   0.74237144  0.74237144  0.7589681   0.7589681
  0.77430882  0.77430882  0.78863119  0.78863119  0.8020798   0.8020798
  0.81420098  0.81420098  0.82536039  0.82536039  0.83534155  0.83534155
  0.84383323  0.84383323]
localization_length: 1.6152418313878154
1.6772356958773114
W_list: [3.2]
L_list: [53.671542268073964]
