W: 2.8
num_iter: 0
[-0.76272316 -0.76272316 -0.71538617 -0.71538617 -0.65052485 -0.65052485
 -0.56928822 -0.56928822 -0.47122521 -0.47122521 -0.35534926 -0.35534926
 -0.21772046 -0.21772046 -0.0546123  -0.0546123   0.05461293  0.05461293
  0.21772304  0.21772304  0.35534521  0.35534521  0.47122602  0.47122602
  0.56928886  0.56928886  0.65052635  0.65052635  0.71538384  0.71538384
  0.76272338  0.76272338]
localization_length: 2.2888617073660464
2.2770946064033297
W_list: [2.8]
L_list: [18.216756851226638]
