W: 4.2
num_iter: 0
[-1.03605044 -1.03605044 -0.98030461 -0.98030461 -0.9075356  -0.9075356
 -0.8157102  -0.8157102  -0.70191183 -0.70191183 -0.56048721 -0.56048721
 -0.3845818  -0.3845818  -0.15241063 -0.15241063  0.15240879  0.15240879
  0.38458092  0.38458092  0.56048589  0.56048589  0.70191299  0.70191299
  0.81571147  0.81571147  0.90753088  0.90753088  0.98031247  0.98031247
  1.03604892  1.03604892]
localization_length: 0.8201626825602897
0.8267823055713761
W_list: [4.2]
L_list: [6.614258444571009]
