Norm difference: 1.0
Norm difference: 0.9999999999999999
1 1
1 2
1 3
2 1
2 2
2 3
3 1
3 2
3 3
1 1
1 2
1 3
2 1
2 2
2 3
3 1
3 2
3 3
1 1
1 2
1 3
2 1
2 2
2 3
3 1
3 2
3 3
1 1
1 2
1 3
2 1
2 2
2 3
3 1
3 2
3 3
1 1
1 2
1 3
2 1
2 2
2 3
3 1
3 2
3 3
1 1
1 2
1 3
2 1
2 2
2 3
3 1
3 2
3 3
1 1
1 2
1 3
2 1
2 2
2 3
3 1
3 2
3 3
1 1
1 2
1 3
2 1
2 2
2 3
3 1
3 2
3 3
1 1
1 2
1 3
2 1
2 2
2 3
3 1
3 2
3 3
1 1
1 2
1 3
2 1
2 2
2 3
3 1
3 2
3 3
1 1
1 2
1 3
2 1
2 2
2 3
3 1
3 2
3 3
1 1
1 2
1 3
2 1
2 2
2 3
3 1
3 2
3 3
1 1
1 2
1 3
2 1
2 2
2 3
3 1
3 2
3 3
1 1
1 2
1 3
2 1
2 2
2 3
3 1
3 2
3 3
1 1
1 2
1 3
2 1
2 2
2 3
3 1
3 2
3 3
1 1
1 2
1 3
2 1
2 2
2 3
3 1
3 2
3 3
1 1
1 2
1 3
2 1
2 2
2 3
3 1
3 2
3 3
1 1
1 2
1 3
2 1
2 2
2 3
3 1
3 2
3 3
1 1
1 2
1 3
2 1
2 2
2 3
3 1
3 2
3 3
1 1
1 2
1 3
2 1
2 2
2 3
3 1
3 2
3 3
1 1 1 0.002835386498385872
1 2 1 0.0017835375357569427
1 3 1 0.002119752134665357
2 1 1 0.0027162785920078715
2 2 1 0.0019806937865967738
2 3 1 0.0019425812938551224
3 1 1 0.0026304990590300305
3 2 1 0.0025387104631316966
3 3 1 0.0029421380152273996
1 1 2 0.002376584199606449
1 2 2 0.0021809341159405075
1 3 2 0.0023528721692137426
2 1 2 0.002850861895725489
2 2 2 0.0025492608859375575
2 3 2 0.0023081977146199788
3 1 2 0.0027859160858117646
3 2 2 0.002295349654043409
3 3 2 0.0018145028843352083
1 1 3 0.001992597979721532
1 2 3 0.002616374945483684
1 3 3 0.0028554695026984044
2 1 3 0.002209075926703237
2 2 3 0.0019113593662862638
2 3 3 0.0019419607314372304
3 1 3 0.002955684309205044
3 2 3 0.001531555971302306
3 3 3 0.0016993647578616045
1 1 4 0.0017846365276687364
1 2 4 0.002205386686766145
1 3 4 0.0031711776289613477
2 1 4 0.002832309900922449
2 2 4 0.002408187845701835
2 3 4 0.002154148821266944
3 1 4 0.00290808628785979
3 2 4 0.0018366763766146598
3 3 4 0.0019935000458549063
1 1 5 0.001865044606936653
1 2 5 0.0017327877541367526
1 3 5 0.0024069267955187366
2 1 5 0.0017720653644497566
2 2 5 0.002223406173284325
2 3 5 0.002838577023059684
3 1 5 0.0016490283220592736
3 2 5 0.002095843086546544
3 3 5 0.0026648521330767815
1 1 6 0.002404060459031206
1 2 6 0.002481459074801345
1 3 6 0.0032086846462593193
2 1 6 0.0025327303233109834
2 2 6 0.0021945644038772897
2 3 6 0.0028532529472362214
3 1 6 0.0018998426513630322
3 2 6 0.002388079357285839
3 3 6 0.0027243691035807155
1 1 7 0.00292636212278328
1 2 7 0.0022639514402772068
1 3 7 0.0039971801797947576
2 1 7 0.0020576430262907904
2 2 7 0.002384937981731496
2 3 7 0.0023659050961244003
3 1 7 0.0018834490077773026
3 2 7 0.0024606785782323322
3 3 7 0.0025996451080694074
1 1 8 0.004044771418821429
1 2 8 0.0031075609092647604
1 3 8 0.0031607236224120336
2 1 8 0.002565914403752512
2 2 8 0.002819307932844879
2 3 8 0.002766422698514675
3 1 8 0.0024862696731418597
3 2 8 0.002624747259072707
3 3 8 0.0030205480135923855
1 1 9 0.0039621694177897565
1 2 9 0.003729487777902266
1 3 9 0.002165430034144571
2 1 9 0.0026544827923658094
2 2 9 0.0021883242415485383
2 3 9 0.0028314012707066015
3 1 9 0.003057748906323292
3 2 9 0.002723353748929125
3 3 9 0.0024436310839605186
1 1 10 0.0035113098700912137
1 2 10 0.003128843324986019
1 3 10 0.002813751915424175
2 1 10 0.003235366751686749
2 2 10 0.0033536897879617605
2 3 10 0.002337968203942744
3 1 10 0.003717231740658454
3 2 10 0.0029480453946310143
3 3 10 0.0030071502583021727
1 1 11 0.0032419814424651874
1 2 11 0.0035385868010626266
1 3 11 0.0031230986956267857
2 1 11 0.0026909006215212247
2 2 11 0.002884752298451914
2 3 11 0.0027069100506422034
3 1 11 0.0036696309369200013
3 2 11 0.0030964039693203924
3 3 11 0.0025616185998047383
1 1 12 0.0039891261806725
1 2 12 0.0035698676901587253
1 3 12 0.003184253739115539
2 1 12 0.003522248906805621
2 2 12 0.0035453681307213
2 3 12 0.003160485188609593
3 1 12 0.003044216325360851
3 2 12 0.003567036782926048
3 3 12 0.0031768221031426742
1 1 13 0.003453268474747768
1 2 13 0.0033838799779525182
1 3 13 0.003457600615339708
2 1 13 0.003295467862703517
2 2 13 0.0030952073640121537
2 3 13 0.0027928340469383617
3 1 13 0.002523490555841483
3 2 13 0.003416564516741919
3 3 13 0.0039025887858774476
1 1 14 0.0033545179641282577
1 2 14 0.0032829608039497806
1 3 14 0.004145927305336706
2 1 14 0.0034716222312395502
2 2 14 0.0035003252075485663
2 3 14 0.003589006334949818
3 1 14 0.0029756094677898626
3 2 14 0.0035200560993077735
3 3 14 0.003966072895724819
1 1 15 0.003493979251997984
1 2 15 0.003237951024366824
1 3 15 0.0037023678997123157
2 1 15 0.003306521706867438
2 2 15 0.0035483908337605808
2 3 15 0.0030114077026060287
3 1 15 0.003774077881473238
3 2 15 0.003844914944915398
3 3 15 0.0034806486588416868
1 1 16 0.002743734767015696
1 2 16 0.0031726417127891163
1 3 16 0.003267061316472801
2 1 16 0.0030223420759776993
2 2 16 0.003620557020398274
2 3 16 0.0037792161757318242
3 1 16 0.004034452094852747
3 2 16 0.0034310410655183443
3 3 16 0.0029568616300626425
1 1 17 0.002567352305768073
1 2 17 0.00321633899588245
1 3 17 0.002600905683255916
2 1 17 0.0038436093763463087
2 2 17 0.003924820563405481
2 3 17 0.003844837736700664
3 1 17 0.0040197942754426
3 2 17 0.0038812625204593353
3 3 17 0.003642874531156033
1 1 18 0.003161169449402066
1 2 18 0.0031524115162140506
1 3 18 0.0033073026199683304
2 1 18 0.0039051839887180285
2 2 18 0.002747822967250671
2 3 18 0.002778906868818409
3 1 18 0.003924746270072676
3 2 18 0.003702410264768441
3 3 18 0.003938738963795598
1 1 19 0.004199496071064122
1 2 19 0.003754902458285162
1 3 19 0.003508014193137776
2 1 19 0.0030687223051422143
2 2 19 0.0046160067929028265
2 3 19 0.004749068405378848
3 1 19 0.0036158232121701666
3 2 19 0.003906881682443533
3 3 19 0.0042753472103043665
1 1 20 0.0037628039140339673
1 2 20 0.00386904008186739
1 3 20 0.0034042381493324275
2 1 20 0.003173415942776719
2 2 20 0.0030628770033837545
2 3 20 0.0032175368222736333
3 1 20 0.003096548359710031
3 2 20 0.003570072191477301
3 3 20 0.003341027139494237
