[-2.41421356 -1.         -1.         -0.41421356  0.41421356  1.
  1.          2.41421356]
W: 3.2
num_iter: 0
[-0.78257627 -0.76898017 -0.7555834  -0.74096374 -0.72635335 -0.71133414
 -0.69550829 -0.67864848 -0.6620522  -0.6452062  -0.62652632 -0.60774005
 -0.58834867 -0.56883489 -0.54847643 -0.52766917 -0.50601632 -0.48351647
 -0.46136469 -0.43769642 -0.41366067 -0.38833554 -0.36333777 -0.3373722
 -0.30966858 -0.28222493 -0.25282223 -0.22177374 -0.18948983 -0.15382369
 -0.11542854 -0.0686904   0.0686857   0.11542803  0.15382759  0.18949183
  0.2217655   0.25280462  0.28222522  0.30968127  0.33735722  0.36333891
  0.38833594  0.41366539  0.43769828  0.4613651   0.48351779  0.50601666
  0.52766117  0.54847193  0.5688358   0.5883487   0.60773969  0.62653162
  0.64519829  0.66205799  0.67865423  0.69551108  0.71134007  0.72634985
  0.74096214  0.75558525  0.7689915   0.78257939]
localization_length: 0.4549709659990935
0.4577420932250928
W_list: [3.2]
L_list: [0.4577420932250928]
[-2.41421356 -1.         -1.         -0.41421356  0.41421356  1.
  1.          2.41421356]
W: 3.2
num_iter: 0
[-0.78238549 -0.76863896 -0.75468607 -0.74047307 -0.72629188 -0.71100389
 -0.69546177 -0.67867181 -0.66202471 -0.64471265 -0.62662393 -0.60763247
 -0.58855386 -0.56841889 -0.5488617  -0.52784105 -0.50611558 -0.48373298
 -0.46112419 -0.43704323 -0.41357265 -0.38899624 -0.36383508 -0.33732051
 -0.30994001 -0.28184127 -0.25264827 -0.22156577 -0.18861357 -0.1533332
 -0.11488927 -0.06867052  0.06867351  0.11488017  0.15334213  0.18861943
  0.22157031  0.25265029  0.28182154  0.30993681  0.33733731  0.36383667
  0.38900508  0.41357126  0.43703741  0.46112225  0.48374836  0.50610612
  0.52783675  0.54882717  0.56842876  0.58855113  0.60765059  0.6266075
  0.64471756  0.66202484  0.67868324  0.6954605   0.71099839  0.72630262
  0.74047878  0.75469094  0.76862499  0.78238209]
localization_length: 0.45507155972838204
0.45128406564290946
W_list: [3.2]
L_list: [0.45128406564290946]
