[-2.41421356 -1.         -1.         -0.41421356  0.41421356  1.
  1.          2.41421356]
W: 4.0
num_iter: 0
[-0.91050993 -0.85303973 -0.78358958 -0.70366239 -0.61187682 -0.50176792
 -0.37425973 -0.21798483  0.21798468  0.37426502  0.50177776  0.6118746
  0.70366107  0.78358316  0.85303184  0.91051282]
localization_length: 0.5734347834737196
0.5704097197386722
W_list: [4.0]
L_list: [0.5704097197386722]
[-2.41421356 -1.         -1.         -0.41421356  0.41421356  1.
  1.          2.41421356]
W: 4.0
num_iter: 0
[-0.91122109 -0.85344342 -0.78530156 -0.70384697 -0.61107207 -0.50214209
 -0.37442387 -0.21786722  0.21786955  0.37442148  0.50215173  0.61107297
  0.70384594  0.78528767  0.85344219  0.91122676]
localization_length: 0.5737439420309197
0.5701290651292235
W_list: [4.0]
L_list: [0.5701290651292235]
