[-2.41421356 -1.         -1.         -0.41421356  0.41421356  1.
  1.          2.41421356]
W: 3.2
num_iter: 0
[-0.78232991 -0.76906869 -0.75532879 -0.74138576 -0.72635641 -0.71161876
 -0.69591816 -0.67929231 -0.66246159 -0.64446633 -0.62649536 -0.60811795
 -0.58830154 -0.56856532 -0.54834332 -0.52744674 -0.50596739 -0.48361562
 -0.46147899 -0.43820869 -0.41414826 -0.38975946 -0.36409249 -0.33835109
 -0.31030247 -0.28234692 -0.25359591 -0.22280104 -0.18945741 -0.15424751
 -0.11438542 -0.06838985  0.06839126  0.11438375  0.15425714  0.18945998
  0.22280386  0.25359586  0.28233936  0.31029273  0.33834835  0.36410568
  0.38976032  0.41414352  0.43820709  0.46146899  0.48362117  0.50596755
  0.52744621  0.54833379  0.56856703  0.58832234  0.60812248  0.62649752
  0.64445987  0.66247307  0.67927868  0.69591464  0.71162816  0.72634998
  0.74138273  0.75532897  0.76905832  0.78233503]
localization_length: 0.45693915239625366
0.4570419546354499
W_list: [3.2]
L_list: [0.4570419546354499]
[-2.41421356 -1.         -1.         -0.41421356  0.41421356  1.
  1.          2.41421356]
W: 3.2
num_iter: 0
[-0.78229276 -0.76884044 -0.75489762 -0.74082593 -0.72610071 -0.71160617
 -0.69572066 -0.67944763 -0.66235568 -0.64411204 -0.62673729 -0.6080244
 -0.58851358 -0.56884901 -0.5484191  -0.52780629 -0.50511783 -0.48371621
 -0.46111631 -0.43766508 -0.41370477 -0.38910458 -0.36305183 -0.33767303
 -0.31052339 -0.28207518 -0.25305003 -0.22231072 -0.18888841 -0.15421486
 -0.11424115 -0.0676274   0.06762648  0.11423946  0.154213    0.18889864
  0.22228179  0.25306762  0.28207647  0.31052364  0.33764993  0.36307263
  0.38910278  0.41370714  0.43767573  0.46112082  0.48371881  0.50512224
  0.52780971  0.54840052  0.56885046  0.58850599  0.60801749  0.62675033
  0.64410568  0.66234174  0.67945179  0.6957338   0.71159047  0.72612006
  0.74081763  0.7549008   0.76883866  0.78229777]
localization_length: 0.46209712302262784
0.4564432528530639
W_list: [3.2]
L_list: [0.4564432528530639]
