Norm difference: 1.0
Norm difference: 1.0
1 1
1 2
1 3
2 1
2 2
2 3
3 1
3 2
3 3
1 1
1 2
1 3
2 1
2 2
2 3
3 1
3 2
3 3
1 1
1 2
1 3
2 1
2 2
2 3
3 1
3 2
3 3
1 1
1 2
1 3
2 1
2 2
2 3
3 1
3 2
3 3
1 1
1 2
1 3
2 1
2 2
2 3
3 1
3 2
3 3
1 1
1 2
1 3
2 1
2 2
2 3
3 1
3 2
3 3
1 1
1 2
1 3
2 1
2 2
2 3
3 1
3 2
3 3
1 1
1 2
1 3
2 1
2 2
2 3
3 1
3 2
3 3
1 1
1 2
1 3
2 1
2 2
2 3
3 1
3 2
3 3
1 1
1 2
1 3
2 1
2 2
2 3
3 1
3 2
3 3
1 1
1 2
1 3
2 1
2 2
2 3
3 1
3 2
3 3
1 1
1 2
1 3
2 1
2 2
2 3
3 1
3 2
3 3
1 1
1 2
1 3
2 1
2 2
2 3
3 1
3 2
3 3
1 1
1 2
1 3
2 1
2 2
2 3
3 1
3 2
3 3
1 1
1 2
1 3
2 1
2 2
2 3
3 1
3 2
3 3
1 1
1 2
1 3
2 1
2 2
2 3
3 1
3 2
3 3
1 1
1 2
1 3
2 1
2 2
2 3
3 1
3 2
3 3
1 1
1 2
1 3
2 1
2 2
2 3
3 1
3 2
3 3
1 1
1 2
1 3
2 1
2 2
2 3
3 1
3 2
3 3
1 1
1 2
1 3
2 1
2 2
2 3
3 1
3 2
3 3
1 1 1 0.0007916610749150454
1 2 1 0.0011677692299869654
1 3 1 0.0007656314929897475
2 1 1 0.0008990046418059727
2 2 1 0.0010190711781700862
2 3 1 0.0011405269656843229
3 1 1 0.0005061568550847231
3 2 1 0.0007795879479692298
3 3 1 0.0008308190172939378
1 1 2 0.001014163734393479
1 2 2 0.001066534131276787
1 3 2 0.0007755058710754059
2 1 2 0.0006100712726543542
2 2 2 0.0009853318973477134
2 3 2 0.0007618851202242326
3 1 2 0.0005651871481155995
3 2 2 0.0007458118506099257
3 3 2 0.0009210341373064219
1 1 3 0.0009858518970140716
1 2 3 0.0010444669613591507
1 3 3 0.000924463911614436
2 1 3 0.0008198191929923966
2 2 3 0.0010404339300288943
2 3 3 0.0008943580799054163
3 1 3 0.0008671529405364682
3 2 3 0.001062584221985369
3 3 3 0.0004944767769034957
1 1 4 0.0005913460335060615
1 2 4 0.001233354094303839
1 3 4 0.0008309754666795379
2 1 4 0.0008924173696323258
2 2 4 0.0009202466490935868
2 3 4 0.0006771611853221731
3 1 4 0.0010599158061073521
3 2 4 0.0008994334219785277
3 3 4 0.0006769480251182291
1 1 5 0.000989308938676846
1 2 5 0.0011472095474607104
1 3 5 0.0012917580346192379
2 1 5 0.0007000805431479134
2 2 5 0.0010454427170197588
2 3 5 0.0009899003797601866
3 1 5 0.0010087638596766567
3 2 5 0.000781804390021692
3 3 5 0.0010680267369165824
1 1 6 0.0007517071904790169
1 2 6 0.0009420820083063296
1 3 6 0.0006805551112222396
2 1 6 0.0011190212425729279
2 2 6 0.0010959307936892328
2 3 6 0.0011704145058481223
3 1 6 0.001198445149596946
3 2 6 0.001061279763337237
3 3 6 0.0008844175040571072
1 1 7 0.0011312526839405968
1 2 7 0.0010707762950658824
1 3 7 0.0007651283019823386
2 1 7 0.0011168816138202287
2 2 7 0.0011431752658993563
2 3 7 0.0010527151792332338
3 1 7 0.0008959812615327743
3 2 7 0.0009225523660509789
3 3 7 0.0007681854578325988
1 1 8 0.0009013206382809294
1 2 8 0.0009079006484655003
1 3 8 0.0008037978534418584
2 1 8 0.0010534954397856153
2 2 8 0.0011042440222332503
2 3 8 0.0007804655667543602
3 1 8 0.0009522043015695103
3 2 8 0.0009148979902834939
3 3 8 0.0009706920035869135
1 1 9 0.0010955864446123655
1 2 9 0.0010777582279149535
1 3 9 0.000791191567743667
2 1 9 0.0011328245257262518
2 2 9 0.0011055922533274524
2 3 9 0.000924608970362515
3 1 9 0.0009576649302104667
3 2 9 0.0010467332849013486
3 3 9 0.001157245213935684
1 1 10 0.0008135274661396147
1 2 10 0.0008262065504520445
1 3 10 0.0008888804676271719
2 1 10 0.0008929487331509744
2 2 10 0.0010363527659143757
2 3 10 0.0008962902803528294
3 1 10 0.0006027954884831764
3 2 10 0.0010162303865430412
3 3 10 0.0006617833556001693
1 1 11 0.0010372370597132238
1 2 11 0.0011642639300531933
1 3 11 0.0007652107426198795
2 1 11 0.001023542973154424
2 2 11 0.0010989076705113369
2 3 11 0.0009450060085124772
3 1 11 0.0010368912797439301
3 2 11 0.0007695174813320438
3 3 11 0.000730500918272808
1 1 12 0.0011099847788837466
1 2 12 0.0009058482614559824
1 3 12 0.0010928394530798486
2 1 12 0.0009777412115991406
2 2 12 0.000970540136819696
2 3 12 0.000838312773433877
3 1 12 0.0008952420052853148
3 2 12 0.0005133202672476355
3 3 12 0.0006795029838673306
1 1 13 0.0007394140750146019
1 2 13 0.0009612011354490846
1 3 13 0.0007221037702622134
2 1 13 0.0011682802057266816
2 2 13 0.0009716528885121585
2 3 13 0.0010626576850461037
3 1 13 0.0007014628418079607
3 2 13 0.0007795275614018041
3 3 13 0.000692625562545322
1 1 14 0.0006524500375757688
1 2 14 0.0006608532928440531
1 3 14 0.0009229358385213487
2 1 14 0.0008787659782856821
2 2 14 0.000912196883884354
2 3 14 0.0008397713468436992
3 1 14 0.0009658989040728554
3 2 14 0.0008602663764482779
3 3 14 0.0009370681551873084
1 1 15 0.0007886625304581983
1 2 15 0.0006688423061591061
1 3 15 0.0010178953803903486
2 1 15 0.0011642312550268058
2 2 15 0.0009110941100946175
2 3 15 0.0012721205108948198
3 1 15 0.001283216097587175
3 2 15 0.000888232648626346
3 3 15 0.0012466159783062363
1 1 16 0.0010361071525539164
1 2 16 0.0009439875797349154
1 3 16 0.0008386391481701935
2 1 16 0.0013161997198136819
2 2 16 0.0009256671910468888
2 3 16 0.0016315709739393967
3 1 16 0.0012401540367950035
3 2 16 0.0010710167261751137
3 3 16 0.001175607039852871
1 1 17 0.001154415359019011
1 2 17 0.0008710787385629033
1 3 17 0.0009887587176719533
2 1 17 0.0014802121561861086
2 2 17 0.0012986914330152086
2 3 17 0.00122596682251358
3 1 17 0.0008020950240380474
3 2 17 0.0008118951618162078
3 3 17 0.000905968731413305
1 1 18 0.001075413654158973
1 2 18 0.0008017919336192742
1 3 18 0.0009132440887787606
2 1 18 0.0009931427425879614
2 2 18 0.0008930295249094764
2 3 18 0.0012969669628988929
3 1 18 0.0006567488964246882
3 2 18 0.0007759413623369662
3 3 18 0.001094640210024783
1 1 19 0.0009731938263024337
1 2 19 0.0009127983443932466
1 3 19 0.0012369242088023286
2 1 19 0.0008637795548787358
2 2 19 0.0009963859436680396
2 3 19 0.0012176100537725936
3 1 19 0.0008945603694255012
3 2 19 0.0005433470220589682
3 3 19 0.0010979529006270076
1 1 20 0.000862699936083876
1 2 20 0.0007358023961567121
1 3 20 0.0015014523563502149
2 1 20 0.0008895068637374791
2 2 20 0.0008606574875311386
2 3 20 0.0011308252794493309
3 1 20 0.0009666292964730441
3 2 20 0.0010094612563055147
3 3 20 0.001076785966868969
