W: 4.2
num_iter: 0
[-1.00859126 -1.00859126 -0.98701079 -0.98701079 -0.96160586 -0.96160586
 -0.93184655 -0.93184655 -0.89774473 -0.89774473 -0.85947684 -0.85947684
 -0.81594428 -0.81594428 -0.76728249 -0.76728249 -0.71284037 -0.71284037
 -0.65163113 -0.65163113 -0.58302575 -0.58302575 -0.50528598 -0.50528598
 -0.4195243  -0.4195243  -0.32450616 -0.32450616 -0.21881846 -0.21881846
 -0.09271805 -0.09271805  0.09271492  0.09271492  0.21881985  0.21881985
  0.32450584  0.32450584  0.41952486  0.41952486  0.5052815   0.5052815
  0.58302046  0.58302046  0.65162787  0.65162787  0.71284371  0.71284371
  0.76728443  0.76728443  0.81594273  0.81594273  0.85948254  0.85948254
  0.89774384  0.89774384  0.93184377  0.93184377  0.96161595  0.96161595
  0.98701031  0.98701031  1.0085904   1.0085904 ]
localization_length: 0.6741094065637926
0.6677193615619393
W_list: [4.2]
L_list: [10.68350978499103]
