C_list:
0.0006567790610993993 0.2082102081357007
C_list:
0.0006519364375766809 0.23357834616196496
C_list:
0.000611663076057718 0.24752183780574877
C_list:
0.0006588648420261498 0.26212182856996363
C_list:
0.0006865130070462404 0.2736829416518799
C_list:
0.0008167632071544063 0.30138603288929344
ndim2: 60
W_list: [2.3, 2.4, 2.5, 2.5999999999999996, 2.6999999999999997, 2.8]
L_list: [4.802838482099069, 4.281218770624365, 4.040047572629871, 3.815019929685434, 3.653863094149226, 3.318003792058024]
C_list:
0.0006119971847118248 0.15595395471543613
C_list:
0.0005740878300969562 0.1741362068769627
C_list:
0.0005511360205398016 0.17846443956710875
C_list:
0.0005519982336020428 0.18801096281415075
C_list:
0.0005588831203788219 0.2017612420264062
C_list:
0.0006350613950734551 0.22723907521229258
ndim2: 60
W_list: [2.3, 2.4, 2.5, 2.5999999999999996, 2.6999999999999997, 2.8]
L_list: [6.412149033505857, 5.742631115805559, 5.603357186594955, 5.318838779568946, 4.956353311252523, 4.400651600371874]
C_list:
0.0005082982772641702 0.12992367958186293
C_list:
0.0004899804868092134 0.1413191763977552
C_list:
0.0005277181086053707 0.15198978327198795
C_list:
0.0005015159538135326 0.16768474821564655
C_list:
0.0005154144089274818 0.1774419008094432
C_list:
0.0005405880097959601 0.18847145999148035
ndim2: 60
W_list: [2.3, 2.4, 2.5, 2.5999999999999996, 2.6999999999999997, 2.8]
L_list: [7.696826346192845, 7.076180497864015, 6.579389604171521, 5.963571586808697, 5.6356474735576185, 5.305843123649617]
