[-2.41421356 -1.         -1.         -0.41421356  0.41421356  1.
  1.          2.41421356]
W: 3.4
num_iter: 0
[-0.82232519 -0.8087099  -0.79488877 -0.7809005  -0.76619064 -0.75098746
 -0.73505494 -0.71877932 -0.7017143  -0.6841226  -0.66582604 -0.64685593
 -0.62766148 -0.60742185 -0.58711891 -0.56494991 -0.54294187 -0.52029643
 -0.49689133 -0.47271513 -0.44769639 -0.4219628  -0.39565673 -0.36724527
 -0.33825204 -0.30943017 -0.27818261 -0.24630486 -0.21048387 -0.17281347
 -0.13131208 -0.08001392  0.08001682  0.13131201  0.17282437  0.21048905
  0.24629815  0.27818151  0.30943053  0.33826558  0.36724412  0.39564721
  0.42194981  0.44770196  0.47271218  0.49687836  0.52030851  0.54293983
  0.56494722  0.58713474  0.60741117  0.6276687   0.64683801  0.66582147
  0.68412351  0.70170264  0.71878269  0.73506411  0.75099501  0.76619328
  0.78090609  0.79490079  0.80869078  0.82232648]
localization_length: 0.39055702679485677
0.39289655264785933
W_list: [3.4]
L_list: [0.39289655264785933]
[-2.41421356 -1.         -1.         -0.41421356  0.41421356  1.
  1.          2.41421356]
W: 3.4
num_iter: 0
[-0.82166156 -0.80849565 -0.79472408 -0.7806648  -0.76599751 -0.75104452
 -0.73463446 -0.71888207 -0.70126223 -0.68367078 -0.66603536 -0.64675723
 -0.62723777 -0.60743446 -0.58632413 -0.56484633 -0.54278055 -0.52011233
 -0.49696017 -0.47260605 -0.4474253  -0.42193156 -0.39477771 -0.36706421
 -0.33867636 -0.30926489 -0.27785009 -0.24495925 -0.2104714  -0.17215546
 -0.13197924 -0.08092607  0.080927    0.13197433  0.17215741  0.21047986
  0.2449473   0.27784558  0.30925919  0.33868414  0.36704943  0.39478271
  0.42193423  0.44742101  0.47261562  0.496939    0.52011396  0.54278445
  0.56483108  0.58633114  0.60743746  0.62723055  0.6467678   0.66603766
  0.68367519  0.70126955  0.71888495  0.73465941  0.75104223  0.76598692
  0.78066435  0.79472753  0.80849617  0.82165638]
localization_length: 0.38615492015093233
0.3831295505403474
W_list: [3.4]
L_list: [0.3831295505403474]
