W: 3.2
num_iter: 0
[-1.22808684 -1.22808684 -1.20017801 -1.20017801 -1.16629629 -1.16629629
 -1.12649088 -1.12649088 -1.07920468 -1.07920468 -1.02569873 -1.02569873
 -0.96336206 -0.96336206 -0.89411709 -0.89411709 -0.81769868 -0.81769868
 -0.73532562 -0.73532562 -0.64636519 -0.64636519 -0.55212843 -0.55212843
 -0.4517627  -0.4517627  -0.34608391 -0.34608391 -0.23517227 -0.23517227
 -0.10407663 -0.10407663  0.10407276  0.10407276  0.23517396  0.23517396
  0.34608337  0.34608337  0.45176565  0.45176565  0.5521279   0.5521279
  0.64636682  0.64636682  0.73532756  0.73532756  0.81770048  0.81770048
  0.89411528  0.89411528  0.96335659  0.96335659  1.02569962  1.02569962
  1.07920438  1.07920438  1.12649105  1.12649105  1.16629786  1.16629786
  1.20017867  1.20017867  1.22808605  1.22808605]
localization_length: 0.6005414186507823
0.6076349567951422
W_list: [3.2]
L_list: [9.722159308722276]
