W: 4.2
num_iter: 0
[-1.15573906 -1.15573906 -1.14260301 -1.14260301 -1.12823743 -1.12823743
 -1.11328771 -1.11328771 -1.09725855 -1.09725855 -1.0798244  -1.0798244
 -1.06179161 -1.06179161 -1.04195004 -1.04195004 -1.02101394 -1.02101394
 -0.9991718  -0.9991718  -0.97605558 -0.97605558 -0.95160403 -0.95160403
 -0.9260628  -0.9260628  -0.89897215 -0.89897215 -0.87075067 -0.87075067
 -0.8413649  -0.8413649  -0.80970535 -0.80970535 -0.77714639 -0.77714639
 -0.74218941 -0.74218941 -0.70637316 -0.70637316 -0.66823104 -0.66823104
 -0.62819151 -0.62819151 -0.58607463 -0.58607463 -0.54118577 -0.54118577
 -0.49507456 -0.49507456 -0.4461556  -0.4461556  -0.39451624 -0.39451624
 -0.34103584 -0.34103584 -0.28529994 -0.28529994 -0.22574497 -0.22574497
 -0.16225055 -0.16225055 -0.08822954 -0.08822954  0.08822486  0.08822486
  0.1622471   0.1622471   0.22574505  0.22574505  0.28529497  0.28529497
  0.34103635  0.34103635  0.39451792  0.39451792  0.44615572  0.44615572
  0.49508319  0.49508319  0.54119337  0.54119337  0.58607713  0.58607713
  0.62819985  0.62819985  0.66822686  0.66822686  0.70636796  0.70636796
  0.74218823  0.74218823  0.77713991  0.77713991  0.80969572  0.80969572
  0.84136391  0.84136391  0.87075193  0.87075193  0.8989686   0.8989686
  0.92605805  0.92605805  0.95160718  0.95160718  0.97605683  0.97605683
  0.99917396  0.99917396  1.02101258  1.02101258  1.04194367  1.04194367
  1.06178237  1.06178237  1.07982776  1.07982776  1.09726107  1.09726107
  1.11329156  1.11329156  1.12824854  1.12824854  1.14261406  1.14261406
  1.15573589  1.15573589]
localization_length: 0.3542085337907192
0.352997256273899
W_list: [4.2]
L_list: [11.295912200764768]
