W: 4.2
num_iter: 0
[-1.15594874 -1.15594874 -1.14259234 -1.14259234 -1.12882869 -1.12882869
 -1.11331731 -1.11331731 -1.09721763 -1.09721763 -1.08001078 -1.08001078
 -1.06145057 -1.06145057 -1.04211708 -1.04211708 -1.02136502 -1.02136502
 -0.99943751 -0.99943751 -0.97634114 -0.97634114 -0.95160845 -0.95160845
 -0.9261741  -0.9261741  -0.89881072 -0.89881072 -0.87100877 -0.87100877
 -0.841105   -0.841105   -0.81011554 -0.81011554 -0.77735086 -0.77735086
 -0.74299415 -0.74299415 -0.7067324  -0.7067324  -0.6685829  -0.6685829
 -0.62816744 -0.62816744 -0.58614132 -0.58614132 -0.54117315 -0.54117315
 -0.49516333 -0.49516333 -0.44660063 -0.44660063 -0.39544809 -0.39544809
 -0.34176525 -0.34176525 -0.28602719 -0.28602719 -0.22646639 -0.22646639
 -0.16245563 -0.16245563 -0.08736287 -0.08736287  0.08735977  0.08735977
  0.16246516  0.16246516  0.22647751  0.22647751  0.28602703  0.28602703
  0.34176383  0.34176383  0.39545163  0.39545163  0.44660885  0.44660885
  0.49515867  0.49515867  0.54116936  0.54116936  0.58614157  0.58614157
  0.62817055  0.62817055  0.6685897   0.6685897   0.70672984  0.70672984
  0.74298961  0.74298961  0.77734754  0.77734754  0.81011316  0.81011316
  0.8411054   0.8411054   0.8710014   0.8710014   0.89881182  0.89881182
  0.92618354  0.92618354  0.9516081   0.9516081   0.97633913  0.97633913
  0.9994295   0.9994295   1.02136222  1.02136222  1.04211944  1.04211944
  1.06145249  1.06145249  1.0800131   1.0800131   1.09721635  1.09721635
  1.1133152   1.1133152   1.12882332  1.12882332  1.14258478  1.14258478
  1.1559514   1.1559514 ]
localization_length: 0.35771614399178625
0.35649369560290606
W_list: [4.2]
L_list: [11.407798259292994]
