Norm difference: 0.9999999999999999
Norm difference: 1.0
1 1
1 2
1 3
2 1
2 2
2 3
3 1
3 2
3 3
1 1
1 2
1 3
2 1
2 2
2 3
3 1
3 2
3 3
1 1
1 2
1 3
2 1
2 2
2 3
3 1
3 2
3 3
1 1
1 2
1 3
2 1
2 2
2 3
3 1
3 2
3 3
1 1
1 2
1 3
2 1
2 2
2 3
3 1
3 2
3 3
1 1
1 2
1 3
2 1
2 2
2 3
3 1
3 2
3 3
1 1
1 2
1 3
2 1
2 2
2 3
3 1
3 2
3 3
1 1
1 2
1 3
2 1
2 2
2 3
3 1
3 2
3 3
1 1
1 2
1 3
2 1
2 2
2 3
3 1
3 2
3 3
1 1
1 2
1 3
2 1
2 2
2 3
3 1
3 2
3 3
1 1
1 2
1 3
2 1
2 2
2 3
3 1
3 2
3 3
1 1
1 2
1 3
2 1
2 2
2 3
3 1
3 2
3 3
1 1
1 2
1 3
2 1
2 2
2 3
3 1
3 2
3 3
1 1
1 2
1 3
2 1
2 2
2 3
3 1
3 2
3 3
1 1
1 2
1 3
2 1
2 2
2 3
3 1
3 2
3 3
1 1
1 2
1 3
2 1
2 2
2 3
3 1
3 2
3 3
1 1
1 2
1 3
2 1
2 2
2 3
3 1
3 2
3 3
1 1
1 2
1 3
2 1
2 2
2 3
3 1
3 2
3 3
1 1
1 2
1 3
2 1
2 2
2 3
3 1
3 2
3 3
1 1
1 2
1 3
2 1
2 2
2 3
3 1
3 2
3 3
1 1 1 0.011715836817998228
1 2 1 0.007070447912717837
1 3 1 0.00995679702469736
2 1 1 0.007048638484040891
2 2 1 0.003621332709807722
2 3 1 0.0044023843123329725
3 1 1 0.011690310875615614
3 2 1 0.006468776510029578
3 3 1 0.008410559527058967
1 1 2 0.009404028756603521
1 2 2 0.005631975481154423
1 3 2 0.006298189332302448
2 1 2 0.005758039328629259
2 2 2 0.002211388614455342
2 3 2 0.0034052531796985195
3 1 2 0.006563353245104457
3 2 2 0.005065271513114857
3 3 2 0.004041077221346402
1 1 3 0.010194019552395104
1 2 3 0.002876306767028082
1 3 3 0.0076949322468388105
2 1 3 0.004144967802548181
2 2 3 0.0012044492537837662
2 3 3 0.003857123225601413
3 1 3 0.010110877498992022
3 2 3 0.0028764073783272325
3 3 3 0.00575360153477418
1 1 4 0.006356046229176904
1 2 4 0.002240758756614172
1 3 4 0.008266772185360089
2 1 4 0.0022725786914697876
2 2 4 0.0010085117614094723
2 3 4 0.002944569821902376
3 1 4 0.006885866895696767
3 2 4 0.0015683339609648822
3 3 4 0.007227188275051558
1 1 5 0.0038884646504076096
1 2 5 0.0019131052834212392
1 3 5 0.004266129134525097
2 1 5 0.0015480271204891284
2 2 5 0.0010966087212148433
2 3 5 0.0018033510730251306
3 1 5 0.003391155841563082
3 2 5 0.0015284541751933766
3 3 5 0.0037488528343539913
1 1 6 0.0019156552935898272
1 2 6 0.0016268830896585883
1 3 6 0.003256573909907041
2 1 6 0.0009464250298899475
2 2 6 0.0007053640413923069
2 3 6 0.0016775616640089038
3 1 6 0.0018064135320343265
3 2 6 0.0015526251971988232
3 3 6 0.0020949893811593747
1 1 7 0.0022410564432901346
1 2 7 0.0014606357437565195
1 3 7 0.003073999284345769
2 1 7 0.0013295504277935667
2 2 7 0.0007986301299987726
2 3 7 0.0011196025750350956
3 1 7 0.0015220594203005033
3 2 7 0.0012333309954995074
3 3 7 0.003154568865222549
1 1 8 0.0022950968830805427
1 2 8 0.0009528071561056322
1 3 8 0.0016423281959366443
2 1 8 0.0009493497226194744
2 2 8 0.0005152915623694017
2 3 8 0.0007624440296871094
3 1 8 0.00230469021053154
3 2 8 0.001030195499252244
3 3 8 0.001824571891596812
1 1 9 0.0016974082130344393
1 2 9 0.0009587298265830664
1 3 9 0.0009543703850639395
2 1 9 0.0008383697887612753
2 2 9 0.0006525022574200452
2 3 9 0.0005829247075599361
3 1 9 0.0011851446034241903
3 2 9 0.0009565712443302145
3 3 9 0.0010646168924472762
1 1 10 0.0011753034090077313
1 2 10 0.0011002111801441603
1 3 10 0.0008619299292885182
2 1 10 0.0006153553758234169
2 2 10 0.0006039852082521007
2 3 10 0.000336666674234913
3 1 10 0.0011579516239317853
3 2 10 0.0007361409216702043
3 3 10 0.001065884638384079
1 1 11 0.0009725929999104182
1 2 11 0.0006948913556972076
1 3 11 0.0010949484420016457
2 1 11 0.0005361935305671031
2 2 11 0.00048423666700422846
2 3 11 0.0005388318775194182
3 1 11 0.0010737521537548048
3 2 11 0.000850391749489232
3 3 11 0.0007822960478529202
1 1 12 0.000968980087867391
1 2 12 0.0010263244104501445
1 3 12 0.0006536149814654081
2 1 12 0.0005345579941949706
2 2 12 0.0004721225574989777
2 3 12 0.00036669285097581207
3 1 12 0.0009482208375072475
3 2 12 0.0009412887739790654
3 3 12 0.00041153428541105907
1 1 13 0.0007012776540890862
1 2 13 0.0010922734773547032
1 3 13 0.0008082352295521719
2 1 13 0.0003833527708547055
2 2 13 0.00042719530385486
2 3 13 0.0004976665658815166
3 1 13 0.0009374910307486763
3 2 13 0.0008830193731366005
3 3 13 0.00046753196840823715
1 1 14 0.0010271767536311975
1 2 14 0.00042786682202909556
1 3 14 0.0008192694205532345
2 1 14 0.0004022395110578388
2 2 14 0.0003985611859678422
2 3 14 0.00031621258728944306
3 1 14 0.0006948076835968358
3 2 14 0.00045069880578227893
3 3 14 0.0008366787517374583
1 1 15 0.00096690214429222
1 2 15 0.0010465024792233853
1 3 15 0.000591974293263823
2 1 15 0.0004382624100598494
2 2 15 0.0005736487391412881
2 3 15 0.00024818959630547847
3 1 15 0.0005442521396284147
3 2 15 0.0006360278976712229
3 3 15 0.0004594656282399634
1 1 16 0.0007072715672542057
1 2 16 0.0009456685627704352
1 3 16 0.0003171751994441346
2 1 16 0.00046037321325816593
2 2 16 0.0002868582148168725
2 3 16 0.00017013139602817853
3 1 16 0.0005435600208594734
3 2 16 0.0010281618797348705
3 3 16 0.0003611321696371691
1 1 17 0.0011258393588148825
1 2 17 0.0009087283813187923
1 3 17 0.0004282024084773644
2 1 17 0.0005263194628295295
2 2 17 0.00037573526998189793
2 3 17 0.00020580619145308226
3 1 17 0.0007225542658511355
3 2 17 0.0004950142553934274
3 3 17 0.0003108952044352302
1 1 18 0.0007386246264598241
1 2 18 0.0008010092727298533
1 3 18 0.00046213764571862906
2 1 18 0.0002681159753897498
2 2 18 0.0003136078576058724
2 3 18 0.00013073086070889052
3 1 18 0.0007872000762624256
3 2 18 0.0005206822748428313
3 3 18 0.0003475151870938306
1 1 19 0.0005503291682071783
1 2 19 0.000692593977978848
1 3 19 0.0002838947228500938
2 1 19 0.00020084389342434053
2 2 19 0.00040474143062176857
2 3 19 0.00021150708016665597
3 1 19 0.0004460260312370388
3 2 19 0.00036147008844757486
3 3 19 0.00015365272860198473
1 1 20 0.0005546818290008037
1 2 20 0.0007471409131125011
1 3 20 0.0003765365019770059
2 1 20 0.00019614511947211883
2 2 20 0.00029855859544361914
2 3 20 0.0002237787031563056
3 1 20 0.0004253919604042868
3 2 20 0.0005752987639329044
3 3 20 0.0002456123982973447
