W: 2.8
num_iter: 0
[-0.81989389 -0.81989389 -0.76599342 -0.76599342 -0.692983   -0.692983
 -0.60274377 -0.60274377 -0.49589403 -0.49589403 -0.37267884 -0.37267884
 -0.22953538 -0.22953538 -0.06022044 -0.06022044  0.06022077  0.06022077
  0.22954126  0.22954126  0.37267524  0.37267524  0.49590231  0.49590231
  0.60274242  0.60274242  0.69298108  0.69298108  0.76598811  0.76598811
  0.81989157  0.81989157]
localization_length: 2.0757070978473697
2.0516615955886053
W_list: [2.8]
L_list: [16.413292764708842]
