W: 2.4
num_iter: 0
[-0.69360454 -0.69360454 -0.64741025 -0.64741025 -0.58511086 -0.58511086
 -0.50840689 -0.50840689 -0.41733013 -0.41733013 -0.31069346 -0.31069346
 -0.18614534 -0.18614534 -0.04303949 -0.04303949  0.04304137  0.04304137
  0.18614284  0.18614284  0.31069346  0.31069346  0.41733078  0.41733078
  0.50840334  0.50840334  0.58511427  0.58511427  0.64740961  0.64740961
  0.6936053   0.6936053 ]
localization_length: 2.9043097044383224
2.8975064117080582
W_list: [2.4]
L_list: [23.180051293664466]
