Norm difference: 1.0
Norm difference: 0.9999999999999999
1 1
1 2
2 1
2 2
1 1
1 2
2 1
2 2
1 1
1 2
2 1
2 2
1 1
1 2
2 1
2 2
1 1
1 2
2 1
2 2
1 1
1 2
2 1
2 2
1 1
1 2
2 1
2 2
1 1
1 2
2 1
2 2
1 1
1 2
2 1
2 2
1 1
1 2
2 1
2 2
1 1
1 2
2 1
2 2
1 1
1 2
2 1
2 2
1 1
1 2
2 1
2 2
1 1
1 2
2 1
2 2
1 1
1 2
2 1
2 2
1 1
1 2
2 1
2 2
1 1
1 2
2 1
2 2
1 1
1 2
2 1
2 2
1 1
1 2
2 1
2 2
1 1
1 2
2 1
2 2
1 1 1 0.0013559423039428225
1 2 1 0.0017966359792749766
2 1 1 0.0017837857888104152
2 2 1 0.001707535658444935
1 1 2 0.0010144807571457418
1 2 2 0.0014403906618430107
2 1 2 0.0010706747281514712
2 2 2 0.0016134178545657706
1 1 3 0.0009408241087697531
1 2 3 0.0014712169715140424
2 1 3 0.0009091099793802111
2 2 3 0.0011447709693115065
1 1 4 0.0008864774138784091
1 2 4 0.0011994008240178069
2 1 4 0.0005928651218481293
2 2 4 0.000970561407769558
1 1 5 0.0007750894590571555
1 2 5 0.0007002044143581295
2 1 5 0.0005813356091298818
2 2 5 0.0006475891019457076
1 1 6 0.00047704333651094305
1 2 6 0.0007717691141196747
2 1 6 0.0005250409061234083
2 2 6 0.0007151074018099605
1 1 7 0.00038158326425705494
1 2 7 0.0004838478253674023
2 1 7 0.0004378538129538737
2 2 7 0.0004063208752982851
1 1 8 0.0004053240331763965
1 2 8 0.0004455296969458556
2 1 8 0.00034935179929846517
2 2 8 0.0004785627591764534
1 1 9 0.00029733747486733437
1 2 9 0.00026277854286002025
2 1 9 0.00024560954910360524
2 2 9 0.0003626352853692537
1 1 10 0.00021511166492838965
1 2 10 0.0002470953792367774
2 1 10 0.00024574538542277953
2 2 10 0.0002782023142521381
1 1 11 0.0001654011116307608
1 2 11 0.00019088675217239753
2 1 11 0.00017185327793608912
2 2 11 0.00017582240150475442
1 1 12 0.00015030173365280136
1 2 12 0.00016013178616712244
2 1 12 0.00016138931364425327
2 2 12 0.00017035590550963165
1 1 13 0.00010075442893283399
1 2 13 0.00010747889682226913
2 1 13 0.00011003054436086231
2 2 13 0.00011964109039208533
1 1 14 9.614942217056762e-5
1 2 14 0.00015088343307916336
2 1 14 0.00010291233861505029
2 2 14 0.00014820457638520644
1 1 15 6.862562771814184e-5
1 2 15 0.00010895873127665804
2 1 15 9.14108379064176e-5
2 2 15 0.000112841458062361
1 1 16 7.158252748960337e-5
1 2 16 8.672582259911935e-5
2 1 16 8.362041866495427e-5
2 2 16 0.00012861155866640507
1 1 17 6.014390916668113e-5
1 2 17 9.02655822287641e-5
2 1 17 6.017741206888e-5
2 2 17 8.218419379633899e-5
1 1 18 5.362723060537019e-5
1 2 18 6.819962626737471e-5
2 1 18 5.1557306539527195e-5
2 2 18 6.699779503591737e-5
1 1 19 5.453498934417234e-5
1 2 19 5.095549140502934e-5
2 1 19 5.2335087489624974e-5
2 2 19 6.162148326860784e-5
1 1 20 4.5667344494398714e-5
1 2 20 5.367400560849397e-5
2 1 20 5.4003539039140544e-5
2 2 20 6.576611480661057e-5
