Norm difference: 1.0
Norm difference: 1.0
1 1
1 2
1 3
2 1
2 2
2 3
3 1
3 2
3 3
1 1
1 2
1 3
2 1
2 2
2 3
3 1
3 2
3 3
1 1
1 2
1 3
2 1
2 2
2 3
3 1
3 2
3 3
1 1
1 2
1 3
2 1
2 2
2 3
3 1
3 2
3 3
1 1
1 2
1 3
2 1
2 2
2 3
3 1
3 2
3 3
1 1
1 2
1 3
2 1
2 2
2 3
3 1
3 2
3 3
1 1
1 2
1 3
2 1
2 2
2 3
3 1
3 2
3 3
1 1
1 2
1 3
2 1
2 2
2 3
3 1
3 2
3 3
1 1
1 2
1 3
2 1
2 2
2 3
3 1
3 2
3 3
1 1
1 2
1 3
2 1
2 2
2 3
3 1
3 2
3 3
1 1
1 2
1 3
2 1
2 2
2 3
3 1
3 2
3 3
1 1
1 2
1 3
2 1
2 2
2 3
3 1
3 2
3 3
1 1
1 2
1 3
2 1
2 2
2 3
3 1
3 2
3 3
1 1
1 2
1 3
2 1
2 2
2 3
3 1
3 2
3 3
1 1
1 2
1 3
2 1
2 2
2 3
3 1
3 2
3 3
1 1
1 2
1 3
2 1
2 2
2 3
3 1
3 2
3 3
1 1
1 2
1 3
2 1
2 2
2 3
3 1
3 2
3 3
1 1
1 2
1 3
2 1
2 2
2 3
3 1
3 2
3 3
1 1
1 2
1 3
2 1
2 2
2 3
3 1
3 2
3 3
1 1
1 2
1 3
2 1
2 2
2 3
3 1
3 2
3 3
1 1 1 0.00726123283376103
1 2 1 0.004123431775123683
1 3 1 0.006423214272990965
2 1 1 0.005655032272454465
2 2 1 0.0018306129258976913
2 3 1 0.0025499055340200915
3 1 1 0.004978923683973747
3 2 1 0.0044811648971479915
3 3 1 0.003575758896440577
1 1 2 0.003360186972384703
1 2 2 0.005545380802275027
1 3 2 0.008733671041165087
2 1 2 0.003439272352635443
2 2 2 0.0025296832331506156
2 3 2 0.004138261169917763
3 1 2 0.005882271935701159
3 2 2 0.00271702291142466
3 3 2 0.002867064371420682
1 1 3 0.0030206660597941995
1 2 3 0.0034939502960745
1 3 3 0.006968009643662168
2 1 3 0.0034361038352466685
2 2 3 0.0027146864928307857
2 3 3 0.005342605046104854
3 1 3 0.007401604744860432
3 2 3 0.0029213592269924857
3 3 3 0.004309305350593179
1 1 4 0.004801302283507409
1 2 4 0.005017908669155698
1 3 4 0.004459312168360972
2 1 4 0.004052736941345151
2 2 4 0.0012931210428447457
2 3 4 0.003437462691061005
3 1 4 0.0038933483269225364
3 2 4 0.005011058613521119
3 3 4 0.006471695428029803
1 1 5 0.0066522717972665995
1 2 5 0.0037503562424543386
1 3 5 0.0037947278042533158
2 1 5 0.004057824996362603
2 2 5 0.0021786512564715395
2 3 5 0.0030625157443246315
3 1 5 0.0044347682994689925
3 2 5 0.004003870900356958
3 3 5 0.0069138702504135275
1 1 6 0.00557640099088612
1 2 6 0.004161939684423796
1 3 6 0.003437676162561646
2 1 6 0.004262525735722673
2 2 6 0.002926919891685655
2 3 6 0.003083779887138694
3 1 6 0.003916451487860595
3 2 6 0.004860754525551321
3 3 6 0.0038844295418317435
1 1 7 0.003306218101565659
1 2 7 0.0033356201285003077
1 3 7 0.004025362826205692
2 1 7 0.002874130751143231
2 2 7 0.0025123370988585783
2 3 7 0.003210842108609291
3 1 7 0.004880884345369541
3 2 7 0.00225907137917261
3 3 7 0.004231108684863104
1 1 8 0.0027679525316351033
1 2 8 0.003989099112873924
1 3 8 0.005900235739242726
2 1 8 0.0022456831617530147
2 2 8 0.002810476902159179
2 3 8 0.003358912649639842
3 1 8 0.003576315751438247
3 2 8 0.00186258204932517
3 3 8 0.004559973684265629
1 1 9 0.003321329299375002
1 2 9 0.0029624131242049203
1 3 9 0.00466382449284711
2 1 9 0.003147205418240178
2 2 9 0.003031108283836544
2 3 9 0.002654635001069183
3 1 9 0.002961960807007265
3 2 9 0.0036555137302036163
3 3 9 0.003931157416043683
1 1 10 0.003821721734033029
1 2 10 0.0035118280048215904
1 3 10 0.004164483914252927
2 1 10 0.0027741213122988912
2 2 10 0.0018289322675183594
2 3 10 0.0031976002562835323
3 1 10 0.003474838360615322
3 2 10 0.003798971111761205
3 3 10 0.003261553146416036
1 1 11 0.005985103876386328
1 2 11 0.0020219520202430035
1 3 11 0.0032756100750138003
2 1 11 0.0024975989188474415
2 2 11 0.003183955576626036
2 3 11 0.00361288631713515
3 1 11 0.0032114145179550843
3 2 11 0.0032360936464856187
3 3 11 0.0033209550014533787
1 1 12 0.004087981856839567
1 2 12 0.0030796401256312786
1 3 12 0.0034511262475896533
2 1 12 0.00352712230320879
2 2 12 0.00213407203478528
2 3 12 0.002136227138658377
3 1 12 0.0019374444868222069
3 2 12 0.0022708084496267504
3 3 12 0.003878706663625242
1 1 13 0.004106532424612908
1 2 13 0.0032711905523152888
1 3 13 0.0032005940958753504
2 1 13 0.003236717497066212
2 2 13 0.0026809277898751293
2 3 13 0.002015411573431171
3 1 13 0.0034400915711068404
3 2 13 0.0023868445060485606
3 3 13 0.003599702253086154
1 1 14 0.003730114974336926
1 2 14 0.0038037543083374752
1 3 14 0.0024072529502829486
2 1 14 0.0031244093672967163
2 2 14 0.0019046305987466144
2 3 14 0.0027329094646360943
3 1 14 0.0033130261809569744
3 2 14 0.0032439879389898943
3 3 14 0.001924634591731957
1 1 15 0.002885058283644479
1 2 15 0.002352435495064243
1 3 15 0.0031120359832055885
2 1 15 0.0032129021701497824
2 2 15 0.00256239094629971
2 3 15 0.0023301447088279574
3 1 15 0.004356215095552968
3 2 15 0.002686446751660161
3 3 15 0.0016413999202315346
1 1 16 0.002710837932020142
1 2 16 0.0019483908736111877
1 3 16 0.003090805021690308
2 1 16 0.002514249873047896
2 2 16 0.0017019820486692053
2 3 16 0.0017784557490143377
3 1 16 0.002863416135022684
3 2 16 0.0020039991406634065
3 3 16 0.002448243401907292
1 1 17 0.0032801947227288687
1 2 17 0.0027616081063343892
1 3 17 0.0023553818732421406
2 1 17 0.0025623051995423357
2 2 17 0.00196023075406201
2 3 17 0.002082936764072364
3 1 17 0.0018099838590862373
3 2 17 0.001778681662085517
3 3 17 0.0025438791655882182
1 1 18 0.0026032458025389005
1 2 18 0.0029439783659083933
1 3 18 0.0016047956090864373
2 1 18 0.0024880762836119335
2 2 18 0.0019364063522136071
2 3 18 0.0017671875734190101
3 1 18 0.0025429743022879273
3 2 18 0.0019287787208574346
3 3 18 0.002017995327266729
1 1 19 0.0025652039335768003
1 2 19 0.001907035233583582
1 3 19 0.003007255687854696
2 1 19 0.0014501266732524702
2 2 19 0.0018902207437899083
2 3 19 0.0016798042172862571
3 1 19 0.0031478143948451332
3 2 19 0.0024363526623138346
3 3 19 0.0019877646574368002
1 1 20 0.0019230568135693484
1 2 20 0.0020176760856002976
1 3 20 0.0018978629973182618
2 1 20 0.0017929648423801396
2 2 20 0.0009833416148866546
2 3 20 0.0021762029868453623
3 1 20 0.0023604054117044777
3 2 20 0.00252117064252371
3 3 20 0.0016726234943572355
