W: 1.6
num_iter: 0
[-1.14607216 -1.14607216 -1.12748123 -1.12748123 -1.10366107 -1.10366107
 -1.07226075 -1.07226075 -1.03234133 -1.03234133 -0.98241024 -0.98241024
 -0.9193798  -0.9193798  -0.84049296 -0.84049296 -0.74582076 -0.74582076
 -0.63416391 -0.63416391 -0.51748551 -0.51748551 -0.40477257 -0.40477257
 -0.30313814 -0.30313814 -0.20988257 -0.20988257 -0.12223838 -0.12223838
 -0.03215116 -0.03215116  0.03215395  0.03215395  0.12223754  0.12223754
  0.20987869  0.20987869  0.30314093  0.30314093  0.40477054  0.40477054
  0.51748598  0.51748598  0.63416047  0.63416047  0.74582246  0.74582246
  0.84048817  0.84048817  0.91937607  0.91937607  0.98241506  0.98241506
  1.03234349  1.03234349  1.07226503  1.07226503  1.10366147  1.10366147
  1.12748012  1.12748012  1.14607255  1.14607255]
localization_length: 1.9439425440891367
1.9519060074033385
W_list: [1.6]
L_list: [31.230496118453416]
