C_list:
0.0006212184473147833 0.22503015202451476
C_list:
0.0006742851290442996 0.23663707288622743
C_list:
0.0006719435896216259 0.2551692068349836
C_list:
0.0006800671338061164 0.2676790271228866
C_list:
0.0006626214749349044 0.2735962409025916
C_list:
0.0006408713204318166 0.2848134141150156
ndim2: 60
W_list: [2.3, 2.4, 2.5, 2.5999999999999996, 2.6999999999999997, 2.8]
L_list: [4.443848928702941, 4.225880534284623, 3.918968171761783, 3.7358175227561556, 3.6550209779966596, 3.511070583200032]
C_list:
0.0006037375579967716 0.16081652927850787
C_list:
0.0005803120253254271 0.17341661717320658
C_list:
0.000586770286752395 0.1822369709861479
C_list:
0.0005647160938182478 0.19742536392933557
C_list:
0.0005912550846707074 0.20187116559996005
C_list:
0.0005554600512284729 0.21933014590394945
ndim2: 60
W_list: [2.3, 2.4, 2.5, 2.5999999999999996, 2.6999999999999997, 2.8]
L_list: [6.218266272045729, 5.766460079204585, 5.487360740187079, 5.065205301371154, 4.953654460893438, 4.559336774607932]
C_list:
0.0005703862401521468 0.1409974908785004
C_list:
0.0005447070816447436 0.14275383179605458
C_list:
0.0005111778028840808 0.14812464611913373
C_list:
0.00047501075487228783 0.16330653559935246
C_list:
0.0005246468971499492 0.17689397343029353
C_list:
0.0005296743922392718 0.18954296160905265
ndim2: 60
W_list: [2.3, 2.4, 2.5, 2.5999999999999996, 2.6999999999999997, 2.8]
L_list: [7.092324790812872, 7.005065905541864, 6.751070981096014, 6.123453640908449, 5.6531038373337115, 5.275848765424374]
