[-2.41421356 -1.         -1.         -0.41421356  0.41421356  1.
  1.          2.41421356]
W: 3.0
num_iter: 0
[-0.74176639 -0.72774805 -0.71422878 -0.70007651 -0.68521029 -0.67015255
 -0.65440943 -0.6377917  -0.62097577 -0.60302113 -0.58596589 -0.5677086
 -0.54855106 -0.52965059 -0.50918236 -0.48869619 -0.46868886 -0.44673553
 -0.42510553 -0.40310267 -0.37966036 -0.35621028 -0.33228911 -0.30690394
 -0.28143661 -0.25492093 -0.22708252 -0.19915195 -0.1683836  -0.13604246
 -0.09980699 -0.05782456  0.05782779  0.09981055  0.13604249  0.16838468
  0.1991618   0.2270764   0.25492045  0.28144259  0.30689165  0.33229651
  0.35621713  0.3796639   0.40309861  0.42510166  0.44673034  0.46869347
  0.48869933  0.50917399  0.52964137  0.54855951  0.56771497  0.58597902
  0.60302142  0.62096774  0.63779621  0.65439357  0.67014892  0.68520642
  0.7000776   0.71423176  0.72774775  0.74176157]
localization_length: 0.5404277769112131
0.5391393855309221
W_list: [3.0]
L_list: [0.5391393855309221]
[-2.41421356 -1.         -1.         -0.41421356  0.41421356  1.
  1.          2.41421356]
W: 3.0
num_iter: 0
[-0.74111544 -0.72801302 -0.71407598 -0.69998656 -0.68556486 -0.66985813
 -0.65389195 -0.63811256 -0.62016319 -0.60317148 -0.58550683 -0.56736941
 -0.54808748 -0.5285833  -0.50884766 -0.48872811 -0.46840661 -0.44659537
 -0.4244647  -0.40242928 -0.37985737 -0.35625277 -0.33184932 -0.30710207
 -0.28159313 -0.25468258 -0.22680909 -0.19831079 -0.16852703 -0.13539247
 -0.09948318 -0.05720587  0.0572089   0.09947776  0.13538988  0.16852824
  0.19831156  0.2268109   0.2546843   0.28161075  0.30708528  0.33185145
  0.35625112  0.37986627  0.40242679  0.42446513  0.44658224  0.46842196
  0.4887246   0.5088484   0.52858929  0.54808196  0.56735544  0.58550009
  0.60318463  0.62015397  0.63810191  0.65389467  0.66986616  0.68557892
  0.69998188  0.71407534  0.72801035  0.74111745]
localization_length: 0.5462725644815046
0.5494075217953396
W_list: [3.0]
L_list: [0.5494075217953396]
