[-2.41421356 -1.         -1.         -0.41421356  0.41421356  1.
  1.          2.41421356]
W: 1.5999999999999999
num_iter: 0
[-0.41876914 -0.40472487 -0.39161081 -0.37679606 -0.36230626 -0.3478214
 -0.33315638 -0.31881058 -0.30481463 -0.29032287 -0.27704339 -0.26384689
 -0.25093931 -0.23769689 -0.22434371 -0.21155963 -0.19954576 -0.18690377
 -0.1747804  -0.16242053 -0.15054815 -0.1385261  -0.12621236 -0.11424471
 -0.10218434 -0.09008363 -0.0775547  -0.06532877 -0.0527565  -0.04007153
 -0.0267905  -0.01351638  0.01352118  0.02678992  0.04007212  0.05275047
  0.06532296  0.07756833  0.09008992  0.10216791  0.11424233  0.12621292
  0.13853952  0.15054348  0.16242074  0.17477498  0.18690484  0.19954212
  0.21156163  0.22434884  0.23769182  0.25092519  0.2638534   0.27704952
  0.29031219  0.30481793  0.31882004  0.33315595  0.34782731  0.36230116
  0.37679641  0.39161304  0.40472402  0.41876874]
localization_length: 2.3120099969759043
2.3544126583857725
W_list: [1.5999999999999999]
L_list: [2.3544126583857725]
[-2.41421356 -1.         -1.         -0.41421356  0.41421356  1.
  1.          2.41421356]
W: 1.5999999999999999
num_iter: 0
[-0.41887333 -0.4049124  -0.39096419 -0.37627221 -0.36195538 -0.34752055
 -0.33265344 -0.31875457 -0.30482418 -0.29075201 -0.27708463 -0.26347432
 -0.25038303 -0.23752009 -0.22458978 -0.2122116  -0.19948423 -0.18688354
 -0.17464193 -0.16283125 -0.1506326  -0.13839576 -0.12591332 -0.11439336
 -0.10232179 -0.08996484 -0.07803942 -0.06559315 -0.05285966 -0.04009922
 -0.02662236 -0.0132255   0.01322391  0.0266225   0.04010596  0.05286333
  0.06558153  0.07805102  0.08996116  0.10231995  0.11439445  0.12591878
  0.1383937   0.15063654  0.16282431  0.17464927  0.18689203  0.19948324
  0.21219657  0.22459735  0.23752115  0.25038313  0.26346984  0.27708911
  0.29076993  0.30481258  0.31874355  0.33263486  0.34753417  0.36195367
  0.37627819  0.39096591  0.40491416  0.41886182]
localization_length: 2.3631444135238695
2.3868806695977662
W_list: [1.5999999999999999]
L_list: [2.3868806695977662]
