[-2.41421356 -1.         -1.         -0.41421356  0.41421356  1.
  1.          2.41421356]
W: 3.6
num_iter: 0
[-0.85342874 -0.82595792 -0.79727226 -0.76556719 -0.73121761 -0.69462569
 -0.65500883 -0.61243393 -0.56594721 -0.51837944 -0.46713213 -0.411852
 -0.35117024 -0.28731608 -0.21286482 -0.12564491  0.12564232  0.21287345
  0.28730661  0.35117614  0.41184698  0.4671252   0.51838776  0.56594523
  0.61243247  0.6550024   0.69463875  0.7312144   0.76556471  0.7972704
  0.82596759  0.85342461]
localization_length: 0.49744383564939415
0.5009754113855749
W_list: [3.6]
L_list: [0.5009754113855749]
[-2.41421356 -1.         -1.         -0.41421356  0.41421356  1.
  1.          2.41421356]
W: 3.6
num_iter: 0
[-0.85306774 -0.82633641 -0.79726021 -0.76610451 -0.73085328 -0.69445839
 -0.65528139 -0.61277068 -0.56756304 -0.51885836 -0.46715307 -0.41228311
 -0.35215886 -0.28729742 -0.21416893 -0.12563192  0.12562908  0.21416751
  0.28730007  0.35216134  0.41228732  0.46715375  0.51885988  0.56756367
  0.6127608   0.65528236  0.69445698  0.73084429  0.7661059   0.79725729
  0.82634854  0.85306855]
localization_length: 0.49749628965509485
0.49960269142361524
W_list: [3.6]
L_list: [0.49960269142361524]
