W: 4.2
num_iter: 0
[-1.00860154 -1.00860154 -0.98695483 -0.98695483 -0.9617383  -0.9617383
 -0.93167551 -0.93167551 -0.89781807 -0.89781807 -0.85948826 -0.85948826
 -0.81619103 -0.81619103 -0.76716072 -0.76716072 -0.71284575 -0.71284575
 -0.65173348 -0.65173348 -0.58312637 -0.58312637 -0.50581319 -0.50581319
 -0.42044864 -0.42044864 -0.32538963 -0.32538963 -0.22031555 -0.22031555
 -0.09447855 -0.09447855  0.09447796  0.09447796  0.22031212  0.22031212
  0.32538319  0.32538319  0.42045157  0.42045157  0.50580693  0.50580693
  0.58313172  0.58313172  0.65173228  0.65173228  0.71284967  0.71284967
  0.76716016  0.76716016  0.81619153  0.81619153  0.85949047  0.85949047
  0.89781755  0.89781755  0.93167544  0.93167544  0.96173948  0.96173948
  0.98695845  0.98695845  1.0086009   1.0086009 ]
localization_length: 0.6615299317392717
0.6636862654004162
W_list: [4.2]
L_list: [10.61898024640666]
