W: 3.4000000000000004
num_iter: 0
[-1.0440746  -1.0440746  -0.97848412 -0.97848412 -0.89272289 -0.89272289
 -0.78529859 -0.78529859 -0.65710921 -0.65710921 -0.50762397 -0.50762397
 -0.333444   -0.333444   -0.11604301 -0.11604301  0.11603628  0.11603628
  0.33344653  0.33344653  0.50762816  0.50762816  0.6571127   0.6571127
  0.78529173  0.78529173  0.89273004  0.89273004  0.97848197  0.97848197
  1.04407298  1.04407298]
localization_length: 1.0772492661397783
1.0760160316210519
W_list: [3.4000000000000004]
L_list: [8.608128252968415]
