W: 3.4000000000000004
num_iter: 0
[-0.8790891  -0.8790891  -0.87013804 -0.87013804 -0.86016102 -0.86016102
 -0.84901976 -0.84901976 -0.83640013 -0.83640013 -0.82282453 -0.82282453
 -0.80863899 -0.80863899 -0.79278872 -0.79278872 -0.77592428 -0.77592428
 -0.75831779 -0.75831779 -0.73937835 -0.73937835 -0.71935609 -0.71935609
 -0.69795951 -0.69795951 -0.67587607 -0.67587607 -0.65181812 -0.65181812
 -0.62727478 -0.62727478 -0.60065045 -0.60065045 -0.57348676 -0.57348676
 -0.54437006 -0.54437006 -0.51429693 -0.51429693 -0.48213321 -0.48213321
 -0.44834409 -0.44834409 -0.41353555 -0.41353555 -0.37687684 -0.37687684
 -0.33808239 -0.33808239 -0.29829071 -0.29829071 -0.2570114  -0.2570114
 -0.21419401 -0.21419401 -0.17008724 -0.17008724 -0.1249187  -0.1249187
 -0.07756586 -0.07756586 -0.02496826 -0.02496826  0.02496467  0.02496467
  0.07757104  0.07757104  0.12492734  0.12492734  0.17008881  0.17008881
  0.21418954  0.21418954  0.25701547  0.25701547  0.29829151  0.29829151
  0.33808556  0.33808556  0.37688208  0.37688208  0.41353501  0.41353501
  0.44834715  0.44834715  0.48213319  0.48213319  0.51429664  0.51429664
  0.54436519  0.54436519  0.57348974  0.57348974  0.60065252  0.60065252
  0.6272754   0.6272754   0.65181702  0.65181702  0.67586993  0.67586993
  0.69796031  0.69796031  0.71935811  0.71935811  0.73937366  0.73937366
  0.75831803  0.75831803  0.77592542  0.77592542  0.79278833  0.79278833
  0.808638    0.808638    0.8228193   0.8228193   0.83639681  0.83639681
  0.84901698  0.84901698  0.86015941  0.86015941  0.87013348  0.87013348
  0.87909207  0.87909207]
localization_length: 1.2517689194423534
1.2559132705046148
W_list: [3.4000000000000004]
L_list: [40.18922465614767]
