W: 4.2
num_iter: 0
[-0.99974863 -0.99974863 -0.94868999 -0.94868999 -0.88010076 -0.88010076
 -0.79391093 -0.79391093 -0.68392321 -0.68392321 -0.5457725  -0.5457725
 -0.3732048  -0.3732048  -0.14572086 -0.14572086  0.14571974  0.14571974
  0.37320897  0.37320897  0.54577328  0.54577328  0.68392589  0.68392589
  0.79391177  0.79391177  0.8800968   0.8800968   0.94868934  0.94868934
  0.9997459   0.9997459 ]
localization_length: 0.8578110438846471
0.8559406705035167
W_list: [4.2]
L_list: [6.847525364028134]
