W: 2.0
num_iter: 0
[-0.89982754 -0.89982754 -0.875532   -0.875532   -0.84365939 -0.84365939
 -0.80446469 -0.80446469 -0.75827882 -0.75827882 -0.70418154 -0.70418154
 -0.64439779 -0.64439779 -0.5800251  -0.5800251  -0.51237409 -0.51237409
 -0.44294999 -0.44294999 -0.37313697 -0.37313697 -0.30311138 -0.30311138
 -0.23309878 -0.23309878 -0.16275139 -0.16275139 -0.09262934 -0.09262934
 -0.02041759 -0.02041759  0.02041678  0.02041678  0.09263078  0.09263078
  0.162755    0.162755    0.23310136  0.23310136  0.30310668  0.30310668
  0.3731353   0.3731353   0.44295295  0.44295295  0.51237726  0.51237726
  0.58002915  0.58002915  0.64439876  0.64439876  0.70418103  0.70418103
  0.75827221  0.75827221  0.80445979  0.80445979  0.84365522  0.84365522
  0.87554009  0.87554009  0.89982403  0.89982403]
localization_length: 3.0612073175326855
3.016025809869814
W_list: [2.0]
L_list: [48.25641295791702]
