W: 4.0
num_iter: 0
[-1.01680426 -1.01680426 -0.99353727 -0.99353727 -0.96545453 -0.96545453
 -0.93306423 -0.93306423 -0.89698208 -0.89698208 -0.85548103 -0.85548103
 -0.81016483 -0.81016483 -0.75915461 -0.75915461 -0.70172145 -0.70172145
 -0.63936369 -0.63936369 -0.56949216 -0.56949216 -0.49218643 -0.49218643
 -0.40620689 -0.40620689 -0.31186066 -0.31186066 -0.20827611 -0.20827611
 -0.08505843 -0.08505843  0.0850587   0.0850587   0.20827196  0.20827196
  0.31185822  0.31185822  0.40620161  0.40620161  0.49218874  0.49218874
  0.56948783  0.56948783  0.63936189  0.63936189  0.70172794  0.70172794
  0.75915652  0.75915652  0.81016303  0.81016303  0.85547579  0.85547579
  0.89697835  0.89697835  0.93306749  0.93306749  0.9654586   0.9654586
  0.99354605  0.99354605  1.01680592  1.01680592]
localization_length: 0.734788978881105
0.7365869952191044
W_list: [4.0]
L_list: [11.78539192350567]
