Norm difference: 1.0
Norm difference: 1.0
1 1
1 2
2 1
2 2
1 1
1 2
2 1
2 2
1 1
1 2
2 1
2 2
1 1
1 2
2 1
2 2
1 1
1 2
2 1
2 2
1 1
1 2
2 1
2 2
1 1
1 2
2 1
2 2
1 1
1 2
2 1
2 2
1 1
1 2
2 1
2 2
1 1
1 2
2 1
2 2
1 1
1 2
2 1
2 2
1 1
1 2
2 1
2 2
1 1
1 2
2 1
2 2
1 1
1 2
2 1
2 2
1 1
1 2
2 1
2 2
1 1
1 2
2 1
2 2
1 1
1 2
2 1
2 2
1 1
1 2
2 1
2 2
1 1
1 2
2 1
2 2
1 1
1 2
2 1
2 2
1 1 1 0.006380345434843479
1 2 1 0.008193766607517394
2 1 1 0.006904481978096652
2 2 1 0.009673205586346118
1 1 2 0.005066775828399615
1 2 2 0.00774111784205711
2 1 2 0.007543271789436173
2 2 2 0.00693474153467571
1 1 3 0.007320709582321899
1 2 3 0.0082559670407577
2 1 3 0.007151792940141392
2 2 3 0.006706423096855821
1 1 4 0.006414700893443049
1 2 4 0.006328755240104557
2 1 4 0.004762143086845516
2 2 4 0.005329159793307567
1 1 5 0.006152992565674238
1 2 5 0.007368300316938819
2 1 5 0.005592655898852385
2 2 5 0.006128718380391827
1 1 6 0.005455916185601463
1 2 6 0.004445640938790085
2 1 6 0.004992369591760505
2 2 6 0.004951425523351
1 1 7 0.004875765326533787
1 2 7 0.005403083836899735
2 1 7 0.005442751919799652
2 2 7 0.005918904915517057
1 1 8 0.003418701449317988
1 2 8 0.006087566461455864
2 1 8 0.0049892888779525125
2 2 8 0.005130704768524648
1 1 9 0.004704210712796438
1 2 9 0.0049355004551876035
2 1 9 0.006139296027011159
2 2 9 0.005469858009224211
1 1 10 0.0057134632727591506
1 2 10 0.0038505700885589703
2 1 10 0.005753150352420145
2 2 10 0.005322807461029253
1 1 11 0.0043645226559883375
1 2 11 0.004117769380983892
2 1 11 0.005634488086220573
2 2 11 0.004798737971720342
1 1 12 0.003872408675528477
1 2 12 0.004290379685953338
2 1 12 0.00508108230247459
2 2 12 0.004103555289484863
1 1 13 0.0049016771595957725
1 2 13 0.0021882633595713265
2 1 13 0.0038094287903147213
2 2 13 0.0037722372758459584
1 1 14 0.0034469663524904584
1 2 14 0.002730731902950977
2 1 14 0.0033008601999126447
2 2 14 0.0034427744078166255
1 1 15 0.0021726563815559277
1 2 15 0.003010529363218176
2 1 15 0.003800021407493726
2 2 15 0.002400744258545986
1 1 16 0.002819168441154645
1 2 16 0.0020732023410097527
2 1 16 0.003026735436259042
2 2 16 0.0028092681667518985
1 1 17 0.002362875566937925
1 2 17 0.001507478781877196
2 1 17 0.0022501315027132255
2 2 17 0.0027331646034082307
1 1 18 0.0018287219813170545
1 2 18 0.0020567172737168088
2 1 18 0.0024661914420355297
2 2 18 0.0019373524446624278
1 1 19 0.00152797463045802
1 2 19 0.0016168890376522787
2 1 19 0.0019092970072878284
2 2 19 0.0014273520809327844
1 1 20 0.0013259884528461733
1 2 20 0.0011908413924670781
2 1 20 0.0015711508161232943
2 2 20 0.0017693721118549085
