W: 2.4
num_iter: 0
[-0.76775912 -0.76775912 -0.75884771 -0.75884771 -0.748813   -0.748813
 -0.7368953  -0.7368953  -0.7235324  -0.7235324  -0.70916378 -0.70916378
 -0.69359132 -0.69359132 -0.6765469  -0.6765469  -0.65854634 -0.65854634
 -0.63932877 -0.63932877 -0.6191343  -0.6191343  -0.59827099 -0.59827099
 -0.57580992 -0.57580992 -0.55344144 -0.55344144 -0.52924244 -0.52924244
 -0.50498472 -0.50498472 -0.47971056 -0.47971056 -0.45325437 -0.45325437
 -0.42630407 -0.42630407 -0.39847876 -0.39847876 -0.36951376 -0.36951376
 -0.34009992 -0.34009992 -0.30956363 -0.30956363 -0.27829506 -0.27829506
 -0.24642777 -0.24642777 -0.21317768 -0.21317768 -0.18010719 -0.18010719
 -0.14618946 -0.14618946 -0.11166783 -0.11166783 -0.07807849 -0.07807849
 -0.04406479 -0.04406479 -0.00995179 -0.00995179  0.00995046  0.00995046
  0.04406703  0.04406703  0.07808293  0.07808293  0.11166277  0.11166277
  0.14618611  0.14618611  0.18010863  0.18010863  0.21317934  0.21317934
  0.24642686  0.24642686  0.27829525  0.27829525  0.3095615   0.3095615
  0.34010172  0.34010172  0.36951544  0.36951544  0.39848126  0.39848126
  0.4262932   0.4262932   0.45325276  0.45325276  0.47971365  0.47971365
  0.5049825   0.5049825   0.52924651  0.52924651  0.55344574  0.55344574
  0.5758106   0.5758106   0.59826935  0.59826935  0.61912869  0.61912869
  0.63933416  0.63933416  0.65855124  0.65855124  0.67654903  0.67654903
  0.69359267  0.69359267  0.70915755  0.70915755  0.7235362   0.7235362
  0.73689407  0.73689407  0.74881584  0.74881584  0.75884585  0.75884585
  0.76775469  0.76775469]
localization_length: 3.1405596212224056
3.226837372303893
W_list: [2.4]
L_list: [103.25879591372457]
