W: 2.2
num_iter: 0
[-0.72482816 -0.72482816 -0.67291939 -0.67291939 -0.60145973 -0.60145973
 -0.51461342 -0.51461342 -0.41554594 -0.41554594 -0.30482053 -0.30482053
 -0.18141063 -0.18141063 -0.0402515  -0.0402515   0.04025212  0.04025212
  0.18141447  0.18141447  0.30481996  0.30481996  0.41554728  0.41554728
  0.5146106   0.5146106   0.60145656  0.60145656  0.67292047  0.67292047
  0.72482785  0.72482785]
localization_length: 3.105474322258437
3.1178327932852086
W_list: [2.2]
L_list: [24.94266234628167]
