W: 2.4
num_iter: 0
[-0.94273673 -0.94273673 -0.91636784 -0.91636784 -0.88453976 -0.88453976
 -0.84522006 -0.84522006 -0.79988867 -0.79988867 -0.74779176 -0.74779176
 -0.6901422  -0.6901422  -0.62773232 -0.62773232 -0.56149453 -0.56149453
 -0.49245916 -0.49245916 -0.42142211 -0.42142211 -0.34733461 -0.34733461
 -0.27145322 -0.27145322 -0.19384064 -0.19384064 -0.11449667 -0.11449667
 -0.02880417 -0.02880417  0.02880206  0.02880206  0.11449443  0.11449443
  0.19383691  0.19383691  0.27146345  0.27146345  0.34733682  0.34733682
  0.42141964  0.42141964  0.49245468  0.49245468  0.56149443  0.56149443
  0.62773015  0.62773015  0.69014043  0.69014043  0.74778829  0.74778829
  0.79989137  0.79989137  0.84522745  0.84522745  0.88454034  0.88454034
  0.91637022  0.91637022  0.9427338   0.9427338 ]
localization_length: 2.1699834170446946
2.1794811165236068
W_list: [2.4]
L_list: [34.87169786437771]
