Norm difference: 1.0
Norm difference: 1.0
1 1
1 2
1 3
2 1
2 2
2 3
3 1
3 2
3 3
1 1
1 2
1 3
2 1
2 2
2 3
3 1
3 2
3 3
1 1
1 2
1 3
2 1
2 2
2 3
3 1
3 2
3 3
1 1
1 2
1 3
2 1
2 2
2 3
3 1
3 2
3 3
1 1
1 2
1 3
2 1
2 2
2 3
3 1
3 2
3 3
1 1
1 2
1 3
2 1
2 2
2 3
3 1
3 2
3 3
1 1
1 2
1 3
2 1
2 2
2 3
3 1
3 2
3 3
1 1
1 2
1 3
2 1
2 2
2 3
3 1
3 2
3 3
1 1
1 2
1 3
2 1
2 2
2 3
3 1
3 2
3 3
1 1
1 2
1 3
2 1
2 2
2 3
3 1
3 2
3 3
1 1
1 2
1 3
2 1
2 2
2 3
3 1
3 2
3 3
1 1
1 2
1 3
2 1
2 2
2 3
3 1
3 2
3 3
1 1
1 2
1 3
2 1
2 2
2 3
3 1
3 2
3 3
1 1
1 2
1 3
2 1
2 2
2 3
3 1
3 2
3 3
1 1
1 2
1 3
2 1
2 2
2 3
3 1
3 2
3 3
1 1
1 2
1 3
2 1
2 2
2 3
3 1
3 2
3 3
1 1
1 2
1 3
2 1
2 2
2 3
3 1
3 2
3 3
1 1
1 2
1 3
2 1
2 2
2 3
3 1
3 2
3 3
1 1
1 2
1 3
2 1
2 2
2 3
3 1
3 2
3 3
1 1
1 2
1 3
2 1
2 2
2 3
3 1
3 2
3 3
1 1 1 0.009075935846898498
1 2 1 0.006313037672834669
1 3 1 0.008186689517354274
2 1 1 0.00797475239381723
2 2 1 0.006394204951972099
2 3 1 0.0072015160768338585
3 1 1 0.008601704752391104
3 2 1 0.007897676210381805
3 3 1 0.010288779282163707
1 1 2 0.006017733200025939
1 2 2 0.0067671270416442735
1 3 2 0.007254756569179836
2 1 2 0.005396035126649962
2 2 2 0.006084650106250513
2 3 2 0.0072517084625178755
3 1 2 0.008212214466618422
3 2 2 0.005479257660992266
3 3 2 0.0074591642491308825
1 1 3 0.006871931726767244
1 2 3 0.0056141310908730145
1 3 3 0.00542361620793058
2 1 3 0.005533961687233438
2 2 3 0.0052860797222610565
2 3 3 0.00533151231961379
3 1 3 0.007132367337397805
3 2 3 0.004118169411322032
3 3 3 0.0071726257304590355
1 1 4 0.006502537034228334
1 2 4 0.004245414392044344
1 3 4 0.009444939358207036
2 1 4 0.005096098116583271
2 2 4 0.005432172926415612
2 3 4 0.006151584365620069
3 1 4 0.0055964613753691494
3 2 4 0.005766643347797496
3 3 4 0.006139820317638213
1 1 5 0.006256587147482706
1 2 5 0.006072186662326869
1 3 5 0.008575033702418276
2 1 5 0.005844890796665106
2 2 5 0.00477662666599409
2 3 5 0.006331955667225544
3 1 5 0.004624842327593765
3 2 5 0.004001766797421614
3 3 5 0.005190310890075174
1 1 6 0.005770531447987404
1 2 6 0.005729885087288383
1 3 6 0.006026685141662351
2 1 6 0.004011674770983719
2 2 6 0.004788272740065595
2 3 6 0.003997705322003933
3 1 6 0.0056187542869375025
3 2 6 0.004155679134142299
3 3 6 0.006077093365055141
1 1 7 0.006840272422473888
1 2 7 0.004918809943766493
1 3 7 0.006383908621281041
2 1 7 0.004137257967297444
2 2 7 0.004200986435663705
2 3 7 0.0036815781801018744
3 1 7 0.004350810192214716
3 2 7 0.003593877523751121
3 3 7 0.003880113802146452
1 1 8 0.006476080754087382
1 2 8 0.00568982331704118
1 3 8 0.007390904428386536
2 1 8 0.0049082163680278295
2 2 8 0.003942806186442006
2 3 8 0.004339739257888951
3 1 8 0.00367854487273342
3 2 8 0.004460614468051781
3 3 8 0.0045801657987875055
1 1 9 0.003181984134889676
1 2 9 0.0055822260466794026
1 3 9 0.00639798442133465
2 1 9 0.0030457061253595027
2 2 9 0.003838411050111683
2 3 9 0.003949110362714675
3 1 9 0.0036280048412542683
3 2 9 0.00402250381689428
3 3 9 0.004004487842902755
1 1 10 0.005424607847819793
1 2 10 0.005063195430532286
1 3 10 0.005397981947381004
2 1 10 0.0031201563695127956
2 2 10 0.004389323666648749
2 3 10 0.00383694322803938
3 1 10 0.004007997287913323
3 2 10 0.004077240828955937
3 3 10 0.004593975740015026
1 1 11 0.004997003345131539
1 2 11 0.004352147747822735
1 3 11 0.004928675944213913
2 1 11 0.0038692405913089666
2 2 11 0.003782548803517897
2 3 11 0.0035465965365799783
3 1 11 0.004411930117903492
3 2 11 0.004504665897455123
3 3 11 0.003567847928167338
1 1 12 0.004802380656932783
1 2 12 0.0047285406990740676
1 3 12 0.003265718754117992
2 1 12 0.0033008443074411748
2 2 12 0.003801586212744295
2 3 12 0.003880182877474125
3 1 12 0.0045813609748638915
3 2 12 0.004704203883275019
3 3 12 0.004478594205364071
1 1 13 0.004886092308491758
1 2 13 0.003692698856345017
1 3 13 0.003227098087674847
2 1 13 0.002486728013208006
2 2 13 0.0036435664600131313
2 3 13 0.0029322750039061135
3 1 13 0.003612457442817709
3 2 13 0.004427509847930894
3 3 13 0.004331108359201591
1 1 14 0.0036252231407883154
1 2 14 0.004380898759717855
1 3 14 0.005721544074026424
2 1 14 0.0025944572573221073
2 2 14 0.0035094574304577963
2 3 14 0.00238637275343595
3 1 14 0.0038017476353386175
3 2 14 0.00469201142651029
3 3 14 0.004165633800775401
1 1 15 0.0038351696144803007
1 2 15 0.004959136028345602
1 3 15 0.004404777573090792
2 1 15 0.002767424803577763
2 2 15 0.002735017863432169
2 3 15 0.002240098993077209
3 1 15 0.003556967063464937
3 2 15 0.004187606040020261
3 3 15 0.003370517692325989
1 1 16 0.0037187356056951706
1 2 16 0.0044339994221329945
1 3 16 0.0040536411709696735
2 1 16 0.0021051898240491687
2 2 16 0.002514199994459376
2 3 16 0.002065128377745136
3 1 16 0.004015514903268827
3 2 16 0.0042613277377246675
3 3 16 0.0038350142243969592
1 1 17 0.003033708750685822
1 2 17 0.004376918647730811
1 3 17 0.0033044282860667526
2 1 17 0.001957848699945626
2 2 17 0.0020791820269696493
2 3 17 0.0018302871832317556
3 1 17 0.0033747077668556434
3 2 17 0.003573995412965281
3 3 17 0.0034727524276757433
1 1 18 0.003577620780872427
1 2 18 0.0037512595785168987
1 3 18 0.0030522874623909128
2 1 18 0.0020281657119129654
2 2 18 0.0018114618996317438
2 3 18 0.0017664802123371812
3 1 18 0.0028902447962216127
3 2 18 0.003703676040761978
3 3 18 0.0036082534638959734
1 1 19 0.0031200532349295877
1 2 19 0.0024336580403020117
1 3 19 0.0019558076960866227
2 1 19 0.0022257782704317272
2 2 19 0.0015951217787477348
2 3 19 0.0016416569045110039
3 1 19 0.0032927630215899293
3 2 19 0.0028020045300450325
3 3 19 0.002582715294688278
1 1 20 0.00344680223271355
1 2 20 0.002890100526519602
1 3 20 0.002793183177741299
2 1 20 0.002107804305968536
2 2 20 0.0017766762955291782
2 3 20 0.002044381626155577
3 1 20 0.0028164705163056455
3 2 20 0.0030300128397394727
3 3 20 0.0028822392473575524
