W: 3.6
num_iter: 0
[-0.90920827 -0.90920827 -0.88885939 -0.88885939 -0.86376444 -0.86376444
 -0.83439967 -0.83439967 -0.80087304 -0.80087304 -0.76295944 -0.76295944
 -0.71998193 -0.71998193 -0.67240141 -0.67240141 -0.61912532 -0.61912532
 -0.55985595 -0.55985595 -0.49477871 -0.49477871 -0.42215744 -0.42215744
 -0.34310024 -0.34310024 -0.25723994 -0.25723994 -0.1638085  -0.1638085
 -0.05491102 -0.05491102  0.05490973  0.05490973  0.16380912  0.16380912
  0.25723929  0.25723929  0.34309551  0.34309551  0.42215647  0.42215647
  0.49478273  0.49478273  0.55985864  0.55985864  0.61912278  0.61912278
  0.67240362  0.67240362  0.71998094  0.71998094  0.76295934  0.76295934
  0.80087139  0.80087139  0.83440174  0.83440174  0.86376444  0.86376444
  0.88886006  0.88886006  0.90920893  0.90920893]
localization_length: 1.1382318627215
1.1457043649333394
W_list: [3.6]
L_list: [18.33126983893343]
