W: 2.6
num_iter: 0
[-0.73459921 -0.73459921 -0.71628773 -0.71628773 -0.69287348 -0.69287348
 -0.66495078 -0.66495078 -0.63337726 -0.63337726 -0.59776081 -0.59776081
 -0.55818405 -0.55818405 -0.51504069 -0.51504069 -0.46735842 -0.46735842
 -0.41635753 -0.41635753 -0.36056392 -0.36056392 -0.29987521 -0.29987521
 -0.23530376 -0.23530376 -0.16747851 -0.16747851 -0.09727049 -0.09727049
 -0.0221431  -0.0221431   0.02214458  0.02214458  0.09726956  0.09726956
  0.1674808   0.1674808   0.2353065   0.2353065   0.2998766   0.2998766
  0.36056701  0.36056701  0.41636087  0.41636087  0.46735522  0.46735522
  0.51503133  0.51503133  0.55818317  0.55818317  0.59776113  0.59776113
  0.63337729  0.63337729  0.66495294  0.66495294  0.69287503  0.69287503
  0.71628322  0.71628322  0.73459969  0.73459969]
localization_length: 2.822549066445372
2.7961111745873084
W_list: [2.6]
L_list: [44.737778793396934]
