Norm difference: 1.0
Norm difference: 1.0
1 1
1 2
2 1
2 2
1 1
1 2
2 1
2 2
1 1
1 2
2 1
2 2
1 1
1 2
2 1
2 2
1 1
1 2
2 1
2 2
1 1
1 2
2 1
2 2
1 1
1 2
2 1
2 2
1 1
1 2
2 1
2 2
1 1
1 2
2 1
2 2
1 1
1 2
2 1
2 2
1 1
1 2
2 1
2 2
1 1
1 2
2 1
2 2
1 1
1 2
2 1
2 2
1 1
1 2
2 1
2 2
1 1
1 2
2 1
2 2
1 1
1 2
2 1
2 2
1 1
1 2
2 1
2 2
1 1
1 2
2 1
2 2
1 1
1 2
2 1
2 2
1 1
1 2
2 1
2 2
1 1 1 0.009745404676629165
1 2 1 0.01303658452406549
2 1 1 0.008830209179190796
2 2 1 0.009966086105671745
1 1 2 0.008521897750255063
1 2 2 0.009452935511992746
2 1 2 0.009216419915469792
2 2 2 0.011048595104704247
1 1 3 0.00740395272853963
1 2 3 0.010821786185735533
2 1 3 0.008785946288622951
2 2 3 0.011341801511155616
1 1 4 0.008068414419754888
1 2 4 0.008934218002595865
2 1 4 0.006496736455864742
2 2 4 0.008626689347020072
1 1 5 0.00549989167433211
1 2 5 0.008929684791421944
2 1 5 0.006182328844161674
2 2 5 0.007722579087990645
1 1 6 0.006437670414189174
1 2 6 0.00592854642358927
2 1 6 0.006090890428094587
2 2 6 0.005717048007848517
1 1 7 0.006188174615159072
1 2 7 0.006043850720291677
2 1 7 0.005240150453205239
2 2 7 0.0059259433148905125
1 1 8 0.004131026355530687
1 2 8 0.004555128261318935
2 1 8 0.0029179069409772953
2 2 8 0.0044446195305240695
1 1 9 0.003294597181223402
1 2 9 0.003727334419883547
2 1 9 0.004271855003635389
2 2 9 0.0030752004163091184
1 1 10 0.002615350890418943
1 2 10 0.0027837233132585702
2 1 10 0.002279714455997957
2 2 10 0.0034226633879227662
1 1 11 0.0022821479315654693
1 2 11 0.0027114303282620893
2 1 11 0.0018956853256468231
2 2 11 0.002752436448206616
1 1 12 0.0006683357993508566
1 2 12 0.002376308677290966
2 1 12 0.0010024129010813183
2 2 12 0.0018487247123940473
1 1 13 0.0014626701546419276
1 2 13 0.0014368746861059478
2 1 13 0.0018805026004921487
2 2 13 0.0012175255593529133
1 1 14 0.000992342146334832
1 2 14 0.0009251304053132016
2 1 14 0.0005514284827479041
2 2 14 0.0014357963944148485
1 1 15 0.000558415938822556
1 2 15 0.0009775779599505963
2 1 15 0.0005959265415669292
2 2 15 0.0007762987101316291
1 1 16 0.0003828487514154301
1 2 16 0.0006221393812970678
2 1 16 0.00039848843012586685
2 2 16 0.00023296870030505078
1 1 17 0.0005284566680351791
1 2 17 0.00028332017924684544
2 1 17 0.0004140827196944288
2 2 17 0.00019165479727958302
1 1 18 0.000337102476698436
1 2 18 0.00021886960961187027
2 1 18 0.000154305994034497
2 2 18 0.0003131194081790631
1 1 19 0.0001641825980954669
1 2 19 0.00018052216615700392
2 1 19 0.00011953728205636144
2 2 19 0.000148323567022838
1 1 20 0.0001232527524578752
1 2 20 0.00012347594301504139
2 1 20 0.00013078486985336517
2 2 20 8.494956338645033e-5
