W: 2.2
num_iter: 0
[-0.6652038  -0.6652038  -0.64758659 -0.64758659 -0.62514138 -0.62514138
 -0.59868775 -0.59868775 -0.56861097 -0.56861097 -0.53532528 -0.53532528
 -0.49835306 -0.49835306 -0.45869425 -0.45869425 -0.41551632 -0.41551632
 -0.36852711 -0.36852711 -0.31791283 -0.31791283 -0.26300398 -0.26300398
 -0.20553404 -0.20553404 -0.14455564 -0.14455564 -0.08213764 -0.08213764
 -0.01736738 -0.01736738  0.01736087  0.01736087  0.08214116  0.08214116
  0.14455345  0.14455345  0.20553035  0.20553035  0.26300663  0.26300663
  0.31790703  0.31790703  0.36853398  0.36853398  0.4155159   0.4155159
  0.45869962  0.45869962  0.49835119  0.49835119  0.535322    0.535322
  0.568614    0.568614    0.59868222  0.59868222  0.62513906  0.62513906
  0.6475954   0.6475954   0.66520517  0.66520517]
localization_length: 3.6000507645623165
3.6416442907845914
W_list: [2.2]
L_list: [58.26630865255346]
