W: 3.8
num_iter: 0
[-0.93383697 -0.93383697 -0.88374873 -0.88374873 -0.81609776 -0.81609776
 -0.72962639 -0.72962639 -0.62219552 -0.62219552 -0.48752521 -0.48752521
 -0.32412439 -0.32412439 -0.11263311 -0.11263311  0.11263348  0.11263348
  0.32412709  0.32412709  0.48752709  0.48752709  0.62219247  0.62219247
  0.72962804  0.72962804  0.81609757  0.81609757  0.8837429   0.8837429
  0.93383943  0.93383943]
localization_length: 1.1097980462510058
1.094319395690097
W_list: [3.8]
L_list: [8.754555165520776]
