Norm difference: 1.0
Norm difference: 1.0
1 1
1 2
2 1
2 2
1 1
1 2
2 1
2 2
1 1
1 2
2 1
2 2
1 1
1 2
2 1
2 2
1 1
1 2
2 1
2 2
1 1
1 2
2 1
2 2
1 1
1 2
2 1
2 2
1 1
1 2
2 1
2 2
1 1
1 2
2 1
2 2
1 1
1 2
2 1
2 2
1 1
1 2
2 1
2 2
1 1
1 2
2 1
2 2
1 1
1 2
2 1
2 2
1 1
1 2
2 1
2 2
1 1
1 2
2 1
2 2
1 1
1 2
2 1
2 2
1 1
1 2
2 1
2 2
1 1
1 2
2 1
2 2
1 1
1 2
2 1
2 2
1 1
1 2
2 1
2 2
1 1 1 0.009180880961822954
1 2 1 0.011306874751332659
2 1 1 0.008322944476036907
2 2 1 0.00881260139691327
1 1 2 0.010146247297975666
1 2 2 0.00860890909213316
2 1 2 0.00952684210206808
2 2 2 0.005784626321652856
1 1 3 0.00983480397577668
1 2 3 0.008896178902355776
2 1 3 0.007840985137687615
2 2 3 0.007846728755741734
1 1 4 0.011709126271484674
1 2 4 0.009181107052011079
2 1 4 0.007756036910034733
2 2 4 0.0062455039820052075
1 1 5 0.0067423241913944195
1 2 5 0.007413729530176584
2 1 5 0.007842317925196676
2 2 5 0.00689463326042066
1 1 6 0.009959431565882278
1 2 6 0.007783738830330715
2 1 6 0.006552222357370334
2 2 6 0.005785609289311508
1 1 7 0.0073665770832569075
1 2 7 0.005538068589760532
2 1 7 0.005972911102713939
2 2 7 0.004937954945143269
1 1 8 0.009308705751181697
1 2 8 0.007593840515075728
2 1 8 0.0071479102118603725
2 2 8 0.0059502264552691074
1 1 9 0.006278578343409271
1 2 9 0.0067360289553648105
2 1 9 0.005952322443495273
2 2 9 0.005812708964276051
1 1 10 0.009005895474438022
1 2 10 0.008016841051290366
2 1 10 0.006351058227938364
2 2 10 0.006644140601786622
1 1 11 0.006231452753756116
1 2 11 0.006697351264559779
2 1 11 0.004632862902170543
2 2 11 0.005178993153564287
1 1 12 0.006261011096102086
1 2 12 0.007125479411764141
2 1 12 0.005756164772173026
2 2 12 0.006167878430234253
1 1 13 0.007086413983279023
1 2 13 0.009054349113556886
2 1 13 0.00495155055588694
2 2 13 0.005811296289929127
1 1 14 0.00730279693030257
1 2 14 0.006273795019997015
2 1 14 0.005233095259532831
2 2 14 0.006316737357621631
1 1 15 0.005545679213671465
1 2 15 0.008892573912524054
2 1 15 0.004703196016364003
2 2 15 0.005969755820715865
1 1 16 0.0049814216209542826
1 2 16 0.006897938289144036
2 1 16 0.0049494038135917745
2 2 16 0.005332866485139853
1 1 17 0.006861926163063105
1 2 17 0.0068521194348555
2 1 17 0.005281114833450352
2 2 17 0.0052222594925683975
1 1 18 0.006474275374194599
1 2 18 0.005111515607198156
2 1 18 0.005021675696729125
2 2 18 0.004200668285299968
1 1 19 0.004330648991427975
1 2 19 0.00608443223133263
2 1 19 0.0036240573900963254
2 2 19 0.004118803616434198
1 1 20 0.004623563894723782
1 2 20 0.005444166685251187
2 1 20 0.003925397320029668
2 2 20 0.004252513427944306
