W: 2.2
num_iter: 0
[-0.65895162 -0.65895162 -0.61458856 -0.61458856 -0.55395188 -0.55395188
 -0.48046766 -0.48046766 -0.3939955  -0.3939955  -0.29226246 -0.29226246
 -0.17412421 -0.17412421 -0.03893319 -0.03893319  0.03893202  0.03893202
  0.17412453  0.17412453  0.29226103  0.29226103  0.39399688  0.39399688
  0.48047172  0.48047172  0.55394915  0.55394915  0.61458734  0.61458734
  0.65895242  0.65895242]
localization_length: 3.210725054241287
3.20360093010594
W_list: [2.2]
L_list: [25.62880744084752]
