W: 3.0
num_iter: 0
[-0.86490949 -0.86490949 -0.85505969 -0.85505969 -0.84387071 -0.84387071
 -0.8318835  -0.8318835  -0.8181436  -0.8181436  -0.80367904 -0.80367904
 -0.78743208 -0.78743208 -0.77039138 -0.77039138 -0.75216731 -0.75216731
 -0.73262747 -0.73262747 -0.71217724 -0.71217724 -0.69019311 -0.69019311
 -0.66757721 -0.66757721 -0.64397849 -0.64397849 -0.61879982 -0.61879982
 -0.59289988 -0.59289988 -0.56569359 -0.56569359 -0.5374238  -0.5374238
 -0.50831562 -0.50831562 -0.47789055 -0.47789055 -0.445956   -0.445956
 -0.41308276 -0.41308276 -0.37897747 -0.37897747 -0.34366124 -0.34366124
 -0.30638283 -0.30638283 -0.26864662 -0.26864662 -0.2296438  -0.2296438
 -0.18878783 -0.18878783 -0.14842548 -0.14842548 -0.10659793 -0.10659793
 -0.06418971 -0.06418971 -0.01749046 -0.01749046  0.01748888  0.01748888
  0.06419207  0.06419207  0.10659839  0.10659839  0.14842474  0.14842474
  0.18878598  0.18878598  0.22964295  0.22964295  0.26864245  0.26864245
  0.30638636  0.30638636  0.34365938  0.34365938  0.37898119  0.37898119
  0.41308332  0.41308332  0.44596093  0.44596093  0.47789622  0.47789622
  0.50831923  0.50831923  0.53742137  0.53742137  0.56569635  0.56569635
  0.59290177  0.59290177  0.61879637  0.61879637  0.64398019  0.64398019
  0.6675778   0.6675778   0.69019448  0.69019448  0.71217501  0.71217501
  0.73262118  0.73262118  0.75217135  0.75217135  0.77038119  0.77038119
  0.78743543  0.78743543  0.80367677  0.80367677  0.81814413  0.81814413
  0.83188355  0.83188355  0.84386614  0.84386614  0.85505696  0.85505696
  0.86491359  0.86491359]
localization_length: 1.786849780158074
1.7937070536305286
W_list: [3.0]
L_list: [57.398625716176916]
