Norm difference: 1.0
Norm difference: 1.0
1 1
1 2
2 1
2 2
1 1
1 2
2 1
2 2
1 1
1 2
2 1
2 2
1 1
1 2
2 1
2 2
1 1
1 2
2 1
2 2
1 1
1 2
2 1
2 2
1 1
1 2
2 1
2 2
1 1
1 2
2 1
2 2
1 1
1 2
2 1
2 2
1 1
1 2
2 1
2 2
1 1
1 2
2 1
2 2
1 1
1 2
2 1
2 2
1 1
1 2
2 1
2 2
1 1
1 2
2 1
2 2
1 1
1 2
2 1
2 2
1 1
1 2
2 1
2 2
1 1
1 2
2 1
2 2
1 1
1 2
2 1
2 2
1 1
1 2
2 1
2 2
1 1
1 2
2 1
2 2
1 1 1 0.009700768344618641
1 2 1 0.007981161826520186
2 1 1 0.009112566353869127
2 2 1 0.00517473506812007
1 1 2 0.008154992454388188
1 2 2 0.01229510237256606
2 1 2 0.008505684621691887
2 2 2 0.002930664107667875
1 1 3 0.006433205445637688
1 2 3 0.008282317227143685
2 1 3 0.0076307895510785055
2 2 3 0.006289742479371821
1 1 4 0.0072990040904479915
1 2 4 0.006778866334490099
2 1 4 0.004415669839373094
2 2 4 0.009067508891216217
1 1 5 0.004973698177432222
1 2 5 0.0036367253149166287
2 1 5 0.006960679535720692
2 2 5 0.0060203076518497095
1 1 6 0.0043068607661881815
1 2 6 0.006774097351343669
2 1 6 0.005208874873480547
2 2 6 0.004881270377112118
1 1 7 0.005253674060160196
1 2 7 0.006112481083924019
2 1 7 0.003864492363484036
2 2 7 0.004732365458275737
1 1 8 0.005133420979142481
1 2 8 0.003933056804563788
2 1 8 0.003935790228014704
2 2 8 0.004899112188790146
1 1 9 0.002996733459621628
1 2 9 0.0018258746001052698
2 1 9 0.003123355155167535
2 2 9 0.0035365785103081996
1 1 10 0.0023780742488225394
1 2 10 0.002118776967214317
2 1 10 0.0025991109289002358
2 2 10 0.002051440645981853
1 1 11 0.001732654378241276
1 2 11 0.0015060933762079728
2 1 11 0.0016386399544194154
2 2 11 0.0008452822697889838
1 1 12 0.00165957923435853
1 2 12 0.001526252219462463
2 1 12 0.0012721463141424538
2 2 12 0.0007899640063565909
1 1 13 0.00170529525960059
1 2 13 0.001212944960328434
2 1 13 0.0008247961718619919
2 2 13 0.0006837929504943958
1 1 14 0.0012817357593184965
1 2 14 0.0008292209481320235
2 1 14 0.0008638993991078355
2 2 14 0.000919608417862703
1 1 15 0.0005057722124216345
1 2 15 0.0007484378460551202
2 1 15 0.00087751991990341
2 2 15 0.0006549918095123204
1 1 16 0.0007054696358733111
1 2 16 0.0006803508710459488
2 1 16 0.0005209015332714804
2 2 16 0.0005033286905200457
1 1 17 0.0006074217589779744
1 2 17 0.0003679377277364654
2 1 17 0.0003284759838119731
2 2 17 0.0004702675254155844
1 1 18 0.0005403686938734613
1 2 18 0.0002767388540837367
2 1 18 0.0004331409222433841
2 2 18 0.00024723284862291614
1 1 19 0.0003721308427769634
1 2 19 0.00034351666475057965
2 1 19 0.00031308357910000506
2 2 19 0.00017702994609462256
1 1 20 0.0002497340397235226
1 2 20 0.00044570710339011737
2 1 20 0.0003305613685902596
2 2 20 0.00023648927019172795
