[-2.41421356 -1.         -1.         -0.41421356  0.41421356  1.
  1.          2.41421356]
W: 3.8000000000000003
num_iter: 0
[-0.88988084 -0.86326579 -0.83424267 -0.80344659 -0.76851293 -0.73078054
 -0.69214939 -0.64814724 -0.60292602 -0.55361222 -0.50037013 -0.44365021
 -0.3817366  -0.31148717 -0.23460945 -0.1425752   0.14257363  0.23461153
  0.31149471  0.38174039  0.44365704  0.50037616  0.55361331  0.60291441
  0.64815286  0.69213089  0.7307758   0.76853172  0.80342929  0.83423895
  0.86326454  0.88988778]
localization_length: 0.43836998787145215
0.43954626512582295
W_list: [3.8000000000000003]
L_list: [0.43954626512582295]
[-2.41421356 -1.         -1.         -0.41421356  0.41421356  1.
  1.          2.41421356]
W: 3.8000000000000003
num_iter: 0
[-0.89005528 -0.86319479 -0.83455264 -0.80301826 -0.76874282 -0.7314625
 -0.69169721 -0.64893854 -0.60280524 -0.55299247 -0.50000265 -0.44279328
 -0.38048152 -0.31176996 -0.23436744 -0.1413978   0.14139832  0.2343752
  0.31176898  0.38049216  0.44279905  0.49999812  0.55299681  0.60281756
  0.64892854  0.69168988  0.73145863  0.76873969  0.80301736  0.83453856
  0.86320617  0.89004738]
localization_length: 0.44201535211500725
0.4416622307023322
W_list: [3.8000000000000003]
L_list: [0.4416622307023322]
