W: 2.2
num_iter: 0
[-0.92613684 -0.92613684 -0.91497091 -0.91497091 -0.90207981 -0.90207981
 -0.88789188 -0.88789188 -0.87152711 -0.87152711 -0.85401591 -0.85401591
 -0.83452378 -0.83452378 -0.8133359  -0.8133359  -0.79031288 -0.79031288
 -0.7653917  -0.7653917  -0.7385382  -0.7385382  -0.71096097 -0.71096097
 -0.68134918 -0.68134918 -0.65088518 -0.65088518 -0.61914758 -0.61914758
 -0.58639901 -0.58639901 -0.55331319 -0.55331319 -0.51913183 -0.51913183
 -0.48439559 -0.48439559 -0.44969082 -0.44969082 -0.41432392 -0.41432392
 -0.37903658 -0.37903658 -0.3428676  -0.3428676  -0.3067541  -0.3067541
 -0.26987884 -0.26987884 -0.23334793 -0.23334793 -0.19649144 -0.19649144
 -0.15933346 -0.15933346 -0.12232162 -0.12232162 -0.08544602 -0.08544602
 -0.04849429 -0.04849429 -0.0107673  -0.0107673   0.0107647   0.0107647
  0.04849109  0.04849109  0.08544438  0.08544438  0.1223219   0.1223219
  0.15933818  0.15933818  0.1964973   0.1964973   0.23334956  0.23334956
  0.26988051  0.26988051  0.30676124  0.30676124  0.34286135  0.34286135
  0.37904019  0.37904019  0.4143276   0.4143276   0.44968717  0.44968717
  0.48439375  0.48439375  0.519132    0.519132    0.55331913  0.55331913
  0.58640011  0.58640011  0.61914003  0.61914003  0.65088782  0.65088782
  0.68134674  0.68134674  0.71095295  0.71095295  0.73853316  0.73853316
  0.76538717  0.76538717  0.79032152  0.79032152  0.81333128  0.81333128
  0.83451843  0.83451843  0.85401318  0.85401318  0.87152673  0.87152673
  0.8878959   0.8878959   0.90208269  0.90208269  0.91497847  0.91497847
  0.92613511  0.92613511]
localization_length: 2.903008150874036
2.8775623885214636
W_list: [2.2]
L_list: [92.08199643268684]
