W: 3.2
num_iter: 0
[-1.23444886 -1.23444886 -1.22116977 -1.22116977 -1.2073243  -1.2073243
 -1.1921657  -1.1921657  -1.17519024 -1.17519024 -1.15706023 -1.15706023
 -1.13703429 -1.13703429 -1.11539251 -1.11539251 -1.09180682 -1.09180682
 -1.0667981  -1.0667981  -1.03968938 -1.03968938 -1.01046582 -1.01046582
 -0.97982433 -0.97982433 -0.94668856 -0.94668856 -0.91224492 -0.91224492
 -0.8757742  -0.8757742  -0.83771598 -0.83771598 -0.79768447 -0.79768447
 -0.7566205  -0.7566205  -0.71355872 -0.71355872 -0.66934602 -0.66934602
 -0.62327719 -0.62327719 -0.57598546 -0.57598546 -0.52759289 -0.52759289
 -0.47791094 -0.47791094 -0.42640638 -0.42640638 -0.37421694 -0.37421694
 -0.31993692 -0.31993692 -0.26367873 -0.26367873 -0.20590856 -0.20590856
 -0.14405045 -0.14405045 -0.07257208 -0.07257208  0.07257634  0.07257634
  0.14405215  0.14405215  0.20590791  0.20590791  0.26368036  0.26368036
  0.31994494  0.31994494  0.37421331  0.37421331  0.42640525  0.42640525
  0.47791214  0.47791214  0.52759665  0.52759665  0.57599636  0.57599636
  0.62327502  0.62327502  0.66935439  0.66935439  0.713556    0.713556
  0.75661479  0.75661479  0.79768459  0.79768459  0.83771109  0.83771109
  0.87577275  0.87577275  0.91224763  0.91224763  0.94669215  0.94669215
  0.97981952  0.97981952  1.01046791  1.01046791  1.03968645  1.03968645
  1.06679965  1.06679965  1.09180301  1.09180301  1.11539166  1.11539166
  1.13703194  1.13703194  1.15705611  1.15705611  1.17518525  1.17518525
  1.19216749  1.19216749  1.2073235   1.2073235   1.22116553  1.22116553
  1.23444841  1.23444841]
localization_length: 0.43060635208953013
0.4374615985517085
W_list: [3.2]
L_list: [13.998771153654673]
