Norm difference: 1.0
Norm difference: 1.0
1 1
1 2
2 1
2 2
1 1
1 2
2 1
2 2
1 1
1 2
2 1
2 2
1 1
1 2
2 1
2 2
1 1
1 2
2 1
2 2
1 1
1 2
2 1
2 2
1 1
1 2
2 1
2 2
1 1
1 2
2 1
2 2
1 1
1 2
2 1
2 2
1 1
1 2
2 1
2 2
1 1
1 2
2 1
2 2
1 1
1 2
2 1
2 2
1 1
1 2
2 1
2 2
1 1
1 2
2 1
2 2
1 1
1 2
2 1
2 2
1 1
1 2
2 1
2 2
1 1
1 2
2 1
2 2
1 1
1 2
2 1
2 2
1 1
1 2
2 1
2 2
1 1
1 2
2 1
2 2
1 1 1 0.01231041032138203
1 2 1 0.012278080810638602
2 1 1 0.016127396293610572
2 2 1 0.009059860218820161
1 1 2 0.012088712901337343
1 2 2 0.006572465962225696
2 1 2 0.011167482796617495
2 2 2 0.008716863296928595
1 1 3 0.00665725242280802
1 2 3 0.005369253797138441
2 1 3 0.006288738230491019
2 2 3 0.008568568387025504
1 1 4 0.004006212278428955
1 2 4 0.005311053705580619
2 1 4 0.006230190701447792
2 2 4 0.0028833550003596947
1 1 5 0.0027107944535258886
1 2 5 0.003237791722985986
2 1 5 0.0026801240285371395
2 2 5 0.0023019332018418743
1 1 6 0.002379810510323476
1 2 6 0.001507515517391198
2 1 6 0.0014376529076416192
2 2 6 0.002154824660998523
1 1 7 0.0010057458044708928
1 2 7 0.0006793140525867319
2 1 7 0.0008363042884208221
2 2 7 0.0008126714307159097
1 1 8 0.000710463313571113
1 2 8 0.0008285057167719753
2 1 8 0.0008200328259455952
2 2 8 0.0006160840900671006
1 1 9 0.0005520191076579345
1 2 9 0.00027811179097642774
2 1 9 0.00043247982989298673
2 2 9 0.00034162055551732956
1 1 10 0.0002919631109408222
1 2 10 0.0006683506983662636
2 1 10 0.00036723428911415257
2 2 10 0.00043649717754760183
1 1 11 0.0002559505800649184
1 2 11 0.00035446975448617584
2 1 11 0.0003183117942830296
2 2 11 0.00028585872805053837
1 1 12 0.0003824564074911002
1 2 12 0.0002788611866937362
2 1 12 0.00022625696750192887
2 2 12 0.0004720753226805747
1 1 13 0.00019988704044133368
1 2 13 0.00038869908899185154
2 1 13 0.00019261282722729124
2 2 13 0.00021143580761681866
1 1 14 0.00027787496886106636
1 2 14 0.0002463887160639104
2 1 14 0.0003075441376079687
2 2 14 0.0002914148563485043
1 1 15 0.00018018376495913775
1 2 15 0.00031243748118701617
2 1 15 0.00023614823301319827
2 2 15 0.00032341554999826456
1 1 16 0.0002713060677068715
1 2 16 0.00031417842469675696
2 1 16 0.0001003520775612288
2 2 16 0.0002235581961248775
1 1 17 0.00016093560351402512
1 2 17 0.0002278702201953244
2 1 17 0.00021486103794539813
2 2 17 0.00032321871738455525
1 1 18 0.00018875820191261865
1 2 18 0.00028744926995624313
2 1 18 0.00020868979109201413
2 2 18 0.00019156420473867718
1 1 19 0.00012719299108452517
1 2 19 0.00021107152886987897
2 1 19 0.00010070590745630036
2 2 19 0.00018995467441931566
1 1 20 0.0001347361567211502
1 2 20 0.00016826286985453668
2 1 20 0.00013043661123840074
2 2 20 0.00025344842638428696
