Norm difference: 1.0
Norm difference: 1.0000000000000002
1 1
1 2
1 3
2 1
2 2
2 3
3 1
3 2
3 3
1 1
1 2
1 3
2 1
2 2
2 3
3 1
3 2
3 3
1 1
1 2
1 3
2 1
2 2
2 3
3 1
3 2
3 3
1 1
1 2
1 3
2 1
2 2
2 3
3 1
3 2
3 3
1 1
1 2
1 3
2 1
2 2
2 3
3 1
3 2
3 3
1 1
1 2
1 3
2 1
2 2
2 3
3 1
3 2
3 3
1 1
1 2
1 3
2 1
2 2
2 3
3 1
3 2
3 3
1 1
1 2
1 3
2 1
2 2
2 3
3 1
3 2
3 3
1 1
1 2
1 3
2 1
2 2
2 3
3 1
3 2
3 3
1 1
1 2
1 3
2 1
2 2
2 3
3 1
3 2
3 3
1 1
1 2
1 3
2 1
2 2
2 3
3 1
3 2
3 3
1 1
1 2
1 3
2 1
2 2
2 3
3 1
3 2
3 3
1 1
1 2
1 3
2 1
2 2
2 3
3 1
3 2
3 3
1 1
1 2
1 3
2 1
2 2
2 3
3 1
3 2
3 3
1 1
1 2
1 3
2 1
2 2
2 3
3 1
3 2
3 3
1 1
1 2
1 3
2 1
2 2
2 3
3 1
3 2
3 3
1 1
1 2
1 3
2 1
2 2
2 3
3 1
3 2
3 3
1 1
1 2
1 3
2 1
2 2
2 3
3 1
3 2
3 3
1 1
1 2
1 3
2 1
2 2
2 3
3 1
3 2
3 3
1 1
1 2
1 3
2 1
2 2
2 3
3 1
3 2
3 3
1 1 1 0.009185056294142617
1 2 1 0.00589848627814087
1 3 1 0.007137047703618523
2 1 1 0.006391983939177915
2 2 1 0.003021069290294584
2 3 1 0.005073932196839026
3 1 1 0.00592367002732162
3 2 1 0.006061804315415033
3 3 1 0.005819024707510874
1 1 2 0.009112986455228641
1 2 2 0.005344850897603626
1 3 2 0.007440381057956904
2 1 2 0.006372057207943804
2 2 2 0.004671321359919188
2 3 2 0.005877826849661032
3 1 2 0.00651296241011526
3 2 2 0.005521210933921546
3 3 2 0.00538292681777869
1 1 3 0.007431464925757722
1 2 3 0.004358048152636429
1 3 3 0.007516014043876215
2 1 3 0.005538396975899215
2 2 3 0.003226223419733148
2 3 3 0.005530871290806619
3 1 3 0.007239902976492811
3 2 3 0.004934637773424637
3 3 3 0.005538726908157956
1 1 4 0.00770935850721409
1 2 4 0.005246553240405308
1 3 4 0.00658312004360261
2 1 4 0.006994451700063781
2 2 4 0.004536984884965793
2 3 4 0.004915997857573627
3 1 4 0.0077707909031281466
3 2 4 0.0045039380588093045
3 3 4 0.00629791103104155
1 1 5 0.007892253425717614
1 2 5 0.005515142332801743
1 3 5 0.007054046090739506
2 1 5 0.006325335105859664
2 2 5 0.003912548891790691
2 3 5 0.004981981737950488
3 1 5 0.007566587691682771
3 2 5 0.003976979188101646
3 3 5 0.006975273974774686
1 1 6 0.007451669220642826
1 2 6 0.005382222658986359
1 3 6 0.009666858375701047
2 1 6 0.0071140379883795745
2 2 6 0.0045443001200749945
2 3 6 0.0060807282711657275
3 1 6 0.006596657135751441
3 2 6 0.004812569624796238
3 3 6 0.006316528356714287
1 1 7 0.0063176236877358445
1 2 7 0.006168287731615952
1 3 7 0.009484323668826468
2 1 7 0.00624009670098138
2 2 7 0.004248795998677605
2 3 7 0.006439483029942095
3 1 7 0.006771915558223091
3 2 7 0.0035573307630968306
3 3 7 0.00535921693956864
1 1 8 0.005895541182853593
1 2 8 0.004781174514396189
1 3 8 0.0076560000167798
2 1 8 0.005673765414548763
2 2 8 0.004274864580885955
2 3 8 0.0066336037660349526
3 1 8 0.006974320709616164
3 2 8 0.004841935042350429
3 3 8 0.005910422516988517
1 1 9 0.00650791974287498
1 2 9 0.0038876974124159593
1 3 9 0.008410057719911023
2 1 9 0.0053460642743929435
2 2 9 0.00343999349904507
2 3 9 0.006120517053009257
3 1 9 0.005460732665888362
3 2 9 0.004696879844741203
3 3 9 0.007600620548920601
1 1 10 0.008784276014245218
1 2 10 0.004904009783498885
1 3 10 0.008148812111913673
2 1 10 0.006391966289551315
2 2 10 0.0035239805230010855
2 3 10 0.005639252729855031
3 1 10 0.004935575025292585
3 2 10 0.004106055130183047
3 3 10 0.007023201420721224
1 1 11 0.007866332299068085
1 2 11 0.005013804939077926
1 3 11 0.007145041237984835
2 1 11 0.006235485122961621
2 2 11 0.0040506041103994615
2 3 11 0.006356045921456684
3 1 11 0.00643326333762592
3 2 11 0.003386089993353242
3 3 11 0.005187500450977271
1 1 12 0.009300536199577871
1 2 12 0.0049875867074990555
1 3 12 0.006249906267209299
2 1 12 0.007066529621108009
2 2 12 0.004333851449310461
2 3 12 0.005773263770168987
3 1 12 0.006816739397696082
3 2 12 0.0037555548423985675
3 3 12 0.005339684041823033
1 1 13 0.009639857789613033
1 2 13 0.004947720923426223
1 3 13 0.005901224617609906
2 1 13 0.00670972615928411
2 2 13 0.0033899830386123846
2 3 13 0.005944608517938153
3 1 13 0.0071662290179687295
3 2 13 0.004142662333663691
3 3 13 0.006037454125850587
1 1 14 0.009517774093252093
1 2 14 0.004370926380056485
1 3 14 0.006807368250344897
2 1 14 0.007914499074336315
2 2 14 0.0036855394141276448
2 3 14 0.005761442291995567
3 1 14 0.008200200893525295
3 2 14 0.003348677039190562
3 3 14 0.007584215295068264
1 1 15 0.00903921958066272
1 2 15 0.00518907569839328
1 3 15 0.00910707923693281
2 1 15 0.006448578790146868
2 2 15 0.00380790041820134
2 3 15 0.006688933824120976
3 1 15 0.005306270674062774
3 2 15 0.0032649275266926243
3 3 15 0.005732179195492729
1 1 16 0.006880408298316992
1 2 16 0.0046342341812278445
1 3 16 0.008120749344895206
2 1 16 0.006640184549971388
2 2 16 0.0038809866947883583
2 3 16 0.007063397934628038
3 1 16 0.006299165613284576
3 2 16 0.003045765967092747
3 3 16 0.005303251228796436
1 1 17 0.005862041014633809
1 2 17 0.005803925164102294
1 3 17 0.008055190581906003
2 1 17 0.00639321170594114
2 2 17 0.004684472565418629
2 3 17 0.00728850604157111
3 1 17 0.00764141711544743
3 2 17 0.0037303622060212436
3 3 17 0.006707987288928509
1 1 18 0.008295989576298044
1 2 18 0.005654534668971556
1 3 18 0.0071813494866389115
2 1 18 0.006496895237978713
2 2 18 0.0042203630514554905
2 3 18 0.005194880167519936
3 1 18 0.006254422897606977
3 2 18 0.004880261921053231
3 3 18 0.006466790734368488
1 1 19 0.006835866993230027
1 2 19 0.005757953419207195
1 3 19 0.007861905996360972
2 1 19 0.006476450628199138
2 2 19 0.004723328509578776
2 3 19 0.0070889282246382555
3 1 19 0.004785899021907476
3 2 19 0.0033737264616990476
3 3 19 0.00612718211499601
1 1 20 0.007951238042812989
1 2 20 0.00514895908293817
1 3 20 0.0082413377505992
2 1 20 0.008128976637042016
2 2 20 0.004144139317189476
2 3 20 0.006068884473081602
3 1 20 0.005784942156325336
3 2 20 0.004156627053327817
3 3 20 0.005635845221085244
