Norm difference: 1.0
Norm difference: 1.0
1 1
1 2
2 1
2 2
1 1
1 2
2 1
2 2
1 1
1 2
2 1
2 2
1 1
1 2
2 1
2 2
1 1
1 2
2 1
2 2
1 1
1 2
2 1
2 2
1 1
1 2
2 1
2 2
1 1
1 2
2 1
2 2
1 1
1 2
2 1
2 2
1 1
1 2
2 1
2 2
1 1
1 2
2 1
2 2
1 1
1 2
2 1
2 2
1 1
1 2
2 1
2 2
1 1
1 2
2 1
2 2
1 1
1 2
2 1
2 2
1 1
1 2
2 1
2 2
1 1
1 2
2 1
2 2
1 1
1 2
2 1
2 2
1 1
1 2
2 1
2 2
1 1
1 2
2 1
2 2
1 1 1 0.009713792066614152
1 2 1 0.008518085801919827
2 1 1 0.008503144581403546
2 2 1 0.008155089742033777
1 1 2 0.009032928763086232
1 2 2 0.008559030623057426
2 1 2 0.007959009431881197
2 2 2 0.005860214886000982
1 1 3 0.010658113206742032
1 2 3 0.009893499462393774
2 1 3 0.008388238483177263
2 2 3 0.005392635059605419
1 1 4 0.009791221117694681
1 2 4 0.00908356986584205
2 1 4 0.007300006700633602
2 2 4 0.006301075656784573
1 1 5 0.010812665878301422
1 2 5 0.00850282148351671
2 1 5 0.009431262082244447
2 2 5 0.010126272178767251
1 1 6 0.010005374469599801
1 2 6 0.008097798064154754
2 1 6 0.0076240895768957635
2 2 6 0.007642915224339422
1 1 7 0.009721035460668168
1 2 7 0.008172302956333335
2 1 7 0.009468461817991148
2 2 7 0.007493581208991731
1 1 8 0.010075772091947982
1 2 8 0.006965928362888341
2 1 8 0.007791939933163734
2 2 8 0.004815388101700354
1 1 9 0.009311321630019489
1 2 9 0.006137293662173589
2 1 9 0.009467672864460572
2 2 9 0.00554181682279532
1 1 10 0.00769314290941345
1 2 10 0.005859879576909238
2 1 10 0.006174567530654702
2 2 10 0.0047510491264401425
1 1 11 0.007245849211975944
1 2 11 0.005447131619962124
2 1 11 0.006218796535425938
2 2 11 0.00541782969955742
1 1 12 0.006547624375420863
1 2 12 0.005224692227699329
2 1 12 0.004395507755566617
2 2 12 0.004670291098612084
1 1 13 0.005670227668701914
1 2 13 0.004662741550561308
2 1 13 0.00568849476491424
2 2 13 0.0035136547568713856
1 1 14 0.005311786152779912
1 2 14 0.0044945546046376425
2 1 14 0.004958116416096393
2 2 14 0.0034622572359125636
1 1 15 0.0047043775682696284
1 2 15 0.004211278844558579
2 1 15 0.004166352459913564
2 2 15 0.003152650287497131
1 1 16 0.004745399902955198
1 2 16 0.0034455136128579886
2 1 16 0.0034590114844789688
2 2 16 0.0033592879243157002
1 1 17 0.004299450035369422
1 2 17 0.0031107929854695794
2 1 17 0.0028971584439613754
2 2 17 0.003120417294940873
1 1 18 0.0033975046307822476
1 2 18 0.0025162583648972335
2 1 18 0.0031633936600965356
2 2 18 0.0022874727984447093
1 1 19 0.002815430675324534
1 2 19 0.0022677314577631345
2 1 19 0.002732453897927232
2 2 19 0.0017833161684793707
1 1 20 0.0023130707640673684
1 2 20 0.0018989527752930903
2 1 20 0.0024649837281705725
2 2 20 0.0013221717268310034
