W: 2.4
num_iter: 0
[-0.94790875 -0.94790875 -0.93616214 -0.93616214 -0.92312982 -0.92312982
 -0.90854568 -0.90854568 -0.89218365 -0.89218365 -0.8746104  -0.8746104
 -0.85525475 -0.85525475 -0.83411384 -0.83411384 -0.81132973 -0.81132973
 -0.78662541 -0.78662541 -0.7609963  -0.7609963  -0.73294108 -0.73294108
 -0.70437601 -0.70437601 -0.67458785 -0.67458785 -0.6431481  -0.6431481
 -0.6112512  -0.6112512  -0.57790399 -0.57790399 -0.54407629 -0.54407629
 -0.50972474 -0.50972474 -0.47466546 -0.47466546 -0.43859749 -0.43859749
 -0.40228643 -0.40228643 -0.3654488  -0.3654488  -0.32782624 -0.32782624
 -0.28994147 -0.28994147 -0.25162474 -0.25162474 -0.21320543 -0.21320543
 -0.17387428 -0.17387428 -0.13495478 -0.13495478 -0.09500193 -0.09500193
 -0.0554677  -0.0554677  -0.0138449  -0.0138449   0.01384534  0.01384534
  0.05546823  0.05546823  0.09500205  0.09500205  0.13495424  0.13495424
  0.1738764   0.1738764   0.21320503  0.21320503  0.25162573  0.25162573
  0.28993986  0.28993986  0.3278344   0.3278344   0.36545806  0.36545806
  0.40228504  0.40228504  0.43859603  0.43859603  0.47466261  0.47466261
  0.50972531  0.50972531  0.54407421  0.54407421  0.57790685  0.57790685
  0.61125398  0.61125398  0.64314525  0.64314525  0.67458977  0.67458977
  0.70437171  0.70437171  0.73293914  0.73293914  0.76100194  0.76100194
  0.78661463  0.78661463  0.81132426  0.81132426  0.83411302  0.83411302
  0.85524782  0.85524782  0.87461164  0.87461164  0.89219661  0.89219661
  0.90853695  0.90853695  0.92313179  0.92313179  0.9361631   0.9361631
  0.9479084   0.9479084 ]
localization_length: 2.2571485577183843
2.205881376642178
W_list: [2.4]
L_list: [70.5882040525497]
