[-2.41421356 -1.         -1.         -0.41421356  0.41421356  1.
  1.          2.41421356]
W: 2.6
num_iter: 0
[-0.62474662 -0.47441042 -0.31347224 -0.15622486  0.1562241   0.31347518
  0.47441132  0.62474354]
localization_length: 1.6002653076284745
1.600072658062478
num_iter: 1
[-0.62529714 -0.47280165 -0.31342889 -0.15642884  0.15642764  0.31343861
  0.47279487  0.6252954 ]
localization_length: 1.59818300184743
1.595675800296729
num_iter: 2
[-0.62576693 -0.47356784 -0.31192769 -0.15658111  0.15658238  0.31192767
  0.4735604   0.62577311]
localization_length: 1.5966166538350925
1.6033924476687105
W_list: [2.6]
L_list: [1.5997136353426393]
[-2.41421356 -1.         -1.         -0.41421356  0.41421356  1.
  1.          2.41421356]
W: 2.6
num_iter: 0
[-0.62463188 -0.47453188 -0.31295819 -0.15763173  0.15764654  0.3129445
  0.4745314   0.62463125]
localization_length: 1.5859750730810585
1.591006714361337
num_iter: 1
[-0.62475422 -0.4739138  -0.31309722 -0.15826466  0.15826155  0.31310012
  0.47391293  0.62475531]
localization_length: 1.5796635183614727
1.5758000988910519
num_iter: 2
[-0.62458037 -0.47402945 -0.31249171 -0.15908963  0.1590892   0.3124911
  0.4740297   0.62458116]
localization_length: 1.5714454931782182
1.5731494189003974
W_list: [2.6]
L_list: [1.5799854107175957]
