Norm difference: 1.0
Norm difference: 1.0
1 1
1 2
1 3
2 1
2 2
2 3
3 1
3 2
3 3
1 1
1 2
1 3
2 1
2 2
2 3
3 1
3 2
3 3
1 1
1 2
1 3
2 1
2 2
2 3
3 1
3 2
3 3
1 1
1 2
1 3
2 1
2 2
2 3
3 1
3 2
3 3
1 1
1 2
1 3
2 1
2 2
2 3
3 1
3 2
3 3
1 1
1 2
1 3
2 1
2 2
2 3
3 1
3 2
3 3
1 1
1 2
1 3
2 1
2 2
2 3
3 1
3 2
3 3
1 1
1 2
1 3
2 1
2 2
2 3
3 1
3 2
3 3
1 1
1 2
1 3
2 1
2 2
2 3
3 1
3 2
3 3
1 1
1 2
1 3
2 1
2 2
2 3
3 1
3 2
3 3
1 1
1 2
1 3
2 1
2 2
2 3
3 1
3 2
3 3
1 1
1 2
1 3
2 1
2 2
2 3
3 1
3 2
3 3
1 1
1 2
1 3
2 1
2 2
2 3
3 1
3 2
3 3
1 1
1 2
1 3
2 1
2 2
2 3
3 1
3 2
3 3
1 1
1 2
1 3
2 1
2 2
2 3
3 1
3 2
3 3
1 1
1 2
1 3
2 1
2 2
2 3
3 1
3 2
3 3
1 1
1 2
1 3
2 1
2 2
2 3
3 1
3 2
3 3
1 1
1 2
1 3
2 1
2 2
2 3
3 1
3 2
3 3
1 1
1 2
1 3
2 1
2 2
2 3
3 1
3 2
3 3
1 1
1 2
1 3
2 1
2 2
2 3
3 1
3 2
3 3
1 1 1 0.010485362616562233
1 2 1 0.007871494199579741
1 3 1 0.011248508202591583
2 1 1 0.00913217653805086
2 2 1 0.008442101623180862
2 3 1 0.008301237297724544
3 1 1 0.009950176547249081
3 2 1 0.010659991980185192
3 3 1 0.00905682685667301
1 1 2 0.010162482996031267
1 2 2 0.009167619927276263
1 3 2 0.00923499116984387
2 1 2 0.007220861702521356
2 2 2 0.005239263648637986
2 3 2 0.008883616394230999
3 1 2 0.012311402705805592
3 2 2 0.008166825665723895
3 3 2 0.008801469107034363
1 1 3 0.010925963727197245
1 2 3 0.00908216882766276
1 3 3 0.009246831860218862
2 1 3 0.008010165847891257
2 2 3 0.007913010701954862
2 3 3 0.005846656322065365
3 1 3 0.011588757680530854
3 2 3 0.008834033599808569
3 3 3 0.010649781235342461
1 1 4 0.010345756259609748
1 2 4 0.007616426522000402
1 3 4 0.011041059069270812
2 1 4 0.007972259354737462
2 2 4 0.0067496596141430635
2 3 4 0.008827079988934837
3 1 4 0.00958682093715014
3 2 4 0.007986164113230727
3 3 4 0.00786465138820017
1 1 5 0.008410114364271432
1 2 5 0.00784632420481617
1 3 5 0.009975950850736312
2 1 5 0.0070920263251850165
2 2 5 0.006283606253842796
2 3 5 0.008479771775381294
3 1 5 0.010094519120223844
3 2 5 0.007882220641634834
3 3 5 0.011876230970583464
1 1 6 0.007818655178969172
1 2 6 0.008255334653703756
1 3 6 0.010992630525410729
2 1 6 0.006675728385974608
2 2 6 0.006294648638262757
2 3 6 0.007630106959695918
3 1 6 0.008710795751307874
3 2 6 0.008714956146696068
3 3 6 0.011133110911417022
1 1 7 0.010028342563929885
1 2 7 0.008179990636718221
1 3 7 0.009475560359792584
2 1 7 0.007210916713270987
2 2 7 0.005447906395866516
2 3 7 0.006608264313895352
3 1 7 0.008578284664255184
3 2 7 0.0057789511595006775
3 3 7 0.010657665252157982
1 1 8 0.00790888003056365
1 2 8 0.00587792509581138
1 3 8 0.009279404696702883
2 1 8 0.007685087672409341
2 2 8 0.004894495236966185
2 3 8 0.009177245041432452
3 1 8 0.007581444990454847
3 2 8 0.010270893317934264
3 3 8 0.010310246750998647
1 1 9 0.007118476265290806
1 2 9 0.006826349563925778
1 3 9 0.008906340837920907
2 1 9 0.005269619084543075
2 2 9 0.005292466502950069
2 3 9 0.00603550306159846
3 1 9 0.008342973620915425
3 2 9 0.008217531183640898
3 3 9 0.008617978810918123
1 1 10 0.0061990969505186936
1 2 10 0.007358167234066201
1 3 10 0.007939119784806792
2 1 10 0.00682278810328094
2 2 10 0.005292582561533551
2 3 10 0.00588719658710318
3 1 10 0.00883843379133107
3 2 10 0.006718002066606926
3 3 10 0.009842406305785681
1 1 11 0.007100245781538679
1 2 11 0.005670157686848921
1 3 11 0.009203218262213427
2 1 11 0.006651994186622332
2 2 11 0.004559050797768926
2 3 11 0.0055296025820205045
3 1 11 0.007233701986774896
3 2 11 0.007508236910288471
3 3 11 0.008974808392771623
1 1 12 0.006637230393925639
1 2 12 0.0076207003977023765
1 3 12 0.008437273611653851
2 1 12 0.0065576656993239
2 2 12 0.00501704339447257
2 3 12 0.006362022928201881
3 1 12 0.007675053715879412
3 2 12 0.007003033874564015
3 3 12 0.006938094231957262
1 1 13 0.006683887781772755
1 2 13 0.006888896870349694
1 3 13 0.0073381302038066
2 1 13 0.003914456556366161
2 2 13 0.006370622002242141
2 3 13 0.006357054157282989
3 1 13 0.007156296416716478
3 2 13 0.008203555118568162
3 3 13 0.008306212949040267
1 1 14 0.005884677622166205
1 2 14 0.007321115750048855
1 3 14 0.007442571485555773
2 1 14 0.004323372888202016
2 2 14 0.005535129407728346
2 3 14 0.005721999566736367
3 1 14 0.006913613424683006
3 2 14 0.00859574784058733
3 3 14 0.007427334753021491
1 1 15 0.005194244575889863
1 2 15 0.0068091511157842245
1 3 15 0.006505116608266873
2 1 15 0.005909511696433141
2 2 15 0.004527590693143547
2 3 15 0.00561358852894783
3 1 15 0.0062095358536508535
3 2 15 0.008512589789579712
3 3 15 0.009125999879393868
1 1 16 0.004496347368885908
1 2 16 0.00664572980114931
1 3 16 0.007030405692406304
2 1 16 0.0034218591425636295
2 2 16 0.006711728216757323
2 3 16 0.0061210051195667355
3 1 16 0.0050775366038628995
3 2 16 0.007497735825489064
3 3 16 0.008067650115021984
1 1 17 0.004510002491906324
1 2 17 0.007140251641185713
1 3 17 0.007203272467737146
2 1 17 0.00292244501798473
2 2 17 0.005593186400971109
2 3 17 0.00543423943221552
3 1 17 0.004995380358912246
3 2 17 0.006758920304195154
3 3 17 0.007051897903154608
1 1 18 0.005021122197567595
1 2 18 0.006230704545248427
1 3 18 0.006324110076130594
2 1 18 0.0033758056016266235
2 2 18 0.00468290238747626
2 3 18 0.00406690831694202
3 1 18 0.005106709659201948
3 2 18 0.006944022199937216
3 3 18 0.006343766888827015
1 1 19 0.0050767892417490435
1 2 19 0.00603334537196848
1 3 19 0.006207015744281447
2 1 19 0.003525694876100992
2 2 19 0.003723625681765403
2 3 19 0.004890968537724983
3 1 19 0.0036274160247240124
3 2 19 0.006814591080709946
3 3 19 0.004571538385720933
1 1 20 0.0035837685631804595
1 2 20 0.005391081897671613
1 3 20 0.004840667824283382
2 1 20 0.002445196587692866
2 2 20 0.004034212673840176
2 3 20 0.0033595275528972546
3 1 20 0.005223697678726163
3 2 20 0.0058754983890084425
3 3 20 0.005688313461481254
