W: 2.4000000000000004
num_iter: 0
[-1.18795954 -1.18795954 -1.17687265 -1.17687265 -1.16536017 -1.16536017
 -1.15196179 -1.15196179 -1.13741707 -1.13741707 -1.12083772 -1.12083772
 -1.10263095 -1.10263095 -1.08209417 -1.08209417 -1.0598263  -1.0598263
 -1.03467967 -1.03467967 -1.00787615 -1.00787615 -0.97795877 -0.97795877
 -0.94552269 -0.94552269 -0.91019448 -0.91019448 -0.87239292 -0.87239292
 -0.83118127 -0.83118127 -0.78772192 -0.78772192 -0.74250292 -0.74250292
 -0.69514427 -0.69514427 -0.64626477 -0.64626477 -0.59669633 -0.59669633
 -0.5470027  -0.5470027  -0.49678383 -0.49678383 -0.44686793 -0.44686793
 -0.39705361 -0.39705361 -0.34737247 -0.34737247 -0.29791684 -0.29791684
 -0.24803378 -0.24803378 -0.1980203  -0.1980203  -0.14753363 -0.14753363
 -0.09460452 -0.09460452 -0.03609825 -0.03609825  0.03609572  0.03609572
  0.09460343  0.09460343  0.14753289  0.14753289  0.19801582  0.19801582
  0.24803012  0.24803012  0.29791511  0.29791511  0.34738031  0.34738031
  0.39706928  0.39706928  0.44686713  0.44686713  0.49679012  0.49679012
  0.5470019   0.5470019   0.59669731  0.59669731  0.64627041  0.64627041
  0.69514778  0.69514778  0.74250412  0.74250412  0.78771505  0.78771505
  0.83117322  0.83117322  0.87238056  0.87238056  0.91019732  0.91019732
  0.94552155  0.94552155  0.97795864  0.97795864  1.00787473  1.00787473
  1.03468525  1.03468525  1.05981916  1.05981916  1.08209694  1.08209694
  1.10262318  1.10262318  1.12083908  1.12083908  1.13741601  1.13741601
  1.15197268  1.15197268  1.16535599  1.16535599  1.17687368  1.17687368
  1.18795991  1.18795991]
localization_length: 0.8657536126948432
0.8627311656679046
W_list: [2.4000000000000004]
L_list: [27.60739730137295]
