W: 2.6
num_iter: 0
[-0.72800637 -0.72800637 -0.6810138  -0.6810138  -0.61727699 -0.61727699
 -0.53795897 -0.53795897 -0.44397974 -0.44397974 -0.33127892 -0.33127892
 -0.20098493 -0.20098493 -0.04717493 -0.04717493  0.04717493  0.04717493
  0.20098532  0.20098532  0.33128025  0.33128025  0.44398197  0.44398197
  0.53795652  0.53795652  0.61727144  0.61727144  0.68101665  0.68101665
  0.72800756  0.72800756]
localization_length: 2.6497126346015696
2.648646626574883
W_list: [2.6]
L_list: [21.189173012599063]
