[-2.41421356 -1.         -1.         -0.41421356  0.41421356  1.
  1.          2.41421356]
W: 1.7999999999999998
num_iter: 0
[-0.44931782 -0.38578144 -0.32400278 -0.26695614 -0.21240622 -0.15914257
 -0.10649695 -0.05345434  0.05345707  0.10649683  0.1591457   0.21240607
  0.2669554   0.32399474  0.38578866  0.44931379]
localization_length: 2.3384442950679274
2.376751561372365
W_list: [1.7999999999999998]
L_list: [2.376751561372365]
[-2.41421356 -1.         -1.         -0.41421356  0.41421356  1.
  1.          2.41421356]
W: 1.7999999999999998
num_iter: 0
[-0.44887098 -0.386043   -0.32444962 -0.2667573  -0.21239579 -0.15826143
 -0.10622066 -0.05376409  0.05376098  0.10622065  0.15827124  0.21239866
  0.26675693  0.32444855  0.3860428   0.44886305]
localization_length: 2.3251064420290417
2.3306465754435637
W_list: [1.7999999999999998]
L_list: [2.3306465754435637]
