[-0.34012195 -0.28788024 -0.28788024 -0.28788024 -0.28788024 -0.24873704
 -0.24873704 -0.24873704 -0.24873704 -0.20798724 -0.20798724 -0.20798724
 -0.20798724 -0.18615252 -0.18615252 -0.18615252 -0.18615252 -0.18615252
 -0.18615252 -0.18615252 -0.18615252 -0.16191376 -0.16191376 -0.16191376
 -0.16191376 -0.14818793 -0.14818793 -0.14818793 -0.14818793 -0.14818793
 -0.14818793 -0.14818793 -0.14818793 -0.14818793 -0.14818793 -0.14818793
 -0.14818793 -0.14818793 -0.14818793 -0.13656809 -0.13656809 -0.13656809
 -0.13656809 -0.12289379 -0.12289379 -0.12289379 -0.12289379 -0.12289379
 -0.12289379 -0.12289379 -0.12289379 -0.11474801 -0.11474801 -0.11474801
 -0.11474801 -0.10489523 -0.10489523 -0.10489523 -0.10489523 -0.09888169
 -0.09888169 -0.09888169 -0.09888169 -0.09351462  2.94012195  3.47366668
  3.47366668  3.47366668  3.47366668  4.02030992  4.02030992  4.02030992
  4.02030992  4.80798724  4.80798724  4.80798724  4.80798724  5.37193896
  5.37193896  5.37193896  5.37193896  5.37193896  5.37193896  5.37193896
  5.37193896  6.17612732  6.17612732  6.17612732  6.17612732  6.74818793
  6.74818793  6.74818793  6.74818793  6.74818793  6.74818793  6.74818793
  6.74818793  6.74818793  6.74818793  6.74818793  6.74818793  6.74818793
  6.74818793  7.32235453  7.32235453  7.32235453  7.32235453  8.13710736
  8.13710736  8.13710736  8.13710736  8.13710736  8.13710736  8.13710736
  8.13710736  8.71474801  8.71474801  8.71474801  8.71474801  9.53332235
  9.53332235  9.53332235  9.53332235 10.11309526 10.11309526 10.11309526
 10.11309526 10.69351462]
W: 5
num_iter: 0
EF_list: [6.6]
L_list: [10.19918923573268]
