Norm difference: 0.9999999999999999
Norm difference: 1.0000000000000002
1 1
1 2
2 1
2 2
1 1
1 2
2 1
2 2
1 1
1 2
2 1
2 2
1 1
1 2
2 1
2 2
1 1
1 2
2 1
2 2
1 1
1 2
2 1
2 2
1 1
1 2
2 1
2 2
1 1
1 2
2 1
2 2
1 1
1 2
2 1
2 2
1 1
1 2
2 1
2 2
1 1
1 2
2 1
2 2
1 1
1 2
2 1
2 2
1 1
1 2
2 1
2 2
1 1
1 2
2 1
2 2
1 1
1 2
2 1
2 2
1 1
1 2
2 1
2 2
1 1
1 2
2 1
2 2
1 1
1 2
2 1
2 2
1 1
1 2
2 1
2 2
1 1
1 2
2 1
2 2
1 1 1 0.006330821089947938
1 2 1 0.010396114809202753
2 1 1 0.01029334427300815
2 2 1 0.00810005933310311
1 1 2 0.008036828721146208
1 2 2 0.008731577668663098
2 1 2 0.011018260649926415
2 2 2 0.013035738579642592
1 1 3 0.00692337066442974
1 2 3 0.00804934431462113
2 1 3 0.008130958562293568
2 2 3 0.010098480432329162
1 1 4 0.0070060371915668385
1 2 4 0.007752534661724435
2 1 4 0.011315933845629523
2 2 4 0.008665234209381884
1 1 5 0.005467097904618138
1 2 5 0.008118816759715947
2 1 5 0.006508192267422996
2 2 5 0.008683890454799604
1 1 6 0.006215562017879922
1 2 6 0.008002272816351377
2 1 6 0.010767974039447695
2 2 6 0.011075695005429308
1 1 7 0.005810986719171732
1 2 7 0.006607534285474037
2 1 7 0.0047459337498461035
2 2 7 0.008941434410508443
1 1 8 0.00572142569566587
1 2 8 0.006763816073339901
2 1 8 0.008278254226221835
2 2 8 0.009717098168498858
1 1 9 0.004744704145561432
1 2 9 0.005213616739339573
2 1 9 0.005026299542001158
2 2 9 0.008359022185210077
1 1 10 0.004596118779376423
1 2 10 0.005888569919500895
2 1 10 0.006936478931011921
2 2 10 0.0072895468361199615
1 1 11 0.0034658725249078195
1 2 11 0.004789409657165361
2 1 11 0.004856794933391558
2 2 11 0.006227609527072037
1 1 12 0.004675396813009343
1 2 12 0.004634275083725546
2 1 12 0.007583177646637738
2 2 12 0.0049122914702719785
1 1 13 0.0035934633835413335
1 2 13 0.003930970918574592
2 1 13 0.003723326766295607
2 2 13 0.004928874672316747
1 1 14 0.0038279364739142183
1 2 14 0.0036718014151619696
2 1 14 0.005218684197986963
2 2 14 0.004784837472686986
1 1 15 0.0027925669257093414
1 2 15 0.003374022238257788
2 1 15 0.0030591906732092456
2 2 15 0.004460519471952664
1 1 16 0.003096240885518332
1 2 16 0.002720487068868359
2 1 16 0.003444648570298746
2 2 16 0.0048269917278824515
1 1 17 0.002003437462622173
1 2 17 0.0026527695327030042
2 1 17 0.003415968878337924
2 2 17 0.003234581791385282
1 1 18 0.0024526875737720675
1 2 18 0.0024039367669535005
2 1 18 0.0030390204519520287
2 2 18 0.0032217152450299464
1 1 19 0.0017096803917231289
1 2 19 0.0019054612441501279
2 1 19 0.002619393152259308
2 2 19 0.0020985133334026173
1 1 20 0.001527575201351904
1 2 20 0.0015352098622584361
2 1 20 0.0023749814986437933
2 2 20 0.0020488295861403765
