Norm difference: 1.0
Norm difference: 1.0
1 1
1 2
2 1
2 2
1 1
1 2
2 1
2 2
1 1
1 2
2 1
2 2
1 1
1 2
2 1
2 2
1 1
1 2
2 1
2 2
1 1
1 2
2 1
2 2
1 1
1 2
2 1
2 2
1 1
1 2
2 1
2 2
1 1
1 2
2 1
2 2
1 1
1 2
2 1
2 2
1 1
1 2
2 1
2 2
1 1
1 2
2 1
2 2
1 1
1 2
2 1
2 2
1 1
1 2
2 1
2 2
1 1
1 2
2 1
2 2
1 1
1 2
2 1
2 2
1 1
1 2
2 1
2 2
1 1
1 2
2 1
2 2
1 1
1 2
2 1
2 2
1 1
1 2
2 1
2 2
1 1 1 0.0029383495070382654
1 2 1 0.002996457169216977
2 1 1 0.003340176981406081
2 2 1 0.0026295668343750815
1 1 2 0.003314365064404699
1 2 2 0.0025890507849076947
2 1 2 0.00268847095996684
2 2 2 0.0023174463269169812
1 1 3 0.0022240855893314116
1 2 3 0.0017887013329164897
2 1 3 0.002323225813992213
2 2 3 0.0016631487808883565
1 1 4 0.0020586719688796516
1 2 4 0.0015606114025088222
2 1 4 0.0020487399438918856
2 2 4 0.00143161839908747
1 1 5 0.0014705552118330955
1 2 5 0.001312926517205568
2 1 5 0.001350517127960669
2 2 5 0.0012089698458531788
1 1 6 0.0015333599733783547
1 2 6 0.0013572820000671807
2 1 6 0.0010913765811309453
2 2 6 0.0013290053002850597
1 1 7 0.0013248609735269313
1 2 7 0.0012268833502170617
2 1 7 0.001104403588031422
2 2 7 0.0010585571679833832
1 1 8 0.0011570189680486147
1 2 8 0.0013714732034974474
2 1 8 0.0011869647752609693
2 2 8 0.0010509054245842714
1 1 9 0.0012854340353938344
1 2 9 0.001301900166669497
2 1 9 0.0009957058303733959
2 2 9 0.0011928444685929966
1 1 10 0.0009800191003703908
1 2 10 0.0013573155507482784
2 1 10 0.0011350603649542795
2 2 10 0.0012506384979603063
1 1 11 0.0013850201991097311
1 2 11 0.0010727331187055712
2 1 11 0.0011194231816905869
2 2 11 0.00122885190409242
1 1 12 0.0010585047112507888
1 2 12 0.0011366772195615953
2 1 12 0.0011243249662140095
2 2 12 0.001261017454880437
1 1 13 0.0012104656143023308
1 2 13 0.0009621459995306878
2 1 13 0.001268138714323925
2 2 13 0.0009820142429847489
1 1 14 0.0009339707640688341
1 2 14 0.0010691533671449735
2 1 14 0.0011466351920123925
2 2 14 0.0009353526933461205
1 1 15 0.0009212959110246419
1 2 15 0.0008892452315886531
2 1 15 0.0010069148505250796
2 2 15 0.0009649164736328346
1 1 16 0.0011693246280276158
1 2 16 0.0009682507876621298
2 1 16 0.0009796980696277337
2 2 16 0.0008858413316446192
1 1 17 0.0012310344094482513
1 2 17 0.0009494135083274446
2 1 17 0.0010848638016177292
2 2 17 0.0010268435066711115
1 1 18 0.001264503599265481
1 2 18 0.0010488040540132476
2 1 18 0.0011471542741386053
2 2 18 0.0012208965532360836
1 1 19 0.0012526338027336044
1 2 19 0.001270671033334245
2 1 19 0.0014679495011559979
2 2 19 0.0010369232628313408
1 1 20 0.001307046451645678
1 2 20 0.0014110565970765377
2 1 20 0.001456977627069218
2 2 20 0.0009522082557685558
