W: 4.0
num_iter: 0
[-1.12683031 -1.12683031 -1.09895474 -1.09895474 -1.06547489 -1.06547489
 -1.02896903 -1.02896903 -0.98663776 -0.98663776 -0.93987677 -0.93987677
 -0.88777571 -0.88777571 -0.8308767  -0.8308767  -0.7676714  -0.7676714
 -0.69888179 -0.69888179 -0.62341178 -0.62341178 -0.53952494 -0.53952494
 -0.44762211 -0.44762211 -0.34725305 -0.34725305 -0.23655673 -0.23655673
 -0.10621373 -0.10621373  0.10621716  0.10621716  0.23655582  0.23655582
  0.34725154  0.34725154  0.44762318  0.44762318  0.53952333  0.53952333
  0.62340992  0.62340992  0.69888267  0.69888267  0.7676797   0.7676797
  0.8308763   0.8308763   0.88777686  0.88777686  0.93987376  0.93987376
  0.98663672  0.98663672  1.0289666   1.0289666   1.06547339  1.06547339
  1.0989525   1.0989525   1.12683199  1.12683199]
localization_length: 0.5884361796576436
0.5975972972218903
W_list: [4.0]
L_list: [9.561556755550244]
