Norm difference: 0.9999999999999999
Norm difference: 1.0
1 1
1 2
1 3
2 1
2 2
2 3
3 1
3 2
3 3
1 1
1 2
1 3
2 1
2 2
2 3
3 1
3 2
3 3
1 1
1 2
1 3
2 1
2 2
2 3
3 1
3 2
3 3
1 1
1 2
1 3
2 1
2 2
2 3
3 1
3 2
3 3
1 1
1 2
1 3
2 1
2 2
2 3
3 1
3 2
3 3
1 1
1 2
1 3
2 1
2 2
2 3
3 1
3 2
3 3
1 1
1 2
1 3
2 1
2 2
2 3
3 1
3 2
3 3
1 1
1 2
1 3
2 1
2 2
2 3
3 1
3 2
3 3
1 1
1 2
1 3
2 1
2 2
2 3
3 1
3 2
3 3
1 1
1 2
1 3
2 1
2 2
2 3
3 1
3 2
3 3
1 1
1 2
1 3
2 1
2 2
2 3
3 1
3 2
3 3
1 1
1 2
1 3
2 1
2 2
2 3
3 1
3 2
3 3
1 1
1 2
1 3
2 1
2 2
2 3
3 1
3 2
3 3
1 1
1 2
1 3
2 1
2 2
2 3
3 1
3 2
3 3
1 1
1 2
1 3
2 1
2 2
2 3
3 1
3 2
3 3
1 1
1 2
1 3
2 1
2 2
2 3
3 1
3 2
3 3
1 1
1 2
1 3
2 1
2 2
2 3
3 1
3 2
3 3
1 1
1 2
1 3
2 1
2 2
2 3
3 1
3 2
3 3
1 1
1 2
1 3
2 1
2 2
2 3
3 1
3 2
3 3
1 1
1 2
1 3
2 1
2 2
2 3
3 1
3 2
3 3
1 1 1 0.006625520933228343
1 2 1 0.01058023438110504
1 3 1 0.006077114348947169
2 1 1 0.007520041769821417
2 2 1 0.009981952805509325
2 3 1 0.0051610013715534435
3 1 1 0.004232798274479532
3 2 1 0.008676487637373628
3 3 1 0.0033751800460783193
1 1 2 0.005948186618324063
1 2 2 0.008270127274148855
1 3 2 0.004958725132265652
2 1 2 0.006693607107862755
2 2 2 0.008545457649645873
2 3 2 0.008074870359540135
3 1 2 0.004147564445566179
3 2 2 0.006377393020088942
3 3 2 0.004866671229527145
1 1 3 0.0057584729272192586
1 2 3 0.007635688318320117
1 3 3 0.006494700769196992
2 1 3 0.006180100819696261
2 2 3 0.010665503932276195
2 3 3 0.0058543459438069176
3 1 3 0.006412705200632421
3 2 3 0.007106006156496795
3 3 3 0.004621873666959743
1 1 4 0.0052785026628199925
1 2 4 0.008132863004694905
1 3 4 0.004781566079282128
2 1 4 0.006826627745757363
2 2 4 0.009378004310413229
2 3 4 0.00587742902318111
3 1 4 0.005835370991120587
3 2 4 0.004940021056411379
3 3 4 0.003609484333743615
1 1 5 0.004533031347459639
1 2 5 0.007565299925922382
1 3 5 0.004854976032718898
2 1 5 0.007827530201112938
2 2 5 0.007190692001837808
2 3 5 0.0047898939582434385
3 1 5 0.005092160019169504
3 2 5 0.00751006532482211
3 3 5 0.004210354036864426
1 1 6 0.00650919940380091
1 2 6 0.00621636400413281
1 3 6 0.004719022732842759
2 1 6 0.005546554373246869
2 2 6 0.005929422616903121
2 3 6 0.004422785137511216
3 1 6 0.005257746341000723
3 2 6 0.006229135569459136
3 3 6 0.0034276392327771874
1 1 7 0.005562378188835969
1 2 7 0.0052296839128851
1 3 7 0.0030916536813852965
2 1 7 0.003978220548353265
2 2 7 0.006297511752209432
2 3 7 0.004341535821185573
3 1 7 0.004190314983797157
3 2 7 0.004939967497673167
3 3 7 0.003644065401436547
1 1 8 0.004829723645701186
1 2 8 0.006789428820513731
1 3 8 0.0035312862967021865
2 1 8 0.0038753217267308024
2 2 8 0.005133169091219669
2 3 8 0.0043584865581598985
3 1 8 0.003706300421808527
3 2 8 0.004177340593357264
3 3 8 0.004136488962064711
1 1 9 0.004788758434497034
1 2 9 0.005440220922382466
1 3 9 0.003577435326650042
2 1 9 0.004045039080434321
2 2 9 0.003051671403120472
2 3 9 0.001977432018305514
3 1 9 0.003296987470250525
3 2 9 0.004737139825995244
3 3 9 0.0026100178890329077
1 1 10 0.004757598497059894
1 2 10 0.0035732340362052127
1 3 10 0.002523843879256347
2 1 10 0.0032013013897284177
2 2 10 0.0034356672072780566
2 3 10 0.0033744594363321464
3 1 10 0.003230004870652563
3 2 10 0.0037648602182839414
3 3 10 0.002964050799996399
1 1 11 0.003133257906762614
1 2 11 0.002299890832900861
1 3 11 0.002857708216326711
2 1 11 0.0034648462078846567
2 2 11 0.003468678673626559
2 3 11 0.0018233303737380136
3 1 11 0.003889087270505682
3 2 11 0.0029678544233720837
3 3 11 0.0016823985991120977
1 1 12 0.003430827848491752
1 2 12 0.003346179532177159
1 3 12 0.0030783391314855727
2 1 12 0.0031375803356114298
2 2 12 0.0030348790823766163
2 3 12 0.002770922126631157
3 1 12 0.002443244950973633
3 2 12 0.0023610250893806996
3 3 12 0.0018700669543511197
1 1 13 0.003167887679715321
1 2 13 0.0028338658497029053
1 3 13 0.0026705850757872142
2 1 13 0.003990238843738996
2 2 13 0.0032114692439259426
2 3 13 0.0024110967031291683
3 1 13 0.003142460061236726
3 2 13 0.0029380933727497288
3 3 13 0.002397418772333458
1 1 14 0.0025470041819674895
1 2 14 0.003094391973129698
1 3 14 0.0021004144388425986
2 1 14 0.0034489342136114305
2 2 14 0.003594867674399553
2 3 14 0.0028380433217953882
3 1 14 0.003038555853755796
3 2 14 0.00267189051763731
3 3 14 0.002037924800293504
1 1 15 0.003536939996818341
1 2 15 0.0029058206375940218
1 3 15 0.0015410305937412984
2 1 15 0.0037238784678265656
2 2 15 0.0028732021727989995
2 3 15 0.002945791011532374
3 1 15 0.002633279007726156
3 2 15 0.001920920207704831
3 3 15 0.002271204656411555
1 1 16 0.0027441027253047017
1 2 16 0.002300310756169619
1 3 16 0.002424665890040614
2 1 16 0.003575622626177698
2 2 16 0.0034865989804464545
2 3 16 0.0024386442183812096
3 1 16 0.003200283126337132
3 2 16 0.0025860918126501295
3 3 16 0.001627996943579005
1 1 17 0.003312831946287109
1 2 17 0.002464587681845633
1 3 17 0.0024251804673656933
2 1 17 0.003416778916938998
2 2 17 0.0029540654129107677
2 3 17 0.0024164829931971957
3 1 17 0.0017179177036804715
3 2 17 0.0025847769887751603
3 3 17 0.0021136331479680317
1 1 18 0.0027860532308703638
1 2 18 0.003101853797936706
1 3 18 0.0022286655244954804
2 1 18 0.004051425869767678
2 2 18 0.0026580815756472994
2 3 18 0.0024163652085680432
3 1 18 0.0033146116552258283
3 2 18 0.0018680489082380058
3 3 18 0.002023034720272216
1 1 19 0.0030424655998482304
1 2 19 0.001955076171112608
1 3 19 0.0016922101469057666
2 1 19 0.0029561326838333886
2 2 19 0.0038804068915255217
2 3 19 0.0032490577799332335
3 1 19 0.0025483540715742887
3 2 19 0.0026952463823326244
3 3 19 0.0022057572173022595
1 1 20 0.0029331350509621723
1 2 20 0.002748893477165707
1 3 20 0.0016596102105668202
2 1 20 0.003996120493023296
2 2 20 0.002539122603485542
2 3 20 0.0025155414728124997
3 1 20 0.00268757670247501
3 2 20 0.001455378518634279
3 3 20 0.0026647512118115856
