Norm difference: 1.0
Norm difference: 1.0
1 1
1 2
2 1
2 2
1 1
1 2
2 1
2 2
1 1
1 2
2 1
2 2
1 1
1 2
2 1
2 2
1 1
1 2
2 1
2 2
1 1
1 2
2 1
2 2
1 1
1 2
2 1
2 2
1 1
1 2
2 1
2 2
1 1
1 2
2 1
2 2
1 1
1 2
2 1
2 2
1 1
1 2
2 1
2 2
1 1
1 2
2 1
2 2
1 1
1 2
2 1
2 2
1 1
1 2
2 1
2 2
1 1
1 2
2 1
2 2
1 1
1 2
2 1
2 2
1 1
1 2
2 1
2 2
1 1
1 2
2 1
2 2
1 1
1 2
2 1
2 2
1 1
1 2
2 1
2 2
1 1 1 0.02460239939166013
1 2 1 0.019311217430199944
2 1 1 0.029062177012367584
2 2 1 0.02128381402452978
1 1 2 0.026511571379864807
1 2 2 0.014807520172385144
2 1 2 0.01653251946881949
2 2 2 0.014546847125208867
1 1 3 0.015298677974091162
1 2 3 0.016802170890004783
2 1 3 0.021326260450923378
2 2 3 0.01404399325321759
1 1 4 0.014837203045580371
1 2 4 0.01074549412460471
2 1 4 0.016540596559996387
2 2 4 0.010967544766589852
1 1 5 0.01481463735385893
1 2 5 0.008981020655896255
2 1 5 0.010195838074489986
2 2 5 0.011998784166385421
1 1 6 0.008869727375132011
1 2 6 0.00945252414117863
2 1 6 0.007860847045900107
2 2 6 0.007385266364861945
1 1 7 0.007503550696671839
1 2 7 0.009095350232855817
2 1 7 0.0067644306881459795
2 2 7 0.005555427965331568
1 1 8 0.006235822091595013
1 2 8 0.006680646536352081
2 1 8 0.005459979270799256
2 2 8 0.00550965071156913
1 1 9 0.005549112589832012
1 2 9 0.005408793036731877
2 1 9 0.0037096991506280442
2 2 9 0.004726724828540304
1 1 10 0.005383217988407544
1 2 10 0.004706276295897856
2 1 10 0.0038243970658312755
2 2 10 0.003880909092416747
1 1 11 0.003870414789045596
1 2 11 0.0037882927768081976
2 1 11 0.003997272157254195
2 2 11 0.0031200459865021
1 1 12 0.003186422120198771
1 2 12 0.004341624469627984
2 1 12 0.0030567207367239516
2 2 12 0.0027943384998987937
1 1 13 0.0027205952738405402
1 2 13 0.003350919994239719
2 1 13 0.0018930173367248456
2 2 13 0.0033633327487484683
1 1 14 0.0027990390310934166
1 2 14 0.0029139007934972133
2 1 14 0.0018477997477734122
2 2 14 0.0028022725038122226
1 1 15 0.0022916694849358836
1 2 15 0.002802114021980939
2 1 15 0.0024218661678053147
2 2 15 0.0019165903968989136
1 1 16 0.0020164906935977093
1 2 16 0.002490683607773191
2 1 16 0.002374725620097057
2 2 16 0.002336599675079264
1 1 17 0.0017699695384095892
1 2 17 0.0020078189018711244
2 1 17 0.0015819173028532938
2 2 17 0.002107837013639481
1 1 18 0.00131834562630237
1 2 18 0.0015422073940293307
2 1 18 0.0010703597641764661
2 2 18 0.001594191827583558
1 1 19 0.0008035504120312519
1 2 19 0.0012828985959850766
2 1 19 0.000903580856611386
2 2 19 0.00121399218590553
1 1 20 0.0006728165959696082
1 2 20 0.0009645931688033014
2 1 20 0.0007763150534463436
2 2 20 0.0008479489749293091
