Norm difference: 1.0
Norm difference: 1.0
1 1
1 2
2 1
2 2
1 1
1 2
2 1
2 2
1 1
1 2
2 1
2 2
1 1
1 2
2 1
2 2
1 1
1 2
2 1
2 2
1 1
1 2
2 1
2 2
1 1
1 2
2 1
2 2
1 1
1 2
2 1
2 2
1 1
1 2
2 1
2 2
1 1
1 2
2 1
2 2
1 1
1 2
2 1
2 2
1 1
1 2
2 1
2 2
1 1
1 2
2 1
2 2
1 1
1 2
2 1
2 2
1 1
1 2
2 1
2 2
1 1
1 2
2 1
2 2
1 1
1 2
2 1
2 2
1 1
1 2
2 1
2 2
1 1
1 2
2 1
2 2
1 1
1 2
2 1
2 2
1 1 1 6.301073982378849e-5
1 2 1 6.459018178631184e-5
2 1 1 5.965961309161317e-5
2 2 1 7.26748625524902e-5
1 1 2 9.667424208026563e-5
1 2 2 6.757016850491692e-5
2 1 2 7.397725707771379e-5
2 2 2 9.727977003225775e-5
1 1 3 6.272659509829774e-5
1 2 3 0.00010628811989733269
2 1 3 0.00010560721592252755
2 2 3 9.199310615930407e-5
1 1 4 9.95831392106331e-5
1 2 4 0.0001275695204070024
2 1 4 0.0001213713946847014
2 2 4 0.00011748169090129875
1 1 5 0.00011503613965835251
1 2 5 0.00011860281591323594
2 1 5 0.00013188840239557496
2 2 5 0.0001803180396959784
1 1 6 0.00014634843662667945
1 2 6 0.00013324750377667247
2 1 6 0.0001470106712914882
2 2 6 0.00019142846267852087
1 1 7 0.00014357232592744965
1 2 7 0.000146010947365238
2 1 7 0.00017282925165062454
2 2 7 0.00019692095306116453
1 1 8 0.00010458498215867778
1 2 8 0.00019578053676534644
2 1 8 0.00019371308082959454
2 2 8 0.0001820137733333087
1 1 9 0.0001397369601086736
1 2 9 0.0001730671684977807
2 1 9 0.00012090863456058468
2 2 9 0.00021192567383338285
1 1 10 0.00016451508279596776
1 2 10 0.00017595361980844113
2 1 10 0.0001337721304185352
2 2 10 0.00019145081215247105
1 1 11 0.0001214462863270934
1 2 11 0.00013595029017598033
2 1 11 0.00013559156204789565
2 2 11 0.00015621649725756285
1 1 12 0.00013669752260010641
1 2 12 0.0001394263850735925
2 1 12 9.78564404948382e-5
2 2 12 0.00010404436264318917
1 1 13 8.729586861207586e-5
1 2 13 0.00012739034222372512
2 1 13 0.00011343635615689426
2 2 13 7.5863776794203e-5
1 1 14 4.8652033341992274e-5
1 2 14 9.410442393641708e-5
2 1 14 4.87935834472806e-5
2 2 14 9.476753554718782e-5
1 1 15 5.6207472787534036e-5
1 2 15 5.26328816855024e-5
2 1 15 3.312683479069398e-5
2 2 15 6.0949801009318995e-5
1 1 16 5.6050845101326315e-5
1 2 16 5.247404353212367e-5
2 1 16 3.196244641355665e-5
2 2 16 3.5817933926693365e-5
1 1 17 1.9731269047506304e-5
1 2 17 2.7655961450898522e-5
2 1 17 2.9678239923284947e-5
2 2 17 1.994105035656462e-5
1 1 18 3.3676599991114884e-5
1 2 18 2.0292550893325937e-5
2 1 18 2.7107942922532816e-5
2 2 18 1.5612646498544812e-5
1 1 19 1.0041504619337036e-5
1 2 19 2.3148726793460463e-5
2 1 19 9.858760540449789e-6
2 2 19 2.192701727233199e-5
1 1 20 1.1184041609141407e-5
1 2 20 1.191389310867283e-5
2 1 20 8.373723015975364e-6
2 2 20 1.1703713526483015e-5
