[-2.41421356 -1.         -1.         -0.41421356  0.41421356  1.
  1.          2.41421356]
W: 2.2
num_iter: 0
[-0.54202173 -0.39563228 -0.25028875 -0.12283119  0.12283832  0.25029125
  0.39562349  0.54202089]
localization_length: 2.0353135916968856
2.0382149534651473
num_iter: 1
[-0.54225871 -0.39519896 -0.25009299 -0.12212045  0.12211728  0.25010259
  0.39519993  0.54225131]
localization_length: 2.047212353684494
2.0675531457794762
num_iter: 2
[-0.54307262 -0.39603053 -0.25071238 -0.12204563  0.12204315  0.25071255
  0.3960311   0.54307437]
localization_length: 2.048455744598826
2.0419262524643638
W_list: [2.2]
L_list: [2.0492314505696623]
[-2.41421356 -1.         -1.         -0.41421356  0.41421356  1.
  1.          2.41421356]
W: 2.2
num_iter: 0
[-0.54230679 -0.39600809 -0.25025343 -0.12274823  0.12273661  0.25026172
  0.39601233  0.54230588]
localization_length: 2.036882006076734
2.046113369537261
num_iter: 1
[-0.54280307 -0.39488699 -0.24971308 -0.12229413  0.12229313  0.24971324
  0.39488661  0.54280428]
localization_length: 2.0442684988278734
2.045379381630045
num_iter: 2
[-0.5426756  -0.39493483 -0.25098767 -0.12288732  0.12288361  0.2509825
  0.39494414  0.54267519]
localization_length: 2.0344455083855135
2.0442031818103614
W_list: [2.2]
L_list: [2.0452319776592223]
