W: 2.6
num_iter: 0
[-0.73809304 -0.73809304 -0.73004349 -0.73004349 -0.72088148 -0.72088148
 -0.71038626 -0.71038626 -0.69882959 -0.69882959 -0.68581516 -0.68581516
 -0.67205177 -0.67205177 -0.65685111 -0.65685111 -0.64116805 -0.64116805
 -0.6242108  -0.6242108  -0.60637275 -0.60637275 -0.58774192 -0.58774192
 -0.56776791 -0.56776791 -0.54705578 -0.54705578 -0.52515269 -0.52515269
 -0.50278475 -0.50278475 -0.47896435 -0.47896435 -0.4544652  -0.4544652
 -0.42864882 -0.42864882 -0.40187243 -0.40187243 -0.37394351 -0.37394351
 -0.34513292 -0.34513292 -0.31503543 -0.31503543 -0.28358669 -0.28358669
 -0.25160076 -0.25160076 -0.21864185 -0.21864185 -0.18478273 -0.18478273
 -0.15007992 -0.15007992 -0.11545931 -0.11545931 -0.08070597 -0.08070597
 -0.04596437 -0.04596437 -0.00997935 -0.00997935  0.00997833  0.00997833
  0.04596411  0.04596411  0.08070892  0.08070892  0.11546225  0.11546225
  0.15008069  0.15008069  0.18478273  0.18478273  0.21864347  0.21864347
  0.25160078  0.25160078  0.28359247  0.28359247  0.31503886  0.31503886
  0.34513414  0.34513414  0.37394269  0.37394269  0.40187983  0.40187983
  0.42864994  0.42864994  0.45446305  0.45446305  0.4789652   0.4789652
  0.50278434  0.50278434  0.5251558   0.5251558   0.54705706  0.54705706
  0.56777009  0.56777009  0.5877363   0.5877363   0.60637187  0.60637187
  0.62420348  0.62420348  0.64116044  0.64116044  0.65685213  0.65685213
  0.67205171  0.67205171  0.68581133  0.68581133  0.69883394  0.69883394
  0.71038148  0.71038148  0.72087245  0.72087245  0.73004388  0.73004388
  0.73809641  0.73809641]
localization_length: 3.1317880676285252
3.103558465460758
W_list: [2.6]
L_list: [99.31387089474426]
