W: 2.8
num_iter: 0
[-0.76930076 -0.76930076 -0.75081761 -0.75081761 -0.72722859 -0.72722859
 -0.69901604 -0.69901604 -0.66674907 -0.66674907 -0.6301865  -0.6301865
 -0.58967183 -0.58967183 -0.54527967 -0.54527967 -0.4959451  -0.4959451
 -0.44278316 -0.44278316 -0.38472311 -0.38472311 -0.3217123  -0.3217123
 -0.253204   -0.253204   -0.1825091  -0.1825091  -0.10719178 -0.10719178
 -0.02581785 -0.02581785  0.02581841  0.02581841  0.10719202  0.10719202
  0.18251426  0.18251426  0.25320055  0.25320055  0.3217086   0.3217086
  0.38472027  0.38472027  0.44277985  0.44277985  0.49595265  0.49595265
  0.54528171  0.54528171  0.58967011  0.58967011  0.63018941  0.63018941
  0.66674721  0.66674721  0.69901976  0.69901976  0.72722293  0.72722293
  0.75081867  0.75081867  0.76930008  0.76930008]
localization_length: 2.4208059085579507
2.4422401268046925
W_list: [2.8]
L_list: [39.07584202887508]
