Norm difference: 1.0
Norm difference: 1.0
1 1
1 2
2 1
2 2
1 1
1 2
2 1
2 2
1 1
1 2
2 1
2 2
1 1
1 2
2 1
2 2
1 1
1 2
2 1
2 2
1 1
1 2
2 1
2 2
1 1
1 2
2 1
2 2
1 1
1 2
2 1
2 2
1 1
1 2
2 1
2 2
1 1
1 2
2 1
2 2
1 1
1 2
2 1
2 2
1 1
1 2
2 1
2 2
1 1
1 2
2 1
2 2
1 1
1 2
2 1
2 2
1 1
1 2
2 1
2 2
1 1
1 2
2 1
2 2
1 1
1 2
2 1
2 2
1 1
1 2
2 1
2 2
1 1
1 2
2 1
2 2
1 1
1 2
2 1
2 2
1 1 1 0.005551780545216675
1 2 1 0.007160173077504573
2 1 1 0.01106056434330709
2 2 1 0.003993943067535375
1 1 2 0.005619473245122209
1 2 2 0.004132301248002805
2 1 2 0.004291176671321094
2 2 2 0.005416295220653193
1 1 3 0.0034148105500179035
1 2 3 0.002589327959474117
2 1 3 0.004677285021678383
2 2 3 0.005009161043222221
1 1 4 0.0023905301590548566
1 2 4 0.003870661412346786
2 1 4 0.0029894091197684787
2 2 4 0.002683526687193817
1 1 5 0.0026985646327674336
1 2 5 0.002502828072196689
2 1 5 0.003088873427325745
2 2 5 0.0036390516968297392
1 1 6 0.00250441538727082
1 2 6 0.0027965340807702193
2 1 6 0.0024346916602640007
2 2 6 0.002255296171614142
1 1 7 0.0022071654399411483
1 2 7 0.0016799575934764344
2 1 7 0.002439678160358851
2 2 7 0.003217585321194011
1 1 8 0.0017890177634522532
1 2 8 0.00242708852534586
2 1 8 0.002290461706725947
2 2 8 0.0020256779664811265
1 1 9 0.0014276545159881706
1 2 9 0.0020943746010799987
2 1 9 0.0022419545073001637
2 2 9 0.002084539083156928
1 1 10 0.0014629229507120878
1 2 10 0.0015555814120918905
2 1 10 0.0013876584047687354
2 2 10 0.0016924710483168363
1 1 11 0.0011572215705522274
1 2 11 0.0016572533311076554
2 1 11 0.0012366989219338123
2 2 11 0.0019175181946700522
1 1 12 0.0013552638798093723
1 2 12 0.0011093742144792785
2 1 12 0.0012675741181553703
2 2 12 0.0018812227067488154
1 1 13 0.0010390050540976283
1 2 13 0.001103030782373987
2 1 13 0.0015130974011064763
2 2 13 0.0011948722471434637
1 1 14 0.0009125734841032591
1 2 14 0.0010201489542451397
2 1 14 0.0012248567563964334
2 2 14 0.0013289880063945864
1 1 15 0.0008778225442119637
1 2 15 0.0011402631590054747
2 1 15 0.001162392425248015
2 2 15 0.0010499772863076986
1 1 16 0.0009638541764909247
1 2 16 0.0012079110134200761
2 1 16 0.0012744761482014254
2 2 16 0.0012687140000183345
1 1 17 0.001296405118640179
1 2 17 0.0011335792700266304
2 1 17 0.001097346051334188
2 2 17 0.001234581235614797
1 1 18 0.001169642595916193
1 2 18 0.0010941533995575867
2 1 18 0.0012365270682908197
2 2 18 0.0013273866113608574
1 1 19 0.0008871202643099902
1 2 19 0.0010632770721517191
2 1 19 0.0012594608051783936
2 2 19 0.0011230216786861293
1 1 20 0.0011682207055215288
1 2 20 0.000854260316875341
2 1 20 0.001250361232649896
2 2 20 0.0008619591683045021
