Norm difference: 1.0
Norm difference: 1.0
1 1
1 2
2 1
2 2
1 1
1 2
2 1
2 2
1 1
1 2
2 1
2 2
1 1
1 2
2 1
2 2
1 1
1 2
2 1
2 2
1 1
1 2
2 1
2 2
1 1
1 2
2 1
2 2
1 1
1 2
2 1
2 2
1 1
1 2
2 1
2 2
1 1
1 2
2 1
2 2
1 1
1 2
2 1
2 2
1 1
1 2
2 1
2 2
1 1
1 2
2 1
2 2
1 1
1 2
2 1
2 2
1 1
1 2
2 1
2 2
1 1
1 2
2 1
2 2
1 1
1 2
2 1
2 2
1 1
1 2
2 1
2 2
1 1
1 2
2 1
2 2
1 1
1 2
2 1
2 2
1 1 1 0.00010515659183292225
1 2 1 0.00014355098482924587
2 1 1 0.00013708524267713322
2 2 1 9.108249121582424e-5
1 1 2 0.00011926154518397504
1 2 2 0.00013863168325801232
2 1 2 0.00019373324279143802
2 2 2 0.000200005567315604
1 1 3 0.00011542997740707308
1 2 3 0.00012511974165149595
2 1 3 0.00018692991031087647
2 2 3 0.00024133284088101713
1 1 4 0.00022007835320998967
1 2 4 0.00017951578805615063
2 1 4 0.00036001264753641375
2 2 4 0.00021610222312203045
1 1 5 0.0002449041946450587
1 2 5 0.00022044283060013912
2 1 5 0.0004490873140187158
2 2 5 0.00020605337696052263
1 1 6 0.0002089475505132157
1 2 6 0.0002228182718014006
2 1 6 0.00042462246582395703
2 2 6 0.00045170930321131896
1 1 7 0.00034246563760377525
1 2 7 0.00025737552547378873
2 1 7 0.0004887892833899933
2 2 7 0.00019637492648682774
1 1 8 0.0003858572898303229
1 2 8 0.00033003892138547226
2 1 8 0.00035982456742741806
2 2 8 0.0005038086052432991
1 1 9 0.0003436428316896446
1 2 9 0.0003115722754245714
2 1 9 0.000398042741576363
2 2 9 0.0003865855416052352
1 1 10 0.00042054684157387406
1 2 10 0.0003009226152426765
2 1 10 0.00045122812643954137
2 2 10 0.0004472697832574865
1 1 11 0.00040582938397273666
1 2 11 0.0003282769269980806
2 1 11 0.00034984022076000156
2 2 11 0.0004433607884430953
1 1 12 0.00021541732055245806
1 2 12 0.0003891346773210832
2 1 12 0.0004181878722812553
2 2 12 0.0003941584538585994
1 1 13 0.0003516333457201722
1 2 13 0.0003384029981300486
2 1 13 0.0004890794981632326
2 2 13 0.0003650232176740154
1 1 14 0.0003637906049811291
1 2 14 0.0002697596013827272
2 1 14 0.0003050908135379939
2 2 14 0.0004510850128687523
1 1 15 0.0002816381985575497
1 2 15 0.00034773632591898117
2 1 15 0.0004795462164947445
2 2 15 0.0005900053841137005
1 1 16 0.0003581446170622117
1 2 16 0.00036055955754021423
2 1 16 0.000508144162811286
2 2 16 0.0004719921581129015
1 1 17 0.0004093615786545213
1 2 17 0.0003011702582411487
2 1 17 0.0005715251486096689
2 2 17 0.00061963573358101
1 1 18 0.0002872056319467877
1 2 18 0.0004983629099621898
2 1 18 0.000451919162059334
2 2 18 0.0005598198411013339
1 1 19 0.0003980880307081195
1 2 19 0.0004725020967506031
2 1 19 0.000532508675350526
2 2 19 0.00039868826292150625
1 1 20 0.0004507570956812007
1 2 20 0.0002617314820441041
2 1 20 0.000304591486388871
2 2 20 0.00040554514570372637
