[-2.41421356 -1.         -1.         -0.41421356  0.41421356  1.
  1.          2.41421356]
W: 1.7999999999999998
num_iter: 0
[-0.46885014 -0.45557966 -0.44109648 -0.42646152 -0.41228098 -0.39696692
 -0.38230882 -0.36715956 -0.35258521 -0.33729827 -0.32291037 -0.30796458
 -0.29412616 -0.27946739 -0.26514677 -0.25094235 -0.23693819 -0.22311173
 -0.20890934 -0.1946894  -0.18086784 -0.16737912 -0.15292004 -0.13867341
 -0.12468329 -0.11021302 -0.09550418 -0.08064494 -0.06536108 -0.04973952
 -0.03388606 -0.01693347  0.01694295  0.03387415  0.04974615  0.06535279
  0.08064591  0.09550678  0.1101952   0.12468427  0.13868347  0.15290607
  0.1673932   0.18087229  0.19467866  0.20890546  0.22313256  0.23692389
  0.25093976  0.26513529  0.27947101  0.29411823  0.30797874  0.32291916
  0.33729958  0.35257018  0.36717752  0.38231042  0.39697389  0.4122797
  0.42645325  0.44109545  0.45558322  0.46885058]
localization_length: 1.8454577765398719
1.886485046034976
W_list: [1.7999999999999998]
L_list: [1.886485046034976]
[-2.41421356 -1.         -1.         -0.41421356  0.41421356  1.
  1.          2.41421356]
W: 1.7999999999999998
num_iter: 0
[-0.46874158 -0.45510385 -0.44098452 -0.42690214 -0.41223615 -0.39738516
 -0.38233528 -0.36714193 -0.35220005 -0.33748705 -0.32298047 -0.30812631
 -0.29391899 -0.27973082 -0.26543029 -0.25117975 -0.23679414 -0.22297724
 -0.20870801 -0.19506052 -0.18083283 -0.16693178 -0.15314424 -0.13853207
 -0.12442584 -0.11009232 -0.09599451 -0.08100452 -0.06559933 -0.05022647
 -0.03397652 -0.01725432  0.01724823  0.03396293  0.05024388  0.06560002
  0.08099959  0.09599933  0.11009142  0.12443812  0.13853709  0.15313806
  0.16692376  0.18083222  0.19507252  0.20870477  0.22297026  0.2368011
  0.25118247  0.26543606  0.27972623  0.29391207  0.30812739  0.32298518
  0.33747506  0.35220794  0.36712744  0.38234036  0.3973874   0.41223275
  0.42690956  0.44098695  0.45510621  0.46873262]
localization_length: 1.8117798907500382
1.8283982781763122
W_list: [1.7999999999999998]
L_list: [1.8283982781763122]
