W: 3.0
num_iter: 0
[-0.80881212 -0.80881212 -0.80063843 -0.80063843 -0.79095344 -0.79095344
 -0.77972187 -0.77972187 -0.76795738 -0.76795738 -0.7546642  -0.7546642
 -0.74036329 -0.74036329 -0.72505094 -0.72505094 -0.70848691 -0.70848691
 -0.69085607 -0.69085607 -0.67254958 -0.67254958 -0.65289528 -0.65289528
 -0.63220027 -0.63220027 -0.61056762 -0.61056762 -0.58761045 -0.58761045
 -0.56334345 -0.56334345 -0.53860879 -0.53860879 -0.51168793 -0.51168793
 -0.48437979 -0.48437979 -0.45553383 -0.45553383 -0.42553731 -0.42553731
 -0.39388147 -0.39388147 -0.36082572 -0.36082572 -0.32680514 -0.32680514
 -0.29163741 -0.29163741 -0.25494478 -0.25494478 -0.21724104 -0.21724104
 -0.17821288 -0.17821288 -0.13930271 -0.13930271 -0.09940231 -0.09940231
 -0.05880337 -0.05880337 -0.01520578 -0.01520578  0.01520472  0.01520472
  0.05880185  0.05880185  0.09940526  0.09940526  0.13929996  0.13929996
  0.17821066  0.17821066  0.21723824  0.21723824  0.25494891  0.25494891
  0.29163344  0.29163344  0.32680189  0.32680189  0.36083391  0.36083391
  0.39387615  0.39387615  0.42553858  0.42553858  0.45553991  0.45553991
  0.48438057  0.48438057  0.51169168  0.51169168  0.5386103   0.5386103
  0.56335134  0.56335134  0.58761164  0.58761164  0.61056518  0.61056518
  0.63220403  0.63220403  0.652891    0.652891    0.67254662  0.67254662
  0.69085157  0.69085157  0.70847993  0.70847993  0.72504343  0.72504343
  0.74036269  0.74036269  0.75467181  0.75467181  0.76795907  0.76795907
  0.7797189   0.7797189   0.79095764  0.79095764  0.80063942  0.80063942
  0.8088113   0.8088113 ]
localization_length: 2.0552832284595897
1.9974173887605038
W_list: [3.0]
L_list: [63.91735644033612]
