Norm difference: 1.0
Norm difference: 1.0
1 1
1 2
2 1
2 2
1 1
1 2
2 1
2 2
1 1
1 2
2 1
2 2
1 1
1 2
2 1
2 2
1 1
1 2
2 1
2 2
1 1
1 2
2 1
2 2
1 1
1 2
2 1
2 2
1 1
1 2
2 1
2 2
1 1
1 2
2 1
2 2
1 1
1 2
2 1
2 2
1 1
1 2
2 1
2 2
1 1
1 2
2 1
2 2
1 1
1 2
2 1
2 2
1 1
1 2
2 1
2 2
1 1
1 2
2 1
2 2
1 1
1 2
2 1
2 2
1 1
1 2
2 1
2 2
1 1
1 2
2 1
2 2
1 1
1 2
2 1
2 2
1 1
1 2
2 1
2 2
1 1 1 0.010163066335708161
1 2 1 0.010530656609808123
2 1 1 0.011663921901411687
2 2 1 0.008547173576434641
1 1 2 0.008171855436638249
1 2 2 0.010897862958608317
2 1 2 0.014071291099347483
2 2 2 0.011415506635982679
1 1 3 0.009635330356064661
1 2 3 0.010474431774552342
2 1 3 0.009255299856838737
2 2 3 0.010860661227597004
1 1 4 0.01063574137282961
1 2 4 0.009917457200482684
2 1 4 0.009332299773570082
2 2 4 0.012214446226867803
1 1 5 0.007257081839751317
1 2 5 0.008259321290924361
2 1 5 0.008369753243411267
2 2 5 0.01146132309151578
1 1 6 0.006573246282163855
1 2 6 0.009535903601992884
2 1 6 0.010255736430941423
2 2 6 0.009167769835334306
1 1 7 0.008203628125004612
1 2 7 0.009050363978266359
2 1 7 0.007708723971096015
2 2 7 0.008584144364747769
1 1 8 0.00708636975437719
1 2 8 0.007426939606383434
2 1 8 0.006953645272394645
2 2 8 0.008833939076646601
1 1 9 0.004986780542382055
1 2 9 0.004889261258419012
2 1 9 0.007211153833542948
2 2 9 0.007486447829403724
1 1 10 0.005119203426410902
1 2 10 0.006234486281331122
2 1 10 0.005798892312573198
2 2 10 0.006610635656131039
1 1 11 0.005343489406053326
1 2 11 0.006096537138124606
2 1 11 0.0055560588145772615
2 2 11 0.004604496578407558
1 1 12 0.005191141487741288
1 2 12 0.004404671500542053
2 1 12 0.004526600794533058
2 2 12 0.005672007282074435
1 1 13 0.0032399123710533237
1 2 13 0.004007835676850804
2 1 13 0.0045225765432548495
2 2 13 0.005048569536184093
1 1 14 0.0034197063886692385
1 2 14 0.004528575966451428
2 1 14 0.004720903664324036
2 2 14 0.003904365949261956
1 1 15 0.003943000706090489
1 2 15 0.004543797513501412
2 1 15 0.002671416169372991
2 2 15 0.00452001414253265
1 1 16 0.003892813808029919
1 2 16 0.003103327824572729
2 1 16 0.0035981451096347935
2 2 16 0.004030040266180161
1 1 17 0.0032428299004966374
1 2 17 0.003197198435775629
2 1 17 0.0038596046152046502
2 2 17 0.004180744285463491
1 1 18 0.0026579237666962295
1 2 18 0.0034021304731721943
2 1 18 0.0026715442001441483
2 2 18 0.002712806603721013
1 1 19 0.0028441144097289843
1 2 19 0.003555075991120835
2 1 19 0.0035296805805270703
2 2 19 0.003269373357756853
1 1 20 0.0032380379820019776
1 2 20 0.003415280296755572
2 1 20 0.003213527759696784
2 2 20 0.0031855518869425845
