Norm difference: 1.0
Norm difference: 1.0
1 1
1 2
1 3
2 1
2 2
2 3
3 1
3 2
3 3
1 1
1 2
1 3
2 1
2 2
2 3
3 1
3 2
3 3
1 1
1 2
1 3
2 1
2 2
2 3
3 1
3 2
3 3
1 1
1 2
1 3
2 1
2 2
2 3
3 1
3 2
3 3
1 1
1 2
1 3
2 1
2 2
2 3
3 1
3 2
3 3
1 1
1 2
1 3
2 1
2 2
2 3
3 1
3 2
3 3
1 1
1 2
1 3
2 1
2 2
2 3
3 1
3 2
3 3
1 1
1 2
1 3
2 1
2 2
2 3
3 1
3 2
3 3
1 1
1 2
1 3
2 1
2 2
2 3
3 1
3 2
3 3
1 1
1 2
1 3
2 1
2 2
2 3
3 1
3 2
3 3
1 1
1 2
1 3
2 1
2 2
2 3
3 1
3 2
3 3
1 1
1 2
1 3
2 1
2 2
2 3
3 1
3 2
3 3
1 1
1 2
1 3
2 1
2 2
2 3
3 1
3 2
3 3
1 1
1 2
1 3
2 1
2 2
2 3
3 1
3 2
3 3
1 1
1 2
1 3
2 1
2 2
2 3
3 1
3 2
3 3
1 1
1 2
1 3
2 1
2 2
2 3
3 1
3 2
3 3
1 1
1 2
1 3
2 1
2 2
2 3
3 1
3 2
3 3
1 1
1 2
1 3
2 1
2 2
2 3
3 1
3 2
3 3
1 1
1 2
1 3
2 1
2 2
2 3
3 1
3 2
3 3
1 1
1 2
1 3
2 1
2 2
2 3
3 1
3 2
3 3
1 1 1 0.003255718557751655
1 2 1 0.0019354811395892791
1 3 1 0.002391740781778867
2 1 1 0.0010853855671621323
2 2 1 0.0011134628427194176
2 3 1 0.0012785569988166107
3 1 1 0.002356485019828624
3 2 1 0.0014023547565965272
3 3 1 0.001789063866990398
1 1 2 0.0026521848629307435
1 2 2 0.0015892375116972081
1 3 2 0.0021736095040202083
2 1 2 0.0012974782116857476
2 2 2 0.0009874047205486712
2 3 2 0.0014783553660242688
3 1 2 0.001969533744851077
3 2 2 0.0012339602489528085
3 3 2 0.0022146830722795325
1 1 3 0.0027369431990284967
1 2 3 0.001807421493613514
1 3 3 0.002573471628925199
2 1 3 0.001080086067809776
2 2 3 0.0009392778244122789
2 3 3 0.0011918312976393385
3 1 3 0.002142557385425939
3 2 3 0.0010831017663206397
3 3 3 0.0019407047966820677
1 1 4 0.0018466843793083342
1 2 4 0.0013543652056197237
1 3 4 0.0020700278197055637
2 1 4 0.0008532429237172121
2 2 4 0.0008457425019441245
2 3 4 0.0010748391116031355
3 1 4 0.001651914337721963
3 2 4 0.0010363794948608051
3 3 4 0.0017187176241284748
1 1 5 0.0019092785498837747
1 2 5 0.0010645962300382657
1 3 5 0.0021013649343769544
2 1 5 0.0012412908605890722
2 2 5 0.0007408768450637779
2 3 5 0.0010359932468948655
3 1 5 0.0016919478562117635
3 2 5 0.000908872872518348
3 3 5 0.001361528752522798
1 1 6 0.001961627825173288
1 2 6 0.000965775488985413
1 3 6 0.0019829476022952346
2 1 6 0.0010890824001384405
2 2 6 0.0006079251987168262
2 3 6 0.0011149615682295023
3 1 6 0.0014486781516017007
3 2 6 0.0009903004442125022
3 3 6 0.0015111313175122719
1 1 7 0.0016463341308256105
1 2 7 0.0009585674927418781
1 3 7 0.0014338678948627697
2 1 7 0.0007182671014997541
2 2 7 0.0005921186959647631
2 3 7 0.0008360039345986739
3 1 7 0.0017905210968972112
3 2 7 0.0007669141928198844
3 3 7 0.0012952026227983572
1 1 8 0.001892337221149652
1 2 8 0.0007130951685748685
1 3 8 0.0016807659410077503
2 1 8 0.000987426212254646
2 2 8 0.0005855098372018546
2 3 8 0.0010143852154632998
3 1 8 0.0014534109160890196
3 2 8 0.0009198911029817854
3 3 8 0.0014354197286382988
1 1 9 0.0017549409929566487
1 2 9 0.0009561052314238487
1 3 9 0.001988055551447011
2 1 9 0.0009702204770916125
2 2 9 0.0006400858915783698
2 3 9 0.0012400348210772616
3 1 9 0.0011686198838839871
3 2 9 0.0009672090609105982
3 3 9 0.0015858540917142246
1 1 10 0.0015430348618870274
1 2 10 0.0009786099621591406
1 3 10 0.0015312655114209106
2 1 10 0.0007666426806131169
2 2 10 0.0007285236595465296
2 3 10 0.0009407324117852821
3 1 10 0.0013256690200124516
3 2 10 0.000699169848129933
3 3 10 0.0014072943800230264
1 1 11 0.0016494982738176026
1 2 11 0.000839846185311789
1 3 11 0.0018679849649797756
2 1 11 0.0008549341830509387
2 2 11 0.0006382265725567212
2 3 11 0.0010226938277223233
3 1 11 0.0012714635116854722
3 2 11 0.0007364064743967268
3 3 11 0.0016861015811747422
1 1 12 0.001728649508444223
1 2 12 0.001133924082849599
1 3 12 0.0018881236048593208
2 1 12 0.000895738525136542
2 2 12 0.0007677448440006627
2 3 12 0.001118890929602601
3 1 12 0.0014754876357516164
3 2 12 0.0007810123176270623
3 3 12 0.0013105762819739992
1 1 13 0.0017556452435848638
1 2 13 0.0008881924737077579
1 3 13 0.0017681433262260852
2 1 13 0.0009122336288418029
2 2 13 0.0004747573860664209
2 3 13 0.0008220581231535703
3 1 13 0.001339198590323284
3 2 13 0.0009100210255202138
3 3 13 0.00132259049676384
1 1 14 0.0015623113948542461
1 2 14 0.001015641387886576
1 3 14 0.0017381115632303958
2 1 14 0.0009964317319388673
2 2 14 0.0005268343274090603
2 3 14 0.0009402360691594428
3 1 14 0.0012665053871965145
3 2 14 0.0007172584004107113
3 3 14 0.0011526394689338425
1 1 15 0.0014700332394262672
1 2 15 0.0012505329745308657
1 3 15 0.0015753867637071158
2 1 15 0.0007768165469521286
2 2 15 0.0008325516233875787
2 3 15 0.0007752557009261923
3 1 15 0.001185012261278871
3 2 15 0.0009829586899044803
3 3 15 0.0011754739155897382
1 1 16 0.0014609851876614057
1 2 16 0.0010394766325815985
1 3 16 0.0016664051913997356
2 1 16 0.0007397054881459928
2 2 16 0.0004814050990534758
2 3 16 0.0007302138907934479
3 1 16 0.0011262027852237387
3 2 16 0.0007395020028122618
3 3 16 0.0012490598123727167
1 1 17 0.001248066244609315
1 2 17 0.0009421283593062963
1 3 17 0.0014297735739893336
2 1 17 0.0006763510368631244
2 2 17 0.0005120332224270096
2 3 17 0.0008119191002487685
3 1 17 0.0008194250644511993
3 2 17 0.0009266205407007348
3 3 17 0.0011979394537479935
1 1 18 0.0009652750612428512
1 2 18 0.0010634618982484488
1 3 18 0.0012293085607122198
2 1 18 0.0005219515931153124
2 2 18 0.0004684288655764024
2 3 18 0.0005938336157698653
3 1 18 0.0007661422626148813
3 2 18 0.0006420684034354135
3 3 18 0.0010551441080971654
1 1 19 0.000826627741275464
1 2 19 0.000887339349446295
1 3 19 0.0010446841990838858
2 1 19 0.0004961993287249528
2 2 19 0.0004506263610243055
2 3 19 0.0005674366797686671
3 1 19 0.0008405583870295839
3 2 19 0.0008127073731698332
3 3 19 0.0008567715993206493
1 1 20 0.0007707610741481118
1 2 20 0.000723668643316852
1 3 20 0.001041276056049394
2 1 20 0.00035410103376552673
2 2 20 0.0004631717114718228
2 3 20 0.0003694386293328843
3 1 20 0.0005778315336357109
3 2 20 0.0005559408466343782
3 3 20 0.000714754869356889
