W: 3.6
num_iter: 0
[-1.07978185 -1.07978185 -1.05195471 -1.05195471 -1.01914493 -1.01914493
 -0.98118929 -0.98118929 -0.93883389 -0.93883389 -0.89087883 -0.89087883
 -0.83749279 -0.83749279 -0.77936468 -0.77936468 -0.71532244 -0.71532244
 -0.64611037 -0.64611037 -0.57153617 -0.57153617 -0.48935739 -0.48935739
 -0.40038764 -0.40038764 -0.30476349 -0.30476349 -0.20183909 -0.20183909
 -0.07999336 -0.07999336  0.07999458  0.07999458  0.20184081  0.20184081
  0.30475418  0.30475418  0.40039042  0.40039042  0.48935976  0.48935976
  0.57152821  0.57152821  0.64611022  0.64611022  0.71531707  0.71531707
  0.77936484  0.77936484  0.83749702  0.83749702  0.89088115  0.89088115
  0.93883666  0.93883666  0.98118799  0.98118799  1.01914552  1.01914552
  1.05196217  1.05196217  1.07978034  1.07978034]
localization_length: 0.781314812899415
0.7790596735202013
W_list: [3.6]
L_list: [12.464954776323221]
