W: 3.4000000000000004
num_iter: 0
[-0.92857501 -0.92857501 -0.91825801 -0.91825801 -0.90696878 -0.90696878
 -0.89436132 -0.89436132 -0.8809579  -0.8809579  -0.86556957 -0.86556957
 -0.84981659 -0.84981659 -0.83260325 -0.83260325 -0.81412248 -0.81412248
 -0.79489311 -0.79489311 -0.77403696 -0.77403696 -0.75214099 -0.75214099
 -0.72917101 -0.72917101 -0.70507926 -0.70507926 -0.6800536  -0.6800536
 -0.65318751 -0.65318751 -0.62569765 -0.62569765 -0.59650476 -0.59650476
 -0.56612609 -0.56612609 -0.53416051 -0.53416051 -0.50135214 -0.50135214
 -0.46636601 -0.46636601 -0.42987446 -0.42987446 -0.3920359  -0.3920359
 -0.35257598 -0.35257598 -0.31160359 -0.31160359 -0.268984   -0.268984
 -0.22453386 -0.22453386 -0.17899738 -0.17899738 -0.13199837 -0.13199837
 -0.08327216 -0.08327216 -0.02852141 -0.02852141  0.02852035  0.02852035
  0.08327947  0.08327947  0.13200446  0.13200446  0.17899645  0.17899645
  0.22452989  0.22452989  0.26897835  0.26897835  0.31159622  0.31159622
  0.35256926  0.35256926  0.39203287  0.39203287  0.42987293  0.42987293
  0.46636755  0.46636755  0.50135927  0.50135927  0.53416058  0.53416058
  0.56612818  0.56612818  0.59650813  0.59650813  0.6256993   0.6256993
  0.65318779  0.65318779  0.68005065  0.68005065  0.70507958  0.70507958
  0.72917071  0.72917071  0.75213238  0.75213238  0.77402976  0.77402976
  0.79489113  0.79489113  0.81412469  0.81412469  0.83260807  0.83260807
  0.84982022  0.84982022  0.86557015  0.86557015  0.88095902  0.88095902
  0.89436821  0.89436821  0.90697336  0.90697336  0.91825496  0.91825496
  0.92857565  0.92857565]
localization_length: 1.0957089539520768
1.089520345903195
W_list: [3.4000000000000004]
L_list: [34.86465106890224]
