W: 3.8
num_iter: 0
[-0.93408101 -0.93408101 -0.88370644 -0.88370644 -0.81616286 -0.81616286
 -0.72922886 -0.72922886 -0.62210769 -0.62210769 -0.48785126 -0.48785126
 -0.32365487 -0.32365487 -0.1121128  -0.1121128   0.1121101   0.1121101
  0.32365368  0.32365368  0.48785728  0.48785728  0.62210212  0.62210212
  0.72922802  0.72922802  0.81616102  0.81616102  0.88371194  0.88371194
  0.93408163  0.93408163]
localization_length: 1.1149753739574155
1.1161154141950096
W_list: [3.8]
L_list: [8.928923313560077]
