W: 2.6
num_iter: 0
[-0.73447496 -0.73447496 -0.7159997  -0.7159997  -0.69251658 -0.69251658
 -0.66480707 -0.66480707 -0.63318828 -0.63318828 -0.59745815 -0.59745815
 -0.55726326 -0.55726326 -0.51426026 -0.51426026 -0.46672037 -0.46672037
 -0.41604069 -0.41604069 -0.36006321 -0.36006321 -0.2994096  -0.2994096
 -0.23523285 -0.23523285 -0.16780257 -0.16780257 -0.0972202  -0.0972202
 -0.02250817 -0.02250817  0.02250934  0.02250934  0.09722127  0.09722127
  0.16780447  0.16780447  0.2352297   0.2352297   0.29940796  0.29940796
  0.36006044  0.36006044  0.41604546  0.41604546  0.4667249   0.4667249
  0.51425697  0.51425697  0.55726676  0.55726676  0.59745943  0.59745943
  0.63318786  0.63318786  0.66480703  0.66480703  0.69251387  0.69251387
  0.71599528  0.71599528  0.73447518  0.73447518]
localization_length: 2.7767699532645103
2.875915902674068
W_list: [2.6]
L_list: [46.01465444278509]
