Norm difference: 1.0
Norm difference: 1.0
1 1
1 2
1 3
2 1
2 2
2 3
3 1
3 2
3 3
1 1
1 2
1 3
2 1
2 2
2 3
3 1
3 2
3 3
1 1
1 2
1 3
2 1
2 2
2 3
3 1
3 2
3 3
1 1
1 2
1 3
2 1
2 2
2 3
3 1
3 2
3 3
1 1
1 2
1 3
2 1
2 2
2 3
3 1
3 2
3 3
1 1
1 2
1 3
2 1
2 2
2 3
3 1
3 2
3 3
1 1
1 2
1 3
2 1
2 2
2 3
3 1
3 2
3 3
1 1
1 2
1 3
2 1
2 2
2 3
3 1
3 2
3 3
1 1
1 2
1 3
2 1
2 2
2 3
3 1
3 2
3 3
1 1
1 2
1 3
2 1
2 2
2 3
3 1
3 2
3 3
1 1
1 2
1 3
2 1
2 2
2 3
3 1
3 2
3 3
1 1
1 2
1 3
2 1
2 2
2 3
3 1
3 2
3 3
1 1
1 2
1 3
2 1
2 2
2 3
3 1
3 2
3 3
1 1
1 2
1 3
2 1
2 2
2 3
3 1
3 2
3 3
1 1
1 2
1 3
2 1
2 2
2 3
3 1
3 2
3 3
1 1
1 2
1 3
2 1
2 2
2 3
3 1
3 2
3 3
1 1
1 2
1 3
2 1
2 2
2 3
3 1
3 2
3 3
1 1
1 2
1 3
2 1
2 2
2 3
3 1
3 2
3 3
1 1
1 2
1 3
2 1
2 2
2 3
3 1
3 2
3 3
1 1
1 2
1 3
2 1
2 2
2 3
3 1
3 2
3 3
1 1 1 0.0057625432049257085
1 2 1 0.004103744541627871
1 3 1 0.005248205988167873
2 1 1 0.005074359647574682
2 2 1 0.0040469033128484625
2 3 1 0.005084409341256857
3 1 1 0.005487999962745717
3 2 1 0.0047602750169424305
3 3 1 0.0070970630432977385
1 1 2 0.004876050241689625
1 2 2 0.005764004655433153
1 3 2 0.006382014898303352
2 1 2 0.00459008605791753
2 2 2 0.004534555172561526
2 3 2 0.005644788783577779
3 1 2 0.005755592994570242
3 2 2 0.00514556368739304
3 3 2 0.008220641244742885
1 1 3 0.006338904708927331
1 2 3 0.005098403608466575
1 3 3 0.006733948613893892
2 1 3 0.004766487369520592
2 2 3 0.00440643601775075
2 3 3 0.005544088223364004
3 1 3 0.00761234277146598
3 2 3 0.00531553863778451
3 3 3 0.007474563739652601
1 1 4 0.006173554671182911
1 2 4 0.004985483626890975
1 3 4 0.0069795977920121795
2 1 4 0.005804899373757338
2 2 4 0.0048136468105315225
2 3 4 0.006017618218198996
3 1 4 0.008036990758995534
3 2 4 0.005693921089589144
3 3 4 0.006887836561815665
1 1 5 0.005529140342179879
1 2 5 0.00411703257094503
1 3 5 0.005865347267146261
2 1 5 0.0054299862202352375
2 2 5 0.0047034411197686594
2 3 5 0.005750022704009749
3 1 5 0.00844951341089118
3 2 5 0.0051120913451688805
3 3 5 0.007382048094874619
1 1 6 0.006250411771988972
1 2 6 0.004167575544314985
1 3 6 0.006609826831616844
2 1 6 0.0071766365401481486
2 2 6 0.004778224194356019
2 3 6 0.00639120618239839
3 1 6 0.010053145345068784
3 2 6 0.005132014808718449
3 3 6 0.006975508209375031
1 1 7 0.007528181103778282
1 2 7 0.0048645609480476625
1 3 7 0.006654071370479455
2 1 7 0.0066914231672130856
2 2 7 0.0037923071459014454
2 3 7 0.006199779769427254
3 1 7 0.008753168990365823
3 2 7 0.0049662483767558
3 3 7 0.008253670863004606
1 1 8 0.007802963160163709
1 2 8 0.006106025585261549
1 3 8 0.0065252088037386965
2 1 8 0.006577727343779274
2 2 8 0.004001838135988216
2 3 8 0.005341383066340441
3 1 8 0.009547347099149301
3 2 8 0.00554297930734012
3 3 8 0.00682006322941218
1 1 9 0.0072016600011873075
1 2 9 0.004492352756052863
1 3 9 0.006879572692809277
2 1 9 0.006639410368889617
2 2 9 0.00513047349013007
2 3 9 0.005997912401056504
3 1 9 0.008053733799868068
3 2 9 0.006009298242934104
3 3 9 0.007735968001705082
1 1 10 0.008051108666512688
1 2 10 0.003498205951313005
1 3 10 0.006983432387352116
2 1 10 0.007327908821516476
2 2 10 0.004804881351832036
2 3 10 0.00741856685862461
3 1 10 0.007968737394154081
3 2 10 0.004710510228423509
3 3 10 0.00889551070261339
1 1 11 0.009009916546573378
1 2 11 0.004187326146944277
1 3 11 0.006541975735795976
2 1 11 0.005973161453723646
2 2 11 0.003898218612094902
2 3 11 0.006898910196971575
3 1 11 0.00834264821122203
3 2 11 0.005340190763980487
3 3 11 0.007346464577145108
1 1 12 0.009222992132057881
1 2 12 0.00601622457831758
1 3 12 0.005729945615128261
2 1 12 0.006560563686520575
2 2 12 0.004706533363537155
2 3 12 0.006508658578604033
3 1 12 0.008366948205560335
3 2 12 0.0059179229298422995
3 3 12 0.007887788301371634
1 1 13 0.0076864330792548756
1 2 13 0.006259737326790971
1 3 13 0.006533294037517535
2 1 13 0.007584207748643821
2 2 13 0.004825097130597804
2 3 13 0.006701496629839961
3 1 13 0.00919946844132909
3 2 13 0.006710085030541518
3 3 13 0.007146565785916059
1 1 14 0.00686110694334052
1 2 14 0.005348560906831947
1 3 14 0.007243478213899107
2 1 14 0.00743877469969616
2 2 14 0.006162955244891283
2 3 14 0.006821238122926931
3 1 14 0.008619814072332846
3 2 14 0.006963487241171251
3 3 14 0.008270893320387574
1 1 15 0.006697064371567992
1 2 15 0.005101812160024878
1 3 15 0.007683046676867903
2 1 15 0.007191676427943283
2 2 15 0.005808261181678502
2 3 15 0.00596379915403657
3 1 15 0.008679100022657227
3 2 15 0.006093006637527343
3 3 15 0.007442213979484731
1 1 16 0.006598346545441507
1 2 16 0.00648997116174873
1 3 16 0.006836631552904921
2 1 16 0.007952374016125235
2 2 16 0.005544356858203248
2 3 16 0.00765509604247217
3 1 16 0.009353284136838478
3 2 16 0.0074110552617133296
3 3 16 0.007140128505918485
1 1 17 0.006284552541617488
1 2 17 0.006899910247316489
1 3 17 0.005767832959802559
2 1 17 0.007754229739616175
2 2 17 0.005713705400594836
2 3 17 0.006979747810147578
3 1 17 0.009394802716147486
3 2 17 0.00726878172171673
3 3 17 0.006847834518297681
1 1 18 0.007502912882976442
1 2 18 0.006955893357992753
1 3 18 0.007797372987375481
2 1 18 0.008650016407370214
2 2 18 0.006529748676975426
2 3 18 0.004183926767460614
3 1 18 0.009569406685636736
3 2 18 0.00880284487427914
3 3 18 0.006220485491486524
1 1 19 0.007423308669159708
1 2 19 0.006216584174678569
1 3 19 0.006898253946005096
2 1 19 0.009295902417511584
2 2 19 0.007439752564903193
2 3 19 0.007479991877241967
3 1 19 0.00810810179693814
3 2 19 0.008519125706455915
3 3 19 0.008696009086136429
1 1 20 0.00853844658384477
1 2 20 0.007817038023894
1 3 20 0.005163203218488571
2 1 20 0.0077436958990390785
2 2 20 0.0071882413302639765
2 3 20 0.00755287537943391
3 1 20 0.008242569360123136
3 2 20 0.008168986375677504
3 3 20 0.007842513149572107
