Norm difference: 1.0
Norm difference: 1.0
1 1
1 2
1 3
2 1
2 2
2 3
3 1
3 2
3 3
1 1
1 2
1 3
2 1
2 2
2 3
3 1
3 2
3 3
1 1
1 2
1 3
2 1
2 2
2 3
3 1
3 2
3 3
1 1
1 2
1 3
2 1
2 2
2 3
3 1
3 2
3 3
1 1
1 2
1 3
2 1
2 2
2 3
3 1
3 2
3 3
1 1
1 2
1 3
2 1
2 2
2 3
3 1
3 2
3 3
1 1
1 2
1 3
2 1
2 2
2 3
3 1
3 2
3 3
1 1
1 2
1 3
2 1
2 2
2 3
3 1
3 2
3 3
1 1
1 2
1 3
2 1
2 2
2 3
3 1
3 2
3 3
1 1
1 2
1 3
2 1
2 2
2 3
3 1
3 2
3 3
1 1
1 2
1 3
2 1
2 2
2 3
3 1
3 2
3 3
1 1
1 2
1 3
2 1
2 2
2 3
3 1
3 2
3 3
1 1
1 2
1 3
2 1
2 2
2 3
3 1
3 2
3 3
1 1
1 2
1 3
2 1
2 2
2 3
3 1
3 2
3 3
1 1
1 2
1 3
2 1
2 2
2 3
3 1
3 2
3 3
1 1
1 2
1 3
2 1
2 2
2 3
3 1
3 2
3 3
1 1
1 2
1 3
2 1
2 2
2 3
3 1
3 2
3 3
1 1
1 2
1 3
2 1
2 2
2 3
3 1
3 2
3 3
1 1
1 2
1 3
2 1
2 2
2 3
3 1
3 2
3 3
1 1
1 2
1 3
2 1
2 2
2 3
3 1
3 2
3 3
1 1 1 0.00938285989491859
1 2 1 0.008068724428618399
1 3 1 0.006007989187564312
2 1 1 0.008254472754476225
2 2 1 0.0069904347912253225
2 3 1 0.00744329202216089
3 1 1 0.0061611750302847604
3 2 1 0.003932263301955656
3 3 1 0.004732568316144016
1 1 2 0.009229770745317823
1 2 2 0.007453908843631484
1 3 2 0.007364138982652597
2 1 2 0.008386686558366108
2 2 2 0.005352494827768804
2 3 2 0.005639746193318721
3 1 2 0.006416314042326017
3 2 2 0.0058446584246658415
3 3 2 0.006138374894374247
1 1 3 0.008276263428172495
1 2 3 0.007358985239730468
1 3 3 0.006342445929519483
2 1 3 0.0069879970414671285
2 2 3 0.007103785798058648
2 3 3 0.006506998947575926
3 1 3 0.00594321673235749
3 2 3 0.006159236328382072
3 3 3 0.004827195461257761
1 1 4 0.006835387078460731
1 2 4 0.00781649896981123
1 3 4 0.007708961873429862
2 1 4 0.007928193122011616
2 2 4 0.006637663574610739
2 3 4 0.006176319197019345
3 1 4 0.0043765767264008805
3 2 4 0.00478321784560306
3 3 4 0.004800672005632688
1 1 5 0.006844148449341796
1 2 5 0.006173950834939506
1 3 5 0.008370726105796115
2 1 5 0.006729679390898651
2 2 5 0.0054652996890318575
2 3 5 0.006172459287498113
3 1 5 0.004973550621510693
3 2 5 0.004476433445252776
3 3 5 0.00612028971529915
1 1 6 0.007365866073318232
1 2 6 0.006625654159324505
1 3 6 0.007100309780074055
2 1 6 0.006309466540598356
2 2 6 0.005394426154154126
2 3 6 0.00733124892494479
3 1 6 0.005643619042076714
3 2 6 0.004957970330140017
3 3 6 0.004767955792199805
1 1 7 0.007119915292784745
1 2 7 0.006362273941265761
1 3 7 0.0067236825199420746
2 1 7 0.006842613344175083
2 2 7 0.005703009969892196
2 3 7 0.0067501025458965355
3 1 7 0.0059827622243297865
3 2 7 0.00428791882831052
3 3 7 0.005090509676459279
1 1 8 0.007288291289313013
1 2 8 0.005440296537957736
1 3 8 0.006294934248521898
2 1 8 0.006832225772763757
2 2 8 0.005258756587411686
2 3 8 0.006416485829544527
3 1 8 0.005989545615115681
3 2 8 0.0036429354311361484
3 3 8 0.0045068391930386765
1 1 9 0.007120656532117806
1 2 9 0.005419564460425829
1 3 9 0.006098383891221122
2 1 9 0.006384956519491504
2 2 9 0.003963368009704117
2 3 9 0.005868651376768826
3 1 9 0.0050835107963819945
3 2 9 0.004497288461345891
3 3 9 0.004121488974403281
1 1 10 0.00809997059561699
1 2 10 0.005535949430390508
1 3 10 0.00691474236957141
2 1 10 0.006244872822564906
2 2 10 0.004487389775930812
2 3 10 0.00532798201611466
3 1 10 0.0055288126007818125
3 2 10 0.003980392758541757
3 3 10 0.004975567078526489
1 1 11 0.00797957851435149
1 2 11 0.004798980189676688
1 3 11 0.005551745482964826
2 1 11 0.005566164021759422
2 2 11 0.005612389306293837
2 3 11 0.00580975790926541
3 1 11 0.0049183601847713285
3 2 11 0.0035620380702796072
3 3 11 0.0037643366399578194
1 1 12 0.006938877852155091
1 2 12 0.006115939657000678
1 3 12 0.006566629543163403
2 1 12 0.005890441838064149
2 2 12 0.0038562613548925734
2 3 12 0.005753108505024092
3 1 12 0.004675446811176611
3 2 12 0.005423537010124777
3 3 12 0.006397330994143083
1 1 13 0.007047462473370196
1 2 13 0.006163997500267675
1 3 13 0.006803861595044211
2 1 13 0.004931892796899962
2 2 13 0.005082362926199037
2 3 13 0.005929893300275707
3 1 13 0.005499148929128972
3 2 13 0.0051070210427409165
3 3 13 0.005239372956906324
1 1 14 0.006869770610686367
1 2 14 0.005437053115713425
1 3 14 0.007187725462359407
2 1 14 0.005808378361779254
2 2 14 0.0054635970345384725
2 3 14 0.006557751999283626
3 1 14 0.004716472817148801
3 2 14 0.004730834533055945
3 3 14 0.006237323801836366
1 1 15 0.005971489126207742
1 2 15 0.0066236711762479045
1 3 15 0.007367330506965829
2 1 15 0.005965895227694152
2 2 15 0.005451070678488135
2 3 15 0.0060097914487201864
3 1 15 0.004781527037931053
3 2 15 0.004591273707505487
3 3 15 0.005493023938392617
1 1 16 0.0057850652572740665
1 2 16 0.006476843377824289
1 3 16 0.007774248562599516
2 1 16 0.005560802597411645
2 2 16 0.005305946094581628
2 3 16 0.006524196343286365
3 1 16 0.003511601844396802
3 2 16 0.003722990395978338
3 3 16 0.004192674492082259
1 1 17 0.006051016565451147
1 2 17 0.007220231211356712
1 3 17 0.007189377196351321
2 1 17 0.004118617021714629
2 2 17 0.004633204395821712
2 3 17 0.005145560804699976
3 1 17 0.004474633767445281
3 2 17 0.006170961823816355
3 3 17 0.004942132000282509
1 1 18 0.00568706984545825
1 2 18 0.006170329160032708
1 3 18 0.006811343398359096
2 1 18 0.005157832152155026
2 2 18 0.006292515481801472
2 3 18 0.005371062064098074
3 1 18 0.004788551562440525
3 2 18 0.0042911453345415625
3 3 18 0.004860630330226276
1 1 19 0.005106480455919231
1 2 19 0.00656739724015179
1 3 19 0.006650589835461998
2 1 19 0.005848985640216853
2 2 19 0.005729080001692797
2 3 19 0.006141702215643371
3 1 19 0.003560874699485887
3 2 19 0.004641805187869325
3 3 19 0.006669657294198943
1 1 20 0.005060202880254688
1 2 20 0.006247494629779902
1 3 20 0.006786273906449062
2 1 20 0.004651409511341348
2 2 20 0.0051434784446145266
2 3 20 0.007243221415373801
3 1 20 0.0034305597744170987
3 2 20 0.0034123208392732285
3 3 20 0.004388188751761879
