W: 2.8
num_iter: 0
[-0.76276725 -0.76276725 -0.71521005 -0.71521005 -0.65017272 -0.65017272
 -0.56968101 -0.56968101 -0.47078461 -0.47078461 -0.35483531 -0.35483531
 -0.21738321 -0.21738321 -0.05474524 -0.05474524  0.05474379  0.05474379
  0.21738323  0.21738323  0.35483815  0.35483815  0.47078753  0.47078753
  0.56968106  0.56968106  0.65016952  0.65016952  0.71520876  0.71520876
  0.76276736  0.76276736]
localization_length: 2.283363932306932
2.248656325098772
W_list: [2.8]
L_list: [17.989250600790175]
