W: 3.6
num_iter: 0
[-1.06654144 -1.06654144 -1.00145271 -1.00145271 -0.91608172 -0.91608172
 -0.80955044 -0.80955044 -0.68311133 -0.68311133 -0.53180465 -0.53180465
 -0.35350594 -0.35350594 -0.13049518 -0.13049518  0.13049777  0.13049777
  0.35350811  0.35350811  0.53180128  0.53180128  0.68311611  0.68311611
  0.80954614  0.80954614  0.91608208  0.91608208  1.00145135  1.00145135
  1.06654057  1.06654057]
localization_length: 0.9578897539471347
0.961916439223644
W_list: [3.6]
L_list: [7.695331513789152]
