W: 4.2
num_iter: 0
[-0.99985323 -0.99985323 -0.94804469 -0.94804469 -0.8799958  -0.8799958
 -0.79346974 -0.79346974 -0.68430186 -0.68430186 -0.54647696 -0.54647696
 -0.37372907 -0.37372907 -0.14631332 -0.14631332  0.14631226  0.14631226
  0.37372623  0.37372623  0.54647217  0.54647217  0.6843023   0.6843023
  0.79346661  0.79346661  0.88000454  0.88000454  0.94804925  0.94804925
  0.99985131  0.99985131]
localization_length: 0.8543371709567171
0.8453723456685511
W_list: [4.2]
L_list: [6.762978765348409]
