W: 2.2
num_iter: 0
[-0.65883588 -0.65883588 -0.61403213 -0.61403213 -0.55413246 -0.55413246
 -0.48012252 -0.48012252 -0.39403161 -0.39403161 -0.29175064 -0.29175064
 -0.17419704 -0.17419704 -0.03836155 -0.03836155  0.0383652   0.0383652
  0.17418831  0.17418831  0.29175048  0.29175048  0.39403219  0.39403219
  0.48012298  0.48012298  0.55413722  0.55413722  0.61403237  0.61403237
  0.65883509  0.65883509]
localization_length: 3.2584711125221215
3.252236652341876
W_list: [2.2]
L_list: [26.017893218735008]
