W: 2.0
num_iter: 0
[-1.1545431  -1.1545431  -1.10122266 -1.10122266 -1.01610696 -1.01610696
 -0.8867617  -0.8867617  -0.70361491 -0.70361491 -0.48852655 -0.48852655
 -0.28595874 -0.28595874 -0.08198981 -0.08198981  0.08198997  0.08198997
  0.28595696  0.28595696  0.48852917  0.48852917  0.70361641  0.70361641
  0.88676326  0.88676326  1.01610695  1.01610695  1.10121771  1.10121771
  1.15454398  1.15454398]
localization_length: 1.5245797870047493
1.5222681410740002
W_list: [2.0]
L_list: [12.178145128592002]
