Norm difference: 1.0
Norm difference: 1.0
1 1
1 2
1 3
2 1
2 2
2 3
3 1
3 2
3 3
1 1
1 2
1 3
2 1
2 2
2 3
3 1
3 2
3 3
1 1
1 2
1 3
2 1
2 2
2 3
3 1
3 2
3 3
1 1
1 2
1 3
2 1
2 2
2 3
3 1
3 2
3 3
1 1
1 2
1 3
2 1
2 2
2 3
3 1
3 2
3 3
1 1
1 2
1 3
2 1
2 2
2 3
3 1
3 2
3 3
1 1
1 2
1 3
2 1
2 2
2 3
3 1
3 2
3 3
1 1
1 2
1 3
2 1
2 2
2 3
3 1
3 2
3 3
1 1
1 2
1 3
2 1
2 2
2 3
3 1
3 2
3 3
1 1
1 2
1 3
2 1
2 2
2 3
3 1
3 2
3 3
1 1
1 2
1 3
2 1
2 2
2 3
3 1
3 2
3 3
1 1
1 2
1 3
2 1
2 2
2 3
3 1
3 2
3 3
1 1
1 2
1 3
2 1
2 2
2 3
3 1
3 2
3 3
1 1
1 2
1 3
2 1
2 2
2 3
3 1
3 2
3 3
1 1
1 2
1 3
2 1
2 2
2 3
3 1
3 2
3 3
1 1
1 2
1 3
2 1
2 2
2 3
3 1
3 2
3 3
1 1
1 2
1 3
2 1
2 2
2 3
3 1
3 2
3 3
1 1
1 2
1 3
2 1
2 2
2 3
3 1
3 2
3 3
1 1
1 2
1 3
2 1
2 2
2 3
3 1
3 2
3 3
1 1
1 2
1 3
2 1
2 2
2 3
3 1
3 2
3 3
1 1 1 0.005594598959303729
1 2 1 0.00821440215043363
1 3 1 0.00502344528682563
2 1 1 0.0052113368035881374
2 2 1 0.009908045555499404
2 3 1 0.009093019827385727
3 1 1 0.006103489260981265
3 2 1 0.007354399843574245
3 3 1 0.010122391114307223
1 1 2 0.004879045315076903
1 2 2 0.005308997102228043
1 3 2 0.009173756420831184
2 1 2 0.00543990892888037
2 2 2 0.006378389702282561
2 3 2 0.007414743134813701
3 1 2 0.005663947774855567
3 2 2 0.009111251881465787
3 3 2 0.009060053115781707
1 1 3 0.0042299459984354625
1 2 3 0.008120538887073236
1 3 3 0.006742245835451158
2 1 3 0.008176022882656012
2 2 3 0.006459957026448926
2 3 3 0.008995967693100602
3 1 3 0.003790132850702132
3 2 3 0.007748599047726945
3 3 3 0.00962176602770385
1 1 4 0.007167463497148019
1 2 4 0.005815053525099296
1 3 4 0.007206376900867053
2 1 4 0.004166246281822769
2 2 4 0.00826954944617284
2 3 4 0.007267270993290763
3 1 4 0.00737693694856129
3 2 4 0.006850002397537362
3 3 4 0.008367431745668012
1 1 5 0.006375267699672787
1 2 5 0.005863459101477937
1 3 5 0.006297246702846165
2 1 5 0.00465242783805182
2 2 5 0.008535111666749516
2 3 5 0.006780846503247315
3 1 5 0.006997735150477249
3 2 5 0.006084035944874587
3 3 5 0.00669226417714498
1 1 6 0.005124596051552148
1 2 6 0.006588897841407096
1 3 6 0.006250717317055407
2 1 6 0.006268094093030948
2 2 6 0.005848395356332749
2 3 6 0.009255421838353907
3 1 6 0.005979940876847825
3 2 6 0.006695337415883287
3 3 6 0.004822200832573772
1 1 7 0.004702580121120398
1 2 7 0.006542176562276613
1 3 7 0.006677014743346884
2 1 7 0.005608359598012541
2 2 7 0.007875250773514702
2 3 7 0.006929641094228408
3 1 7 0.006251121178591668
3 2 7 0.00487912329579058
3 3 7 0.006186169139146809
1 1 8 0.006611736911046882
1 2 8 0.005319614847056266
1 3 8 0.008755652582539427
2 1 8 0.005718466400113245
2 2 8 0.007452017742690231
2 3 8 0.004988823021973111
3 1 8 0.00657092274121091
3 2 8 0.006172067254381335
3 3 8 0.006426049657779697
1 1 9 0.005823091674610333
1 2 9 0.007564212245583503
1 3 9 0.005117464655708828
2 1 9 0.0068722545431616515
2 2 9 0.004266655523183824
2 3 9 0.006023654112417573
3 1 9 0.008633075052960997
3 2 9 0.007003257896462134
3 3 9 0.0065634506509702085
1 1 10 0.006452541193168626
1 2 10 0.004944528315116754
1 3 10 0.004926479203682706
2 1 10 0.005346864163639375
2 2 10 0.005921301691503155
2 3 10 0.00541270449776224
3 1 10 0.009356722751725657
3 2 10 0.006297921624421225
3 3 10 0.004366734470584827
1 1 11 0.004182205935955256
1 2 11 0.005581614571882426
1 3 11 0.00488697121960229
2 1 11 0.007534294297423178
2 2 11 0.005817120406249746
2 3 11 0.004400632582514432
3 1 11 0.00717418416506691
3 2 11 0.00539977491454824
3 3 11 0.005405003702398135
1 1 12 0.005375717270733987
1 2 12 0.005649554094346046
1 3 12 0.004920525200573469
2 1 12 0.008091616586967994
2 2 12 0.004539779427244445
2 3 12 0.004728893150979934
3 1 12 0.004894220323563983
3 2 12 0.005337121095785167
3 3 12 0.004481115561882187
1 1 13 0.007948225409629707
1 2 13 0.005287793991413327
1 3 13 0.003936502474918029
2 1 13 0.005494320729829709
2 2 13 0.005707296747424122
2 3 13 0.004655538312976348
3 1 13 0.005146888998585149
3 2 13 0.004836912922830011
3 3 13 0.004864739404352917
1 1 14 0.007673185333655778
1 2 14 0.004799887714312224
1 3 14 0.0040281859154596335
2 1 14 0.006467770020865263
2 2 14 0.006113645118951529
2 3 14 0.003904332728426877
3 1 14 0.00542241106492364
3 2 14 0.00410152402094368
3 3 14 0.004596445370116038
1 1 15 0.006078171375604897
1 2 15 0.006117089220794671
1 3 15 0.004011826904578087
2 1 15 0.006946568874003775
2 2 15 0.004061669904901319
2 3 15 0.004831659879790058
3 1 15 0.005215456321445246
3 2 15 0.004592484952942365
3 3 15 0.003688177927293968
1 1 16 0.0061034068247634845
1 2 16 0.005010581721790264
1 3 16 0.0036277882272576526
2 1 16 0.005184566604342297
2 2 16 0.004492284105206419
2 3 16 0.0039847450169349236
3 1 16 0.005424745059871139
3 2 16 0.004357727522309515
3 3 16 0.00356412088679487
1 1 17 0.005511579981717689
1 2 17 0.004399924571208112
1 3 17 0.004657426668273224
2 1 17 0.00466361866476112
2 2 17 0.005097566708459058
2 3 17 0.0030581519576306842
3 1 17 0.0049653478916630925
3 2 17 0.003818504809348991
3 3 17 0.003465028416973337
1 1 18 0.004359514477223993
1 2 18 0.004303344583762239
1 3 18 0.0037260527596647552
2 1 18 0.004503121820196166
2 2 18 0.003971704222256167
2 3 18 0.00393964035795195
3 1 18 0.004297448377568863
3 2 18 0.003769583665383068
3 3 18 0.002753169938605917
1 1 19 0.003473295024218633
1 2 19 0.004585363248092026
1 3 19 0.0038060018799276904
2 1 19 0.004180150745012453
2 2 19 0.0034191884062237214
2 3 19 0.0034594414892124767
3 1 19 0.002827427896714925
3 2 19 0.0036350909630235182
3 3 19 0.0034126189994458473
1 1 20 0.0035575520564508807
1 2 20 0.0032690395651798266
1 3 20 0.003920576698378742
2 1 20 0.003932577357387144
2 2 20 0.0037699455060597313
2 3 20 0.003678799927706029
3 1 20 0.002357108742814508
3 2 20 0.003036304507347889
3 3 20 0.0036224567013385485
