[-2.41421356 -1.         -1.         -0.41421356  0.41421356  1.
  1.          2.41421356]
W: 2.2
num_iter: 0
[-0.54322055 -0.48122976 -0.41604986 -0.35144709 -0.28440144 -0.21677977
 -0.1478892  -0.0748169   0.07481927  0.14788825  0.21678208  0.28440954
  0.35144185  0.41604427  0.48122458  0.54322473]
localization_length: 1.6707455037552759
1.6723985310565608
W_list: [2.2]
L_list: [1.6723985310565608]
[-2.41421356 -1.         -1.         -0.41421356  0.41421356  1.
  1.          2.41421356]
W: 2.2
num_iter: 0
[-0.54254259 -0.48132515 -0.41621635 -0.35096913 -0.2848071  -0.21740929
 -0.1479603  -0.07565235  0.07565133  0.14795471  0.21741723  0.28480329
  0.35096325  0.41622101  0.48132916  0.54254227]
localization_length: 1.6523173298962903
1.6299326858754117
W_list: [2.2]
L_list: [1.6299326858754117]
