Norm difference: 1.0
Norm difference: 1.0
1 1
1 2
1 3
2 1
2 2
2 3
3 1
3 2
3 3
1 1
1 2
1 3
2 1
2 2
2 3
3 1
3 2
3 3
1 1
1 2
1 3
2 1
2 2
2 3
3 1
3 2
3 3
1 1
1 2
1 3
2 1
2 2
2 3
3 1
3 2
3 3
1 1
1 2
1 3
2 1
2 2
2 3
3 1
3 2
3 3
1 1
1 2
1 3
2 1
2 2
2 3
3 1
3 2
3 3
1 1
1 2
1 3
2 1
2 2
2 3
3 1
3 2
3 3
1 1
1 2
1 3
2 1
2 2
2 3
3 1
3 2
3 3
1 1
1 2
1 3
2 1
2 2
2 3
3 1
3 2
3 3
1 1
1 2
1 3
2 1
2 2
2 3
3 1
3 2
3 3
1 1
1 2
1 3
2 1
2 2
2 3
3 1
3 2
3 3
1 1
1 2
1 3
2 1
2 2
2 3
3 1
3 2
3 3
1 1
1 2
1 3
2 1
2 2
2 3
3 1
3 2
3 3
1 1
1 2
1 3
2 1
2 2
2 3
3 1
3 2
3 3
1 1
1 2
1 3
2 1
2 2
2 3
3 1
3 2
3 3
1 1
1 2
1 3
2 1
2 2
2 3
3 1
3 2
3 3
1 1
1 2
1 3
2 1
2 2
2 3
3 1
3 2
3 3
1 1
1 2
1 3
2 1
2 2
2 3
3 1
3 2
3 3
1 1
1 2
1 3
2 1
2 2
2 3
3 1
3 2
3 3
1 1
1 2
1 3
2 1
2 2
2 3
3 1
3 2
3 3
1 1 1 0.002104388261119716
1 2 1 0.00285404637283816
1 3 1 0.0021940734523143296
2 1 1 0.0019217268814107353
2 2 1 0.003634065852388876
2 3 1 0.0034401289746444075
3 1 1 0.0028370855947173913
3 2 1 0.0034083312611378315
3 3 1 0.0041813791559120374
1 1 2 0.0014475889374785465
1 2 2 0.0022016494805783444
1 3 2 0.0020246061226489353
2 1 2 0.002069183065060485
2 2 2 0.0032741146871080352
2 3 2 0.0030942913367855243
3 1 2 0.0027103059021423757
3 2 2 0.0034136832266844054
3 3 2 0.003626357128191032
1 1 3 0.0013605248824512636
1 2 3 0.00229156854907092
1 3 3 0.0019459772959239754
2 1 3 0.0015437447625181592
2 2 3 0.002401781719923692
2 3 3 0.0029606700123983335
3 1 3 0.0019482123754571937
3 2 3 0.0037485972747495016
3 3 3 0.0028213984027128246
1 1 4 0.0013110232373905715
1 2 4 0.0020927750277170403
1 3 4 0.0015960730181278616
2 1 4 0.0020084231952774926
2 2 4 0.002905741598517297
2 3 4 0.0020926038014658773
3 1 4 0.002345929933785996
3 2 4 0.00347510316786061
3 3 4 0.0025695646170754947
1 1 5 0.0018152614362659907
1 2 5 0.0016507791931240964
1 3 5 0.0022422208596550096
2 1 5 0.0016811184345271624
2 2 5 0.0027437486491149513
2 3 5 0.0028217301796533934
3 1 5 0.002102943252025505
3 2 5 0.0024268480096569034
3 3 5 0.002637138613644259
1 1 6 0.0015594209817291938
1 2 6 0.0018498608064484254
1 3 6 0.0020731169488745855
2 1 6 0.002180851410346369
2 2 6 0.0022446521791271395
2 3 6 0.002675835257869728
3 1 6 0.0016052340658026503
3 2 6 0.0027944622172091393
3 3 6 0.0034440272694460164
1 1 7 0.0018718842523515113
1 2 7 0.0022392498345755957
1 3 7 0.002182201965117738
2 1 7 0.0017698465972820255
2 2 7 0.0034253080822298472
2 3 7 0.0031324101288545915
3 1 7 0.002015398466557976
3 2 7 0.002902078216920987
3 3 7 0.003978846281194137
1 1 8 0.0022920998836532145
1 2 8 0.0017374377031215108
1 3 8 0.0026159813334316927
2 1 8 0.0030531032003797724
2 2 8 0.0025836619775455004
2 3 8 0.0034649182463518105
3 1 8 0.0026797433055649874
3 2 8 0.003043254578061362
3 3 8 0.004016376087570175
1 1 9 0.0023429185178221327
1 2 9 0.002148826696787942
1 3 9 0.0027784642117269424
2 1 9 0.0033165705383524564
2 2 9 0.003014860514910988
2 3 9 0.004177266517215175
3 1 9 0.0025774948570941566
3 2 9 0.0032526177849334127
3 3 9 0.002911923006354126
1 1 10 0.001606436735060857
1 2 10 0.002074492322660864
1 3 10 0.0026083704304523747
2 1 10 0.0027618695945440586
2 2 10 0.0027659847415192024
2 3 10 0.003128277989887094
3 1 10 0.002774670651424814
3 2 10 0.0031695300073431806
3 3 10 0.0025389995959012044
1 1 11 0.002365368719574423
1 2 11 0.0024970072399553935
1 3 11 0.0023575835486947905
2 1 11 0.0030830911284332034
2 2 11 0.003377488919194124
2 3 11 0.0033052837338351155
3 1 11 0.0032755938235891277
3 2 11 0.003151961661798066
3 3 11 0.002473299271852165
1 1 12 0.0021712780321867164
1 2 12 0.001592709741842222
1 3 12 0.0027533199201625206
2 1 12 0.0027749163144080114
2 2 12 0.00242297884732848
2 3 12 0.0033032687533377236
3 1 12 0.0033250520538684165
3 2 12 0.0027307222305072163
3 3 12 0.003508271413445771
1 1 13 0.0019785983461964728
1 2 13 0.002006280619509999
1 3 13 0.0024720122877162033
2 1 13 0.0030838263881471937
2 2 13 0.0024347147744708596
2 3 13 0.0034141964572444645
3 1 13 0.003582262681448162
3 2 13 0.0034746452728428245
3 3 13 0.004222881778053739
1 1 14 0.002156358469200117
1 2 14 0.002074587595825544
1 3 14 0.002335622862001643
2 1 14 0.0022167374543207363
2 2 14 0.0021547671405215954
2 3 14 0.00368087015768375
3 1 14 0.0031451956063393597
3 2 14 0.002591682964808207
3 3 14 0.003941883835563372
1 1 15 0.0019318302092754998
1 2 15 0.0015271793256699695
1 3 15 0.0021885106837867692
2 1 15 0.0023579615558302187
2 2 15 0.0025979631253743598
2 3 15 0.002407201284519113
3 1 15 0.003094100812731393
3 2 15 0.002247602361271863
3 3 15 0.003981046395895571
1 1 16 0.0013571271127255818
1 2 16 0.0010364520739581406
1 3 16 0.0018512869600636993
2 1 16 0.002333578010138266
2 2 16 0.0016022416567454262
2 3 16 0.0029838862864971704
3 1 16 0.0031033712145234794
3 2 16 0.0017679965458444005
3 3 16 0.003344401578779548
1 1 17 0.0012976075358830086
1 2 17 0.0010080067503051807
1 3 17 0.001423226748863526
2 1 17 0.002749603147499125
2 2 17 0.0018246588785282292
2 3 17 0.002092735781294436
3 1 17 0.0024995346070656563
3 2 17 0.0022891165506900317
3 3 17 0.00250785125922289
1 1 18 0.0013637339764384546
1 2 18 0.001190895246751919
1 3 18 0.0012912063808421382
2 1 18 0.0018816241910791863
2 2 18 0.001825596639037866
2 3 18 0.0019636118014178046
3 1 18 0.002522925931827438
3 2 18 0.001898044988648306
3 3 18 0.002638504846472984
1 1 19 0.0017019519013505725
1 2 19 0.0012975133432958322
1 3 19 0.001451905018825426
2 1 19 0.0023468932318552863
2 2 19 0.0019017563131695867
2 3 19 0.0017678016784668938
3 1 19 0.0025912785388780544
3 2 19 0.002110416855461373
3 3 19 0.0023702534834209796
1 1 20 0.0016790058403193524
1 2 20 0.0012871372511561608
1 3 20 0.001299111991495634
2 1 20 0.002265350921474019
2 2 20 0.0018912994508781626
2 3 20 0.00192359722690775
3 1 20 0.002297520398676375
3 2 20 0.001973998113982011
3 3 20 0.0023737050594690038
