Norm difference: 1.0
Norm difference: 1.0
1 1
1 2
2 1
2 2
1 1
1 2
2 1
2 2
1 1
1 2
2 1
2 2
1 1
1 2
2 1
2 2
1 1
1 2
2 1
2 2
1 1
1 2
2 1
2 2
1 1
1 2
2 1
2 2
1 1
1 2
2 1
2 2
1 1
1 2
2 1
2 2
1 1
1 2
2 1
2 2
1 1
1 2
2 1
2 2
1 1
1 2
2 1
2 2
1 1
1 2
2 1
2 2
1 1
1 2
2 1
2 2
1 1
1 2
2 1
2 2
1 1
1 2
2 1
2 2
1 1
1 2
2 1
2 2
1 1
1 2
2 1
2 2
1 1
1 2
2 1
2 2
1 1
1 2
2 1
2 2
1 1 1 0.013642073408952158
1 2 1 0.01571531828621638
2 1 1 0.019662639061748824
2 2 1 0.014785852235546206
1 1 2 0.010373264165618295
1 2 2 0.015199391340884461
2 1 2 0.015247254478873155
2 2 2 0.018073325861728495
1 1 3 0.010965862922520001
1 2 3 0.014831582413694935
2 1 3 0.011840965986542948
2 2 3 0.013647118150959928
1 1 4 0.011920733411883464
1 2 4 0.01069663139540581
2 1 4 0.013033898854592246
2 2 4 0.01460275163465243
1 1 5 0.011577275934533234
1 2 5 0.015365007057315949
2 1 5 0.011189663669538554
2 2 5 0.012598679498095788
1 1 6 0.010760082876314917
1 2 6 0.0123914836628631
2 1 6 0.01128006877897052
2 2 6 0.010778106433173479
1 1 7 0.012839488955892809
1 2 7 0.007202219937977155
2 1 7 0.009561714989908593
2 2 7 0.012116965858409032
1 1 8 0.006624772823007427
1 2 8 0.007695084715654403
2 1 8 0.010836815867029599
2 2 8 0.007277756320293122
1 1 9 0.0068764778827251054
1 2 9 0.006561479828471101
2 1 9 0.008795385237809188
2 2 9 0.007612939849183114
1 1 10 0.005573651533746642
1 2 10 0.006653732627494876
2 1 10 0.0051698216313275725
2 2 10 0.0067713428494775045
1 1 11 0.005616115722020669
1 2 11 0.0055680101629544485
2 1 11 0.006077930737788526
2 2 11 0.005321000340758492
1 1 12 0.003941823042893258
1 2 12 0.0031898949793259775
2 1 12 0.00434497498265238
2 2 12 0.004723051658198085
1 1 13 0.0029978367930590397
1 2 13 0.003040365407315614
2 1 13 0.00371740268418757
2 2 13 0.004558780264283141
1 1 14 0.002171146506730974
1 2 14 0.003578540645544646
2 1 14 0.0037651409338590883
2 2 14 0.003818484675696185
1 1 15 0.0032700011518688498
1 2 15 0.003725931608766769
2 1 15 0.003214566431951442
2 2 15 0.002034876095694722
1 1 16 0.003373510416674756
1 2 16 0.0021963074983292036
2 1 16 0.0021969340682935963
2 2 16 0.002018311103953296
1 1 17 0.001960213197851447
1 2 17 0.001907573292444012
2 1 17 0.0016649144778403103
2 2 17 0.002102166445730957
1 1 18 0.001401819770398285
1 2 18 0.0011301099054107622
2 1 18 0.001549596776371236
2 2 18 0.0010909869244347529
1 1 19 0.0009907955494862747
1 2 19 0.0006681218264621276
2 1 19 0.0008324415714738
2 2 19 0.0009758377669784231
1 1 20 0.0005407659085951489
1 2 20 0.0005915991416209002
2 1 20 0.0005756278329765955
2 2 20 0.0005751380376062305
