W: 3.0
num_iter: 0
[-0.80893384 -0.80893384 -0.80028912 -0.80028912 -0.79074184 -0.79074184
 -0.77970662 -0.77970662 -0.76789154 -0.76789154 -0.75457358 -0.75457358
 -0.74039751 -0.74039751 -0.72477729 -0.72477729 -0.70865585 -0.70865585
 -0.69097225 -0.69097225 -0.67245453 -0.67245453 -0.65290641 -0.65290641
 -0.632365   -0.632365   -0.6103893  -0.6103893  -0.58765641 -0.58765641
 -0.56363014 -0.56363014 -0.5387987  -0.5387987  -0.51205505 -0.51205505
 -0.48445896 -0.48445896 -0.45527168 -0.45527168 -0.42544877 -0.42544877
 -0.39365602 -0.39365602 -0.36123097 -0.36123097 -0.32704123 -0.32704123
 -0.29171904 -0.29171904 -0.2551453  -0.2551453  -0.21746693 -0.21746693
 -0.17849674 -0.17849674 -0.13935368 -0.13935368 -0.09919327 -0.09919327
 -0.0587118  -0.0587118  -0.01539874 -0.01539874  0.01539599  0.01539599
  0.05871562  0.05871562  0.09919137  0.09919137  0.13935477  0.13935477
  0.17849975  0.17849975  0.21746909  0.21746909  0.25514918  0.25514918
  0.29171329  0.29171329  0.3270413   0.3270413   0.36123288  0.36123288
  0.39366039  0.39366039  0.42545213  0.42545213  0.45527134  0.45527134
  0.48446645  0.48446645  0.51205645  0.51205645  0.53879573  0.53879573
  0.56362788  0.56362788  0.58765436  0.58765436  0.61038458  0.61038458
  0.63236951  0.63236951  0.6529035   0.6529035   0.67245303  0.67245303
  0.69097278  0.69097278  0.70864852  0.70864852  0.7247847   0.7247847
  0.74039568  0.74039568  0.75456731  0.75456731  0.76789164  0.76789164
  0.77970272  0.77970272  0.79074398  0.79074398  0.80028604  0.80028604
  0.80893619  0.80893619]
localization_length: 2.0297486567472705
2.1275980372842094
W_list: [3.0]
L_list: [68.0831371930947]
