W: 3.2
num_iter: 0
[-0.83993322 -0.83993322 -0.82071394 -0.82071394 -0.79605214 -0.79605214
 -0.76746668 -0.76746668 -0.73453879 -0.73453879 -0.69685127 -0.69685127
 -0.65459066 -0.65459066 -0.60786395 -0.60786395 -0.55611456 -0.55611456
 -0.49994429 -0.49994429 -0.43741469 -0.43741469 -0.36949116 -0.36949116
 -0.29584448 -0.29584448 -0.21660007 -0.21660007 -0.13251722 -0.13251722
 -0.03722345 -0.03722345  0.03722372  0.03722372  0.13251107  0.13251107
  0.21659898  0.21659898  0.29584404  0.29584404  0.36948871  0.36948871
  0.43742074  0.43742074  0.49994239  0.49994239  0.55611014  0.55611014
  0.60786351  0.60786351  0.65458942  0.65458942  0.69684753  0.69684753
  0.73454078  0.73454078  0.76747217  0.76747217  0.79606058  0.79606058
  0.82071696  0.82071696  0.83992985  0.83992985]
localization_length: 1.6790490931388546
1.6675874486756541
W_list: [3.2]
L_list: [26.681399178810466]
