Norm difference: 1.0
Norm difference: 1.0
1 1
1 2
1 3
2 1
2 2
2 3
3 1
3 2
3 3
1 1
1 2
1 3
2 1
2 2
2 3
3 1
3 2
3 3
1 1
1 2
1 3
2 1
2 2
2 3
3 1
3 2
3 3
1 1
1 2
1 3
2 1
2 2
2 3
3 1
3 2
3 3
1 1
1 2
1 3
2 1
2 2
2 3
3 1
3 2
3 3
1 1
1 2
1 3
2 1
2 2
2 3
3 1
3 2
3 3
1 1
1 2
1 3
2 1
2 2
2 3
3 1
3 2
3 3
1 1
1 2
1 3
2 1
2 2
2 3
3 1
3 2
3 3
1 1
1 2
1 3
2 1
2 2
2 3
3 1
3 2
3 3
1 1
1 2
1 3
2 1
2 2
2 3
3 1
3 2
3 3
1 1
1 2
1 3
2 1
2 2
2 3
3 1
3 2
3 3
1 1
1 2
1 3
2 1
2 2
2 3
3 1
3 2
3 3
1 1
1 2
1 3
2 1
2 2
2 3
3 1
3 2
3 3
1 1
1 2
1 3
2 1
2 2
2 3
3 1
3 2
3 3
1 1
1 2
1 3
2 1
2 2
2 3
3 1
3 2
3 3
1 1
1 2
1 3
2 1
2 2
2 3
3 1
3 2
3 3
1 1
1 2
1 3
2 1
2 2
2 3
3 1
3 2
3 3
1 1
1 2
1 3
2 1
2 2
2 3
3 1
3 2
3 3
1 1
1 2
1 3
2 1
2 2
2 3
3 1
3 2
3 3
1 1
1 2
1 3
2 1
2 2
2 3
3 1
3 2
3 3
1 1 1 0.012819781434653246
1 2 1 0.009152363992153119
1 3 1 0.01002749687226876
2 1 1 0.009200724738963672
2 2 1 0.003429634386638733
2 3 1 0.012075998750027721
3 1 1 0.00870667852115931
3 2 1 0.010582987452626376
3 3 1 0.01012801939042983
1 1 2 0.013447311310528998
1 2 2 0.011621073250253702
1 3 2 0.010757733788545863
2 1 2 0.008988395189034382
2 2 2 0.010954044468366989
2 3 2 0.008294068309563214
3 1 2 0.010638772239386541
3 2 2 0.008336985845120878
3 3 2 0.006402113782205216
1 1 3 0.010654397735191869
1 2 3 0.008000668473399204
1 3 3 0.010918151127582317
2 1 3 0.00783636410012794
2 2 3 0.004250907071413435
2 3 3 0.007438764942689266
3 1 3 0.00838530683521932
3 2 3 0.005833481915101228
3 3 3 0.007018180823910111
1 1 4 0.008536189887246606
1 2 4 0.008916454976759448
1 3 4 0.00859128597448604
2 1 4 0.008709594544473974
2 2 4 0.007017248762373936
2 3 4 0.0056103247695042475
3 1 4 0.005995678554400882
3 2 4 0.005594473164006491
3 3 4 0.006339577736268066
1 1 5 0.007708705105657595
1 2 5 0.005470323915929842
1 3 5 0.006750364476521345
2 1 5 0.005211418230219031
2 2 5 0.005159071101093574
2 3 5 0.003950857170326403
3 1 5 0.007308325433902529
3 2 5 0.006194177668132709
3 3 5 0.004978470318944722
1 1 6 0.008936256335298669
1 2 6 0.006171869648353225
1 3 6 0.005128570686348968
2 1 6 0.0070685639653820884
2 2 6 0.003767185560239191
2 3 6 0.005247142212741038
3 1 6 0.004607709743670957
3 2 6 0.005976365817709739
3 3 6 0.004108697368101905
1 1 7 0.004627195149474227
1 2 7 0.005787808894331847
1 3 7 0.004460350276456396
2 1 7 0.0034841948961301106
2 2 7 0.006381690286342523
2 3 7 0.003453216107412287
3 1 7 0.0028394095627537305
3 2 7 0.0032593358328304725
3 3 7 0.0050650777550936155
1 1 8 0.007105132228706944
1 2 8 0.005824253709732413
1 3 8 0.005300497248993615
2 1 8 0.004316317120535036
2 2 8 0.003075394418598702
2 3 8 0.004310068968983204
3 1 8 0.003762334303525988
3 2 8 0.0037453992635773244
3 3 8 0.004126793953641132
1 1 9 0.004297260537710901
1 2 9 0.005674222910261076
1 3 9 0.0037897770982805155
2 1 9 0.002825783616992017
2 2 9 0.004866813129261309
2 3 9 0.0033466362172067687
3 1 9 0.0030365366852797954
3 2 9 0.004489661874123353
3 3 9 0.0030146413308191618
1 1 10 0.0033112903270293877
1 2 10 0.0039782565167000225
1 3 10 0.004198517759915267
2 1 10 0.003390999819761059
2 2 10 0.002793510683898048
2 3 10 0.0029373946799562877
3 1 10 0.0037099126949188066
3 2 10 0.0034652610148406516
3 3 10 0.002342375487799371
1 1 11 0.003182295814467281
1 2 11 0.00459455726373145
1 3 11 0.003727733920558077
2 1 11 0.0021134878677697023
2 2 11 0.0037235615375156724
2 3 11 0.0028323652933271693
3 1 11 0.003608286091537656
3 2 11 0.002898840547846484
3 3 11 0.0018794261891786125
1 1 12 0.0038446445214384084
1 2 12 0.003345023906177907
1 3 12 0.0032204846091609942
2 1 12 0.003936673325059958
2 2 12 0.0027622707961282964
2 3 12 0.001670185800623753
3 1 12 0.002269476551923343
3 2 12 0.0021019827281915553
3 3 12 0.002098247020189182
1 1 13 0.0032838783100869046
1 2 13 0.003842966684936983
1 3 13 0.002653863503004815
2 1 13 0.00206649522778777
2 2 13 0.0028051627162431754
2 3 13 0.0024558184648941703
3 1 13 0.002336848069565741
3 2 13 0.002774302830664589
3 3 13 0.0021337418009494875
1 1 14 0.003914739206301152
1 2 14 0.0037939842377660723
1 3 14 0.0024138075127452838
2 1 14 0.003214030889903021
2 2 14 0.0022756731541447835
2 3 14 0.0016725692303793133
3 1 14 0.0023317466440142005
3 2 14 0.0015758371267176352
3 3 14 0.002093822813141634
1 1 15 0.0024794409457919975
1 2 15 0.0024943787443956734
1 3 15 0.002542378809764116
2 1 15 0.001540763717353916
2 2 15 0.002613913604559884
2 3 15 0.0025462768220586747
3 1 15 0.0016602254377707157
3 2 15 0.002157781406387533
3 3 15 0.0019059535003427212
1 1 16 0.0029279998164957835
1 2 16 0.003087684984618082
1 3 16 0.0022541692855654475
2 1 16 0.0023844906276764195
2 2 16 0.0017111221519328875
2 3 16 0.0017345472569524757
3 1 16 0.0015378047539073801
3 2 16 0.002487519370648575
3 3 16 0.002002640847308073
1 1 17 0.0018459559830225278
1 2 17 0.002558042500283699
1 3 17 0.002547362351034226
2 1 17 0.0013548874975615034
2 2 17 0.0029181508458966765
2 3 17 0.0022972292528750235
3 1 17 0.0019380931605038198
3 2 17 0.0018070582371076834
3 3 17 0.0017456572239212028
1 1 18 0.002313144283068242
1 2 18 0.0027152900752254864
1 3 18 0.002340211491030696
2 1 18 0.002075213311450744
2 2 18 0.0016607596341510172
2 3 18 0.0017196860951525898
3 1 18 0.001776493231064288
3 2 18 0.0016715785006310656
3 3 18 0.0009380675586677246
1 1 19 0.0021707146851850548
1 2 19 0.0026848423709644647
1 3 19 0.00200623208140682
2 1 19 0.001786646691678756
2 2 19 0.002140146893635763
2 3 19 0.0011728358759255282
3 1 19 0.0013022234584216421
3 2 19 0.0020959706649811925
3 3 19 0.0013319388507729113
1 1 20 0.0023650333887265925
1 2 20 0.002649251369153393
1 3 20 0.002168952586687661
2 1 20 0.0016581025831850116
2 2 20 0.001974259946361659
2 3 20 0.0015691398298487784
3 1 20 0.0014258631648208144
3 2 20 0.0013193401343347664
3 3 20 0.001312443005227987
