W: 4.0
num_iter: 0
[-1.11367908 -1.11367908 -1.04854881 -1.04854881 -0.96534794 -0.96534794
 -0.8608673  -0.8608673  -0.73474486 -0.73474486 -0.58218501 -0.58218501
 -0.39661859 -0.39661859 -0.16074699 -0.16074699  0.16074444  0.16074444
  0.39661917  0.39661917  0.58219039  0.58219039  0.73474132  0.73474132
  0.8608663   0.8608663   0.96534959  0.96534959  1.04854994  1.04854994
  1.11367742  1.11367742]
localization_length: 0.7776318840078263
0.7764850757168038
W_list: [4.0]
L_list: [6.2118806057344305]
