[-2.41421356 -1.         -1.         -0.41421356  0.41421356  1.
  1.          2.41421356]
W: 2.2
num_iter: 0
[-0.55678433 -0.52941856 -0.4994281  -0.46897438 -0.43741532 -0.40469501
 -0.3721157  -0.33826884 -0.3049764  -0.27028245 -0.23607728 -0.20086779
 -0.16417099 -0.12595867 -0.0863356  -0.04402177  0.04401937  0.08633875
  0.12596313  0.16418614  0.20085794  0.23608927  0.27027252  0.30497003
  0.33826879  0.37210259  0.4047004   0.43741583  0.46896906  0.49944235
  0.52941369  0.55678131]
localization_length: 1.4198294919935097
1.4191722305634145
W_list: [2.2]
L_list: [1.4191722305634145]
[-2.41421356 -1.         -1.         -0.41421356  0.41421356  1.
  1.          2.41421356]
W: 2.2
num_iter: 0
[-0.55672764 -0.52911777 -0.49963697 -0.46865187 -0.43654746 -0.40430016
 -0.37168819 -0.33873397 -0.30486509 -0.27037965 -0.23596728 -0.20080277
 -0.1641091  -0.12572806 -0.0866574  -0.04416289  0.04416342  0.0866656
  0.12572545  0.164115    0.20079828  0.23596644  0.27039232  0.30485293
  0.33873558  0.37169519  0.40430197  0.43652549  0.46865037  0.49964668
  0.5291139   0.55672765]
localization_length: 1.4152153345531169
1.4168190500599367
W_list: [2.2]
L_list: [1.4168190500599367]
