W: 3.4000000000000004
num_iter: 0
[-1.05603292 -1.05603292 -1.02895591 -1.02895591 -0.99579662 -0.99579662
 -0.95854754 -0.95854754 -0.9144257  -0.9144257  -0.86616117 -0.86616117
 -0.81221802 -0.81221802 -0.75332455 -0.75332455 -0.68995477 -0.68995477
 -0.62051119 -0.62051119 -0.54599823 -0.54599823 -0.46493767 -0.46493767
 -0.37771923 -0.37771923 -0.28545222 -0.28545222 -0.18498553 -0.18498553
 -0.06869422 -0.06869422  0.06868832  0.06868832  0.18498569  0.18498569
  0.28545504  0.28545504  0.377718    0.377718    0.46493404  0.46493404
  0.54599755  0.54599755  0.62051976  0.62051976  0.68995451  0.68995451
  0.75332572  0.75332572  0.81222438  0.81222438  0.86615811  0.86615811
  0.91442634  0.91442634  0.95854116  0.95854116  0.99579406  0.99579406
  1.02895405  1.02895405  1.05603875  1.05603875]
localization_length: 0.9099073082036397
0.9221375000441728
W_list: [3.4000000000000004]
L_list: [14.754200000706765]
