W: 2.0
num_iter: 0
[-0.62596833 -0.62596833 -0.58198646 -0.58198646 -0.5242237  -0.5242237
 -0.45398937 -0.45398937 -0.37193047 -0.37193047 -0.27515737 -0.27515737
 -0.16360204 -0.16360204 -0.03510665 -0.03510665  0.03510498  0.03510498
  0.16360135  0.16360135  0.2751567   0.2751567   0.37193477  0.37193477
  0.45398911  0.45398911  0.52422447  0.52422447  0.58198429  0.58198429
  0.62596871  0.62596871]
localization_length: 3.560748701837929
3.5557747395254324
W_list: [2.0]
L_list: [28.44619791620346]
