W: 3.2
num_iter: 0
[-1.2154214  -1.2154214  -1.14842213 -1.14842213 -1.05476233 -1.05476233
 -0.93129513 -0.93129513 -0.77893239 -0.77893239 -0.60042792 -0.60042792
 -0.39999207 -0.39999207 -0.15992513 -0.15992513  0.15993128  0.15993128
  0.39999033  0.39999033  0.60042824  0.60042824  0.77892382  0.77892382
  0.9312986   0.9312986   1.05475875  1.05475875  1.14842792  1.14842792
  1.21541956  1.21541956]
localization_length: 0.7816157472523542
0.7830577797565004
W_list: [3.2]
L_list: [6.264462238052003]
