[-2.41421356 -1.         -1.         -0.41421356  0.41421356  1.
  1.          2.41421356]
W: 3.6
num_iter: 0
[-0.8189391  -0.66619455 -0.47947642 -0.26107414  0.26107446  0.47947853
  0.66618977  0.81894145]
localization_length: 0.9575823895843396
0.953429329369962
num_iter: 1
[-0.81889782 -0.66465149 -0.47680962 -0.25979922  0.25979653  0.47680201
  0.66465646  0.81890316]
localization_length: 0.962291543817969
0.9596684510551438
num_iter: 2
[-0.8167699  -0.66464472 -0.47855747 -0.26027713  0.2602729   0.47855938
  0.66464485  0.81677209]
localization_length: 0.9605302766918876
0.9630776627458766
W_list: [3.6]
L_list: [0.9587251477236609]
[-2.41421356 -1.         -1.         -0.41421356  0.41421356  1.
  1.          2.41421356]
W: 3.6
num_iter: 0
[-0.81818323 -0.66618344 -0.4775449  -0.26168409  0.26168857  0.47754365
  0.66619205  0.81817139]
localization_length: 0.9553503921004435
0.9519663703214556
num_iter: 1
[-0.81798579 -0.66605927 -0.47992605 -0.26071068  0.26071222  0.47992322
  0.66605997  0.81798638]
localization_length: 0.9589173659755644
0.9590578403345552
num_iter: 2
[-0.8184436  -0.66419532 -0.47861424 -0.26180029  0.2618083   0.47861204
  0.66419745  0.81843565]
localization_length: 0.9549263619405034
0.9535269939912543
W_list: [3.6]
L_list: [0.9548504015490884]
