W: 2.0
num_iter: 0
[-1.1673907  -1.1673907  -1.15842613 -1.15842613 -1.14778218 -1.14778218
 -1.13628048 -1.13628048 -1.12259017 -1.12259017 -1.10755513 -1.10755513
 -1.0907347  -1.0907347  -1.07179977 -1.07179977 -1.0503666  -1.0503666
 -1.02652035 -1.02652035 -1.00037369 -1.00037369 -0.97085213 -0.97085213
 -0.93842272 -0.93842272 -0.90292347 -0.90292347 -0.86359024 -0.86359024
 -0.82065303 -0.82065303 -0.77513673 -0.77513673 -0.7258737  -0.7258737
 -0.67482398 -0.67482398 -0.62136971 -0.62136971 -0.56814214 -0.56814214
 -0.51449251 -0.51449251 -0.46099648 -0.46099648 -0.40992983 -0.40992983
 -0.35986689 -0.35986689 -0.31051884 -0.31051884 -0.26264165 -0.26264165
 -0.21565859 -0.21565859 -0.16874107 -0.16874107 -0.12220057 -0.12220057
 -0.07546443 -0.07546443 -0.02328896 -0.02328896  0.02328586  0.02328586
  0.07547128  0.07547128  0.12220206  0.12220206  0.16874179  0.16874179
  0.215648    0.215648    0.26264147  0.26264147  0.31051182  0.31051182
  0.35986475  0.35986475  0.40993284  0.40993284  0.46099731  0.46099731
  0.51449693  0.51449693  0.56814004  0.56814004  0.62137418  0.62137418
  0.67483316  0.67483316  0.72586913  0.72586913  0.77513807  0.77513807
  0.82064543  0.82064543  0.86358986  0.86358986  0.9029315   0.9029315
  0.93843381  0.93843381  0.97085496  0.97085496  1.00037119  1.00037119
  1.02651872  1.02651872  1.05036563  1.05036563  1.07179295  1.07179295
  1.09073654  1.09073654  1.10755956  1.10755956  1.12258937  1.12258937
  1.1362715   1.1362715   1.14778375  1.14778375  1.15842235  1.15842235
  1.16739174  1.16739174]
localization_length: 1.342016389747166
1.349814789968877
W_list: [2.0]
L_list: [43.194073279004066]
