W: 3.0
num_iter: 0
[-1.22193662 -1.22193662 -1.20930429 -1.20930429 -1.19549423 -1.19549423
 -1.18074281 -1.18074281 -1.16412865 -1.16412865 -1.1464022  -1.1464022
 -1.12659135 -1.12659135 -1.10554039 -1.10554039 -1.08224317 -1.08224317
 -1.05693471 -1.05693471 -1.02966152 -1.02966152 -0.99988124 -0.99988124
 -0.9684682  -0.9684682  -0.93518127 -0.93518127 -0.89951423 -0.89951423
 -0.86224653 -0.86224653 -0.82259675 -0.82259675 -0.78170053 -0.78170053
 -0.73854527 -0.73854527 -0.69467138 -0.69467138 -0.64983813 -0.64983813
 -0.60314306 -0.60314306 -0.55559295 -0.55559295 -0.50651226 -0.50651226
 -0.45748735 -0.45748735 -0.40675045 -0.40675045 -0.35500003 -0.35500003
 -0.30187881 -0.30187881 -0.24775705 -0.24775705 -0.1915648  -0.1915648
 -0.13247564 -0.13247564 -0.06331012 -0.06331012  0.06331155  0.06331155
  0.13247866  0.13247866  0.19156077  0.19156077  0.24775574  0.24775574
  0.3018753   0.3018753   0.3550047   0.3550047   0.40674965  0.40674965
  0.45748824  0.45748824  0.50651403  0.50651403  0.55559162  0.55559162
  0.60314544  0.60314544  0.64984027  0.64984027  0.69467348  0.69467348
  0.73854172  0.73854172  0.78170162  0.78170162  0.82259303  0.82259303
  0.86224139  0.86224139  0.89951017  0.89951017  0.93518646  0.93518646
  0.96846026  0.96846026  0.9998729   0.9998729   1.0296574   1.0296574
  1.05693542  1.05693542  1.08224104  1.08224104  1.10553335  1.10553335
  1.12659412  1.12659412  1.14639954  1.14639954  1.16414228  1.16414228
  1.18075779  1.18075779  1.19550359  1.19550359  1.20929789  1.20929789
  1.22193659  1.22193659]
localization_length: 0.4936019483307532
0.49101347430882847
W_list: [3.0]
L_list: [15.712431177882511]
