C_list:
0.0006423602260469771 0.2107967063842033
C_list:
0.0006320339421993517 0.22804582901684803
C_list:
0.0006522091766772689 0.25370066501132077
C_list:
0.0006285941787053534 0.2613734307097762
C_list:
0.0006609893117419983 0.28258345044373534
C_list:
0.0006450123181802489 0.29774495025231124
ndim2: 60
W_list: [2.3, 2.4, 2.5, 2.5999999999999996, 2.6999999999999997, 2.8]
L_list: [4.743907137606672, 4.385083490942165, 3.941653049886083, 3.8259435830353388, 3.5387776546351857, 3.3585792106720627]
C_list:
0.0005827109607822722 0.15729815015325743
C_list:
0.0005197132455955997 0.16554564367956465
C_list:
0.0005834909677445619 0.18386006617221828
C_list:
0.0005629718499255408 0.20359937867008915
C_list:
0.0005290221505272211 0.20744909039770296
C_list:
0.0006030367441886846 0.22195862694086022
ndim2: 60
W_list: [2.3, 2.4, 2.5, 2.5999999999999996, 2.6999999999999997, 2.8]
L_list: [6.357353846982233, 6.0406301112678715, 5.438918960593209, 4.911606344439745, 4.820459796101727, 4.505344143557191]
C_list:
0.0005176343372748164 0.1334311259375181
C_list:
0.0005060121086933694 0.14452787742801013
C_list:
0.000518741714720158 0.15195333714518033
C_list:
0.000525755654197199 0.16846995014276184
C_list:
0.0005193089694940848 0.17185845890991805
C_list:
0.0005257520052213312 0.19256344541138828
ndim2: 60
W_list: [2.3, 2.4, 2.5, 2.5999999999999996, 2.6999999999999997, 2.8]
L_list: [7.494503197614256, 6.919080372560676, 6.580967675916014, 5.935776672056932, 5.818741808479521, 5.1930936209809815]
