W: 3.2
num_iter: 0
[-1.22817225 -1.22817225 -1.20001503 -1.20001503 -1.16629933 -1.16629933
 -1.12710642 -1.12710642 -1.08016413 -1.08016413 -1.02555119 -1.02555119
 -0.96412846 -0.96412846 -0.89465069 -0.89465069 -0.81813691 -0.81813691
 -0.73465274 -0.73465274 -0.64557861 -0.64557861 -0.55169225 -0.55169225
 -0.45222709 -0.45222709 -0.34732117 -0.34732117 -0.23512093 -0.23512093
 -0.10433288 -0.10433288  0.10433901  0.10433901  0.23511641  0.23511641
  0.34731672  0.34731672  0.45222415  0.45222415  0.55168874  0.55168874
  0.64557605  0.64557605  0.73465079  0.73465079  0.81813469  0.81813469
  0.89464556  0.89464556  0.96413609  0.96413609  1.02555348  1.02555348
  1.08016909  1.08016909  1.12710777  1.12710777  1.16630772  1.16630772
  1.20001557  1.20001557  1.22816822  1.22816822]
localization_length: 0.5990441128467924
0.5950961696039773
W_list: [3.2]
L_list: [9.521538713663636]
