[-2.41421356 -1.         -1.         -0.41421356  0.41421356  1.
  1.          2.41421356]
W: 2.6
num_iter: 0
[-0.63256782 -0.57179529 -0.50551876 -0.43473151 -0.35935919 -0.28013164
 -0.19310205 -0.10111023  0.10110472  0.19310369  0.28013351  0.35935413
  0.43473661  0.50551992  0.57179245  0.63257146]
localization_length: 1.2363418376812731
1.2290892775560494
W_list: [2.6]
L_list: [1.2290892775560494]
[-2.41421356 -1.         -1.         -0.41421356  0.41421356  1.
  1.          2.41421356]
W: 2.6
num_iter: 0
[-0.63207744 -0.57208497 -0.50680789 -0.43444897 -0.35896957 -0.27948585
 -0.19380187 -0.10153268  0.10152667  0.19379677  0.27949948  0.35895881
  0.43446278  0.50681141  0.57207455  0.63207879]
localization_length: 1.2312035305066558
1.2210013911489943
W_list: [2.6]
L_list: [1.2210013911489943]
