[-2.41421356 -1.         -1.         -0.41421356  0.41421356  1.
  1.          2.41421356]
W: 2.6
num_iter: 0
[-0.63312329 -0.57310567 -0.50646494 -0.43467936 -0.35971154 -0.27964656
 -0.19411666 -0.10147431  0.10147884  0.19410874  0.27964164  0.35971622
  0.43467845  0.50646066  0.57311358  0.63312417]
localization_length: 1.2318388899869332
1.2105336062333651
W_list: [2.6]
L_list: [1.2105336062333651]
[-2.41421356 -1.         -1.         -0.41421356  0.41421356  1.
  1.          2.41421356]
W: 2.6
num_iter: 0
[-0.63319734 -0.57306937 -0.50660524 -0.43521049 -0.35934152 -0.27934604
 -0.19313212 -0.10115415  0.10115417  0.1931353   0.27934905  0.3593405
  0.43520005  0.50660843  0.57306993  0.63319885]
localization_length: 1.2357377204796098
1.2442055248100519
W_list: [2.6]
L_list: [1.2442055248100519]
