[-2.41421356 -1.         -1.         -0.41421356  0.41421356  1.
  1.          2.41421356]
W: 3.2
num_iter: 0
[-0.78268794 -0.76884407 -0.75494384 -0.74062471 -0.7263323  -0.71069115
 -0.69547858 -0.67883379 -0.66128389 -0.64435935 -0.62636811 -0.60732522
 -0.58820273 -0.56867951 -0.54857228 -0.52727001 -0.50574193 -0.483622
 -0.46109065 -0.43776919 -0.41328569 -0.38928495 -0.36419335 -0.33737914
 -0.3102772  -0.28178758 -0.25265473 -0.22156881 -0.18930108 -0.15382092
 -0.11606425 -0.06792793  0.06792212  0.11606608  0.15382768  0.18928797
  0.22158051  0.25264936  0.28177893  0.31027521  0.3373861   0.36420522
  0.38928409  0.41327964  0.43778644  0.46108767  0.48361906  0.50575477
  0.5272634   0.548564    0.56867558  0.58820076  0.60733093  0.62638505
  0.64435638  0.66127272  0.67884099  0.69546146  0.71069774  0.72634209
  0.74060867  0.75494251  0.76883996  0.78269377]
localization_length: 0.4600857700196323
0.46203378905641546
W_list: [3.2]
L_list: [0.46203378905641546]
[-2.41421356 -1.         -1.         -0.41421356  0.41421356  1.
  1.          2.41421356]
W: 3.2
num_iter: 0
[-0.78216848 -0.76904027 -0.75496321 -0.74146971 -0.72654355 -0.71165894
 -0.69516383 -0.67937774 -0.66191709 -0.64440267 -0.62673821 -0.60743192
 -0.58852502 -0.56928855 -0.54789218 -0.52718148 -0.50562721 -0.48352751
 -0.46096256 -0.43673375 -0.41326751 -0.38865645 -0.36296393 -0.33706991
 -0.3096496  -0.28255801 -0.25281545 -0.22221692 -0.18960634 -0.15387957
 -0.11497183 -0.06870039  0.06870088  0.11496489  0.15387647  0.18960937
  0.22221226  0.252807    0.2825568   0.30965699  0.33707868  0.36296386
  0.38865821  0.41326668  0.43673338  0.46097555  0.48353748  0.50562102
  0.52718131  0.54789008  0.56929953  0.58852467  0.60743273  0.6267376
  0.64439334  0.66190863  0.67937914  0.69516739  0.71164429  0.72654008
  0.74145676  0.75498099  0.76904429  0.78216943]
localization_length: 0.4548736655255531
0.458261709852936
W_list: [3.2]
L_list: [0.458261709852936]
