Norm difference: 1.0
Norm difference: 1.0
1 1
1 2
2 1
2 2
1 1
1 2
2 1
2 2
1 1
1 2
2 1
2 2
1 1
1 2
2 1
2 2
1 1
1 2
2 1
2 2
1 1
1 2
2 1
2 2
1 1
1 2
2 1
2 2
1 1
1 2
2 1
2 2
1 1
1 2
2 1
2 2
1 1
1 2
2 1
2 2
1 1
1 2
2 1
2 2
1 1
1 2
2 1
2 2
1 1
1 2
2 1
2 2
1 1
1 2
2 1
2 2
1 1
1 2
2 1
2 2
1 1
1 2
2 1
2 2
1 1
1 2
2 1
2 2
1 1
1 2
2 1
2 2
1 1
1 2
2 1
2 2
1 1
1 2
2 1
2 2
1 1 1 0.012194200703647276
1 2 1 0.01323170134812442
2 1 1 0.010697208468302261
2 2 1 0.010869093861580647
1 1 2 0.01842726559164427
1 2 2 0.012092700776780546
2 1 2 0.012640260301513403
2 2 2 0.009131064965725688
1 1 3 0.013713644462829497
1 2 3 0.012881901573230192
2 1 3 0.013575338079717192
2 2 3 0.010263110448156153
1 1 4 0.013433057919270722
1 2 4 0.011096944251602365
2 1 4 0.010037586258335193
2 2 4 0.009471577800949274
1 1 5 0.015768352340307774
1 2 5 0.011129178751781241
2 1 5 0.009218537759234282
2 2 5 0.008104196566481878
1 1 6 0.010896065172080464
1 2 6 0.011422138725901174
2 1 6 0.010050038233556055
2 2 6 0.008524678817928745
1 1 7 0.01358823857441458
1 2 7 0.008329706831610561
2 1 7 0.008757877564806485
2 2 7 0.0053576408347637905
1 1 8 0.008944016486545628
1 2 8 0.010030499051628247
2 1 8 0.009102647162114017
2 2 8 0.006589799304291401
1 1 9 0.010388999941428705
1 2 9 0.00706001654386588
2 1 9 0.008450757540602784
2 2 9 0.00765320045313953
1 1 10 0.0077999261402875945
1 2 10 0.0073194121441329234
2 1 10 0.005739769274108042
2 2 10 0.006180494773283232
1 1 11 0.00736293120144086
1 2 11 0.005572197925113852
2 1 11 0.006339998795483357
2 2 11 0.004202004802646265
1 1 12 0.006661987353232983
1 2 12 0.005071001221625823
2 1 12 0.007459358530851744
2 2 12 0.00508019727728951
1 1 13 0.005591964359721411
1 2 13 0.004255785217169822
2 1 13 0.0039940965711798265
2 2 13 0.00425609182496581
1 1 14 0.005527047544157846
1 2 14 0.00409034587299767
2 1 14 0.003505897049822942
2 2 14 0.003696390586046017
1 1 15 0.003532153630675672
1 2 15 0.003598851138003243
2 1 15 0.00457414343117778
2 2 15 0.002870800100185768
1 1 16 0.0032009370695121565
1 2 16 0.00277491424411422
2 1 16 0.002781983195836236
2 2 16 0.0023428121052760276
1 1 17 0.002984489013119359
1 2 17 0.0027942261139064393
2 1 17 0.0033179439779007945
2 2 17 0.0020753380291754935
1 1 18 0.002270173712395321
1 2 18 0.0025487710070764753
2 1 18 0.0015061929546515036
2 2 18 0.0026682240327216725
1 1 19 0.0015521170491381553
1 2 19 0.0017064970748820398
2 1 19 0.001225034943066749
2 2 19 0.0015936857019996722
1 1 20 0.0016044044803921486
1 2 20 0.0014721495231354894
2 1 20 0.001524477016400021
2 2 20 0.0013772661037783148
