W: 2.6
num_iter: 0
[-0.80040953 -0.80040953 -0.79125552 -0.79125552 -0.78077108 -0.78077108
 -0.76841942 -0.76841942 -0.75514537 -0.75514537 -0.74047222 -0.74047222
 -0.72463616 -0.72463616 -0.70756301 -0.70756301 -0.68932068 -0.68932068
 -0.67035961 -0.67035961 -0.64997459 -0.64997459 -0.62874657 -0.62874657
 -0.60632239 -0.60632239 -0.58302531 -0.58302531 -0.55874116 -0.55874116
 -0.5336346  -0.5336346  -0.50743968 -0.50743968 -0.48086697 -0.48086697
 -0.45262887 -0.45262887 -0.42386645 -0.42386645 -0.39403154 -0.39403154
 -0.36342089 -0.36342089 -0.33142234 -0.33142234 -0.29861083 -0.29861083
 -0.26473797 -0.26473797 -0.23051467 -0.23051467 -0.19531448 -0.19531448
 -0.15916672 -0.15916672 -0.12272992 -0.12272992 -0.08598285 -0.08598285
 -0.04962719 -0.04962719 -0.01138588 -0.01138588  0.01138823  0.01138823
  0.04962576  0.04962576  0.08598275  0.08598275  0.12272808  0.12272808
  0.15917228  0.15917228  0.19531087  0.19531087  0.23051417  0.23051417
  0.26473722  0.26473722  0.29860732  0.29860732  0.33142336  0.33142336
  0.36342423  0.36342423  0.394028    0.394028    0.42386704  0.42386704
  0.45262679  0.45262679  0.48086314  0.48086314  0.50743724  0.50743724
  0.53363746  0.53363746  0.5587413   0.5587413   0.58302706  0.58302706
  0.60631633  0.60631633  0.62875072  0.62875072  0.64997544  0.64997544
  0.67035954  0.67035954  0.68931909  0.68931909  0.70756328  0.70756328
  0.72464315  0.72464315  0.7404748   0.7404748   0.75515     0.75515
  0.76842143  0.76842143  0.7807702   0.7807702   0.79125174  0.79125174
  0.80040642  0.80040642]
localization_length: 2.744628299745951
2.644105696558366
W_list: [2.6]
L_list: [84.6113822898677]
