Norm difference: 0.9999999999999999
Norm difference: 1.0
1 1
1 2
1 3
2 1
2 2
2 3
3 1
3 2
3 3
1 1
1 2
1 3
2 1
2 2
2 3
3 1
3 2
3 3
1 1
1 2
1 3
2 1
2 2
2 3
3 1
3 2
3 3
1 1
1 2
1 3
2 1
2 2
2 3
3 1
3 2
3 3
1 1
1 2
1 3
2 1
2 2
2 3
3 1
3 2
3 3
1 1
1 2
1 3
2 1
2 2
2 3
3 1
3 2
3 3
1 1
1 2
1 3
2 1
2 2
2 3
3 1
3 2
3 3
1 1
1 2
1 3
2 1
2 2
2 3
3 1
3 2
3 3
1 1
1 2
1 3
2 1
2 2
2 3
3 1
3 2
3 3
1 1
1 2
1 3
2 1
2 2
2 3
3 1
3 2
3 3
1 1
1 2
1 3
2 1
2 2
2 3
3 1
3 2
3 3
1 1
1 2
1 3
2 1
2 2
2 3
3 1
3 2
3 3
1 1
1 2
1 3
2 1
2 2
2 3
3 1
3 2
3 3
1 1
1 2
1 3
2 1
2 2
2 3
3 1
3 2
3 3
1 1
1 2
1 3
2 1
2 2
2 3
3 1
3 2
3 3
1 1
1 2
1 3
2 1
2 2
2 3
3 1
3 2
3 3
1 1
1 2
1 3
2 1
2 2
2 3
3 1
3 2
3 3
1 1
1 2
1 3
2 1
2 2
2 3
3 1
3 2
3 3
1 1
1 2
1 3
2 1
2 2
2 3
3 1
3 2
3 3
1 1
1 2
1 3
2 1
2 2
2 3
3 1
3 2
3 3
1 1 1 0.016004918293875202
1 2 1 0.013634267150989518
1 3 1 0.016236035434428996
2 1 1 0.015877733974864507
2 2 1 0.012826017225519565
2 3 1 0.012016844265409124
3 1 1 0.00928302208093559
3 2 1 0.017200068037854857
3 3 1 0.018537294869929184
1 1 2 0.011748722713950246
1 2 2 0.01175998336452053
1 3 2 0.012185474858116557
2 1 2 0.011809865172806362
2 2 2 0.010698347163392952
2 3 2 0.010660852707535983
3 1 2 0.012299751846945161
3 2 2 0.014282906076238458
3 3 2 0.013640224647475552
1 1 3 0.011570334206422209
1 2 3 0.010692591468240411
1 3 3 0.007265436831673587
2 1 3 0.012577386039371415
2 2 3 0.010458079631199591
2 3 3 0.008788388125769602
3 1 3 0.01148200187575838
3 2 3 0.010618965241911355
3 3 3 0.00821143150154112
1 1 4 0.010080175699501866
1 2 4 0.008569801365973318
1 3 4 0.006744202094425682
2 1 4 0.010174073330436626
2 2 4 0.008989296104486138
2 3 4 0.007601316984676096
3 1 4 0.01379355408777915
3 2 4 0.009601521246827272
3 3 4 0.006844015912761614
1 1 5 0.006425131187600945
1 2 5 0.007743277764387077
1 3 5 0.0072051871407132675
2 1 5 0.009236511544215533
2 2 5 0.007829056065003673
2 3 5 0.007786984242604847
3 1 5 0.010072211396490251
3 2 5 0.007760191613516975
3 3 5 0.009081638695461011
1 1 6 0.005240514082524753
1 2 6 0.007388539941828152
1 3 6 0.005781806329015248
2 1 6 0.005690330087955419
2 2 6 0.006160339427463817
2 3 6 0.006150406075932319
3 1 6 0.007663783582758268
3 2 6 0.007597937987006878
3 3 6 0.0076086934350139
1 1 7 0.004268954658405507
1 2 7 0.004736237775533486
1 3 7 0.003836821630615589
2 1 7 0.004809178095662535
2 2 7 0.006444843462331899
2 3 7 0.005227110224433515
3 1 7 0.004488685336503756
3 2 7 0.006271726343893691
3 3 7 0.00610172704237709
1 1 8 0.004725658033803952
1 2 8 0.004399502007414084
1 3 8 0.0035824287433661424
2 1 8 0.004261783698486522
2 2 8 0.004814795732275697
2 3 8 0.0036867501550623336
3 1 8 0.00552049338408477
3 2 8 0.005641590797349838
3 3 8 0.003857218607353876
1 1 9 0.004301494901807509
1 2 9 0.003787092883355914
1 3 9 0.003053465190037935
2 1 9 0.003419258866632758
2 2 9 0.004391592102038749
2 3 9 0.003881217102941999
3 1 9 0.0032366319865517897
3 2 9 0.004610620518277512
3 3 9 0.002977297437544926
1 1 10 0.003780488699048586
1 2 10 0.005228263854256903
1 3 10 0.0036820846616649797
2 1 10 0.0035980834788113037
2 2 10 0.0036283782755949885
2 3 10 0.0035876026123570414
3 1 10 0.003831970464375445
3 2 10 0.004182882441609791
3 3 10 0.003962106775289979
1 1 11 0.0032247850783388406
1 2 11 0.0038317883560212997
1 3 11 0.0037722225578632786
2 1 11 0.0031901938015298724
2 2 11 0.003737672128596557
2 3 11 0.0029642505854260088
3 1 11 0.0032719765089474504
3 2 11 0.0027354765792856578
3 3 11 0.0029891593867087452
1 1 12 0.003211509415681702
1 2 12 0.003977333146630251
1 3 12 0.004631915646509611
2 1 12 0.003230019122607122
2 2 12 0.004019014596728017
2 3 12 0.0032566828143989674
3 1 12 0.0029794298384056856
3 2 12 0.004017218666929306
3 3 12 0.0032041616211775223
1 1 13 0.002938036449065566
1 2 13 0.0037260037799358298
1 3 13 0.003140142393003536
2 1 13 0.0026177201515861026
2 2 13 0.003223750740379519
2 3 13 0.0028848437780510457
3 1 13 0.0027438287704470467
3 2 13 0.0030177785967400008
3 3 13 0.0024719607606593645
1 1 14 0.0035713796055767107
1 2 14 0.003960225192457105
1 3 14 0.004224629936058665
2 1 14 0.002747987441780343
2 2 14 0.003389306188704877
2 3 14 0.003001464603562209
3 1 14 0.002363796927085983
3 2 14 0.00398745781924002
3 3 14 0.003908564029330049
1 1 15 0.002550796712979788
1 2 15 0.003872125104082959
1 3 15 0.0030827391284173
2 1 15 0.0026186617142940063
2 2 15 0.002851419570692768
2 3 15 0.0028375606595943204
3 1 15 0.002570742439867607
3 2 15 0.0037143877818341894
3 3 15 0.003012818945435446
1 1 16 0.003395866910853073
1 2 16 0.004009113984702877
1 3 16 0.0035267088857193
2 1 16 0.002693380070213936
2 2 16 0.003348516737632169
2 3 16 0.003042001777027484
3 1 16 0.0030318339196823947
3 2 16 0.0035401041642423026
3 3 16 0.0035263753038592823
1 1 17 0.0033574330820529664
1 2 17 0.003960205768506961
1 3 17 0.003236184445506326
2 1 17 0.0024462968397794445
2 2 17 0.002266864241588466
2 3 17 0.001922040743734588
3 1 17 0.002854839112839967
3 2 17 0.0030132302842410903
3 3 17 0.002663396961726643
1 1 18 0.0029926952760303796
1 2 18 0.004149862768604001
1 3 18 0.002690612244516488
2 1 18 0.002719103446079272
2 2 18 0.002902095139939247
2 3 18 0.002436558443931302
3 1 18 0.002709680570764483
3 2 18 0.00258079714378484
3 3 18 0.0024247861821229096
1 1 19 0.0024133510577030847
1 2 19 0.0024864714032319154
1 3 19 0.0025356060005852525
2 1 19 0.002345618317868352
2 2 19 0.002748037773909496
2 3 19 0.001699030096469591
3 1 19 0.0028894465809712866
3 2 19 0.002814046014173812
3 3 19 0.0023046345915385333
1 1 20 0.002845679923467076
1 2 20 0.0031395111352991853
1 3 20 0.002476841891731246
2 1 20 0.002061444184843217
2 2 20 0.0024388092588071126
2 3 20 0.0021202426648596904
3 1 20 0.0028910446186334103
3 2 20 0.0030148415655910843
3 3 20 0.002281100817753587
