W: 2.0
num_iter: 0
[-0.88936406 -0.88936406 -0.82722192 -0.82722192 -0.73371498 -0.73371498
 -0.61351178 -0.61351178 -0.47916799 -0.47916799 -0.33900825 -0.33900825
 -0.19626499 -0.19626499 -0.04496886 -0.04496886  0.04496499  0.04496499
  0.19626651  0.19626651  0.33901227  0.33901227  0.47916667  0.47916667
  0.61350576  0.61350576  0.73371682  0.73371682  0.82722192  0.82722192
  0.88936789  0.88936789]
localization_length: 2.7799404182702916
2.7907574543187694
W_list: [2.0]
L_list: [22.326059634550155]
