W: 2.6
num_iter: 0
[-1.18238292 -1.18238292 -1.12082003 -1.12082003 -1.02983176 -1.02983176
 -0.90110174 -0.90110174 -0.73366132 -0.73366132 -0.54092429 -0.54092429
 -0.34031444 -0.34031444 -0.11760916 -0.11760916  0.11761393  0.11761393
  0.34031858  0.34031858  0.5409251   0.5409251   0.73366047  0.73366047
  0.90110069  0.90110069  1.02983181  1.02983181  1.12081196  1.12081196
  1.18238313  1.18238313]
localization_length: 1.0628423804279015
1.064807173446842
W_list: [2.6]
L_list: [8.518457387574736]
