Norm difference: 1.0
Norm difference: 0.9999999999999999
1 1
1 2
2 1
2 2
1 1
1 2
2 1
2 2
1 1
1 2
2 1
2 2
1 1
1 2
2 1
2 2
1 1
1 2
2 1
2 2
1 1
1 2
2 1
2 2
1 1
1 2
2 1
2 2
1 1
1 2
2 1
2 2
1 1
1 2
2 1
2 2
1 1
1 2
2 1
2 2
1 1
1 2
2 1
2 2
1 1
1 2
2 1
2 2
1 1
1 2
2 1
2 2
1 1
1 2
2 1
2 2
1 1
1 2
2 1
2 2
1 1
1 2
2 1
2 2
1 1
1 2
2 1
2 2
1 1
1 2
2 1
2 2
1 1
1 2
2 1
2 2
1 1
1 2
2 1
2 2
1 1 1 0.01155348404780757
1 2 1 0.017964493911894225
2 1 1 0.014674222516756647
2 2 1 0.01643529728246161
1 1 2 0.01129620534276659
1 2 2 0.017224276761430436
2 1 2 0.014035452269153047
2 2 2 0.015508253693669139
1 1 3 0.009881807551333804
1 2 3 0.017642924110749858
2 1 3 0.013735014182777023
2 2 3 0.01318462318914479
1 1 4 0.010550708896244964
1 2 4 0.012244470299035554
2 1 4 0.009472101980537623
2 2 4 0.007779190539388607
1 1 5 0.011106460532531042
1 2 5 0.008201762498604815
2 1 5 0.005435694773801196
2 2 5 0.010116465112882007
1 1 6 0.007010818962837959
1 2 6 0.006136418390381033
2 1 6 0.007632034695624028
2 2 6 0.0072872211011933575
1 1 7 0.004032814772935321
1 2 7 0.004757399978294381
2 1 7 0.005334867618381239
2 2 7 0.003604741938654288
1 1 8 0.0027269099690084902
1 2 8 0.0034831327368060987
2 1 8 0.0038188004052836246
2 2 8 0.0035002869444098923
1 1 9 0.0030120640180993042
1 2 9 0.0017604444849039697
2 1 9 0.0027458781635041614
2 2 9 0.002290071596431321
1 1 10 0.0021500302101493665
1 2 10 0.001352990022288552
2 1 10 0.0013365955129730708
2 2 10 0.0018243604429608435
1 1 11 0.0014419711532692515
1 2 11 0.0012475133358471173
2 1 11 0.0011739026100651845
2 2 11 0.0010668982786613108
1 1 12 0.0009244590103186674
1 2 12 0.0009626894172058183
2 1 12 0.000977520187059479
2 2 12 0.0008191372000200375
1 1 13 0.00030289580763962225
1 2 13 0.0007427624251879212
2 1 13 0.0005660370116011505
2 2 13 0.0005926228116721802
1 1 14 0.00033118136201673294
1 2 14 0.00044548446535984095
2 1 14 0.0005083818766738179
2 2 14 0.0004968367909330997
1 1 15 0.00032699703411998726
1 2 15 0.0002368128189306021
2 1 15 0.00030568263944191174
2 2 15 0.00030474898962443706
1 1 16 0.00026238385964203175
1 2 16 0.00022308433184203778
2 1 16 0.00018691506750851018
2 2 16 0.00028275036220072505
1 1 17 0.00014288358496357108
1 2 17 0.00018229948109472252
2 1 17 0.000175987298723405
2 2 17 0.00016211661629555977
1 1 18 0.00010396061011003254
1 2 18 0.00010622718279219899
2 1 18 0.00012866685343071736
2 2 18 0.00014689155928738367
1 1 19 0.00011675720632166615
1 2 19 9.708178195317723e-5
2 1 19 0.00010196109547010348
2 2 19 0.0001301838022796042
1 1 20 7.574083993470083e-5
1 2 20 0.0001152552929861668
2 1 20 9.201957861182885e-5
2 2 20 9.984348132412768e-5
