W: 3.0
num_iter: 0
[-1.01585721 -1.01585721 -1.00358542 -1.00358542 -0.98996995 -0.98996995
 -0.97469411 -0.97469411 -0.95849718 -0.95849718 -0.94105691 -0.94105691
 -0.92155441 -0.92155441 -0.90105012 -0.90105012 -0.87903867 -0.87903867
 -0.855485   -0.855485   -0.83032604 -0.83032604 -0.80431147 -0.80431147
 -0.77671803 -0.77671803 -0.74793578 -0.74793578 -0.71809463 -0.71809463
 -0.68688271 -0.68688271 -0.65486053 -0.65486053 -0.62132513 -0.62132513
 -0.58654061 -0.58654061 -0.55116536 -0.55116536 -0.51400286 -0.51400286
 -0.47637763 -0.47637763 -0.43671065 -0.43671065 -0.39645507 -0.39645507
 -0.35532539 -0.35532539 -0.31326266 -0.31326266 -0.26897903 -0.26897903
 -0.22414318 -0.22414318 -0.17821408 -0.17821408 -0.13102193 -0.13102193
 -0.08264717 -0.08264717 -0.02783275 -0.02783275  0.02783686  0.02783686
  0.08264369  0.08264369  0.13102268  0.13102268  0.17821867  0.17821867
  0.22414694  0.22414694  0.268981    0.268981    0.31326002  0.31326002
  0.3553197   0.3553197   0.39645286  0.39645286  0.43671095  0.43671095
  0.47637292  0.47637292  0.51400049  0.51400049  0.55116123  0.55116123
  0.58654041  0.58654041  0.62132253  0.62132253  0.65485945  0.65485945
  0.68688767  0.68688767  0.71808951  0.71808951  0.74793675  0.74793675
  0.77671963  0.77671963  0.80431225  0.80431225  0.83032574  0.83032574
  0.85548574  0.85548574  0.87904401  0.87904401  0.90104596  0.90104596
  0.92155022  0.92155022  0.94106421  0.94106421  0.95850049  0.95850049
  0.97469885  0.97469885  0.98997079  0.98997079  1.0035842   1.0035842
  1.01585528  1.01585528]
localization_length: 1.1227779390674466
1.130047475136959
W_list: [3.0]
L_list: [36.161519204382685]
