W: 3.2
num_iter: 0
[-1.23366118 -1.23366118 -1.22083174 -1.22083174 -1.20664861 -1.20664861
 -1.19148258 -1.19148258 -1.17477607 -1.17477607 -1.15652667 -1.15652667
 -1.1366528  -1.1366528  -1.11517655 -1.11517655 -1.0914244  -1.0914244
 -1.06603317 -1.06603317 -1.03961768 -1.03961768 -1.01047199 -1.01047199
 -0.97939685 -0.97939685 -0.94636815 -0.94636815 -0.91192679 -0.91192679
 -0.87508384 -0.87508384 -0.83677702 -0.83677702 -0.79711498 -0.79711498
 -0.75556477 -0.75556477 -0.71277351 -0.71277351 -0.66853918 -0.66853918
 -0.62263302 -0.62263302 -0.57590003 -0.57590003 -0.52773356 -0.52773356
 -0.47752109 -0.47752109 -0.42659132 -0.42659132 -0.37359417 -0.37359417
 -0.3195496  -0.3195496  -0.26421488 -0.26421488 -0.20650951 -0.20650951
 -0.14422057 -0.14422057 -0.07315672 -0.07315672  0.07315758  0.07315758
  0.14422546  0.14422546  0.20650368  0.20650368  0.26422115  0.26422115
  0.31954297  0.31954297  0.37359021  0.37359021  0.42658254  0.42658254
  0.47751695  0.47751695  0.52773896  0.52773896  0.57590244  0.57590244
  0.62263703  0.62263703  0.66853702  0.66853702  0.71277308  0.71277308
  0.7555606   0.7555606   0.79711023  0.79711023  0.83677932  0.83677932
  0.87508585  0.87508585  0.91192785  0.91192785  0.94637115  0.94637115
  0.97939499  0.97939499  1.01047469  1.01047469  1.03961678  1.03961678
  1.06604051  1.06604051  1.0914254   1.0914254   1.11518159  1.11518159
  1.13665649  1.13665649  1.15653367  1.15653367  1.17477332  1.17477332
  1.19148003  1.19148003  1.20664506  1.20664506  1.22082673  1.22082673
  1.23365969  1.23365969]
localization_length: 0.42716512101353427
0.428815747162707
W_list: [3.2]
L_list: [13.722103909206623]
