W: 3.6
num_iter: 0
[-0.90019192 -0.90019192 -0.85044935 -0.85044935 -0.7828555  -0.7828555
 -0.6970764  -0.6970764  -0.59041438 -0.59041438 -0.45896056 -0.45896056
 -0.29945074 -0.29945074 -0.097245   -0.097245    0.09724472  0.09724472
  0.29945403  0.29945403  0.45896461  0.45896461  0.59041667  0.59041667
  0.69707913  0.69707913  0.78284791  0.78284791  0.85044333  0.85044333
  0.90019346  0.90019346]
localization_length: 1.285416879880786
1.293730905646454
W_list: [3.6]
L_list: [10.349847245171633]
