[-2.41421356 -1.         -1.         -0.41421356  0.41421356  1.
  1.          2.41421356]
W: 3.6
num_iter: 0
[-0.86071884 -0.84735052 -0.83359355 -0.81935383 -0.80470432 -0.78921869
 -0.77412313 -0.75694354 -0.74070893 -0.72318145 -0.70484976 -0.68581094
 -0.66555195 -0.64546138 -0.62469171 -0.60228149 -0.57971028 -0.55626246
 -0.53250163 -0.50751167 -0.48152707 -0.45441588 -0.42657338 -0.39808416
 -0.3683167  -0.33769907 -0.30450952 -0.26961485 -0.2325806  -0.19300919
 -0.14795717 -0.09505715  0.09505938  0.14796217  0.19299985  0.2325754
  0.26961049  0.30451898  0.33770264  0.36832752  0.39809034  0.42657996
  0.45441949  0.48152872  0.50750898  0.5325041   0.55626463  0.57970043
  0.60228963  0.62468766  0.64545015  0.66554764  0.68581713  0.70484581
  0.72317963  0.74071543  0.75693684  0.77412679  0.78921558  0.80470821
  0.81934753  0.83359125  0.84734233  0.86072012]
localization_length: 0.328749585306289
0.32689855542905927
W_list: [3.6]
L_list: [0.32689855542905927]
[-2.41421356 -1.         -1.         -0.41421356  0.41421356  1.
  1.          2.41421356]
W: 3.6
num_iter: 0
[-0.86054227 -0.84752065 -0.83334401 -0.81930157 -0.80501313 -0.78955478
 -0.77444951 -0.75735588 -0.74057632 -0.72261922 -0.70441526 -0.68521414
 -0.66550322 -0.64495617 -0.62389881 -0.60183346 -0.57973676 -0.55588608
 -0.53235477 -0.50676453 -0.48134617 -0.45458524 -0.42721966 -0.39809044
 -0.36817977 -0.33731962 -0.3042517  -0.26906257 -0.23257314 -0.19272496
 -0.14830812 -0.09458134  0.09457487  0.14831204  0.19273074  0.23257952
  0.26905625  0.30425802  0.3373236   0.36817685  0.39809654  0.42721904
  0.45457607  0.48134336  0.50674616  0.53234773  0.5558837   0.57974671
  0.60184299  0.6238923   0.64495704  0.66550819  0.68521273  0.7044209
  0.72261939  0.74058538  0.75735946  0.77443788  0.78955833  0.80499138
  0.81932941  0.83333395  0.847524    0.86053872]
localization_length: 0.33042604243803975
0.33065086414272354
W_list: [3.6]
L_list: [0.33065086414272354]
