W: 3.0
num_iter: 0
[-0.85096117 -0.85096117 -0.7964302  -0.7964302  -0.72334656 -0.72334656
 -0.63277617 -0.63277617 -0.52493456 -0.52493456 -0.39770754 -0.39770754
 -0.24885168 -0.24885168 -0.06829427 -0.06829427  0.0682912   0.0682912
  0.24885615  0.24885615  0.39771015  0.39771015  0.5249319   0.5249319
  0.63277444  0.63277444  0.72334655  0.72334655  0.7964259   0.7964259
  0.85096586  0.85096586]
localization_length: 1.8303969005866194
1.835793007748666
W_list: [3.0]
L_list: [14.686344061989328]
