[-2.41421356 -1.         -1.         -0.41421356  0.41421356  1.
  1.          2.41421356]
W: 2.4
num_iter: 0
[-0.60307663 -0.57573244 -0.54634911 -0.51554176 -0.48261671 -0.44867165
 -0.41445742 -0.37983847 -0.34331804 -0.30608571 -0.26785908 -0.22958989
 -0.18827144 -0.14659479 -0.10096711 -0.05244762  0.05245245  0.10095675
  0.1465949   0.18827266  0.22958951  0.26785663  0.3060872   0.34332033
  0.379833    0.41446528  0.44868027  0.48261388  0.51554368  0.54633487
  0.57574125  0.60307522]
localization_length: 1.191665211720615
1.1973255775296776
W_list: [2.4]
L_list: [1.1973255775296776]
[-2.41421356 -1.         -1.         -0.41421356  0.41421356  1.
  1.          2.41421356]
W: 2.4
num_iter: 0
[-0.60259496 -0.5755008  -0.54605638 -0.51504104 -0.48208844 -0.44969458
 -0.41421814 -0.37853645 -0.34296399 -0.30615613 -0.26812944 -0.22896894
 -0.18914165 -0.14660382 -0.10113889 -0.05270646  0.05270857  0.10114107
  0.14661437  0.18914012  0.22897258  0.26812718  0.30614719  0.3429706
  0.37853806  0.41422463  0.44969273  0.48207931  0.51504602  0.54604599
  0.57551022  0.60258147]
localization_length: 1.1858128939537516
1.205278633528966
W_list: [2.4]
L_list: [1.205278633528966]
