Norm difference: 0.9999999999999999
Norm difference: 1.0
1 1
1 2
2 1
2 2
1 1
1 2
2 1
2 2
1 1
1 2
2 1
2 2
1 1
1 2
2 1
2 2
1 1
1 2
2 1
2 2
1 1
1 2
2 1
2 2
1 1
1 2
2 1
2 2
1 1
1 2
2 1
2 2
1 1
1 2
2 1
2 2
1 1
1 2
2 1
2 2
1 1
1 2
2 1
2 2
1 1
1 2
2 1
2 2
1 1
1 2
2 1
2 2
1 1
1 2
2 1
2 2
1 1
1 2
2 1
2 2
1 1
1 2
2 1
2 2
1 1
1 2
2 1
2 2
1 1
1 2
2 1
2 2
1 1
1 2
2 1
2 2
1 1
1 2
2 1
2 2
1 1 1 0.018592530902147957
1 2 1 0.017274029508887713
2 1 1 0.022388124676120252
2 2 1 0.014286709046422624
1 1 2 0.01668246957878859
1 2 2 0.01515226440945067
2 1 2 0.01314536562612334
2 2 2 0.013052264092706087
1 1 3 0.011747021186614175
1 2 3 0.014572312207376783
2 1 3 0.012867235416313908
2 2 3 0.012953182146268121
1 1 4 0.012058679935803712
1 2 4 0.010738630190279659
2 1 4 0.008619061851424649
2 2 4 0.008368801118719196
1 1 5 0.00780592893274277
1 2 5 0.009605493600062767
2 1 5 0.009394397290360134
2 2 5 0.008152684390414939
1 1 6 0.00746153571331309
1 2 6 0.006748199322710188
2 1 6 0.006252195845783072
2 2 6 0.008176124809677058
1 1 7 0.004894736584603166
1 2 7 0.006245642224507202
2 1 7 0.006679186957069111
2 2 7 0.005453613568477384
1 1 8 0.0049802223932197956
1 2 8 0.005420746086268871
2 1 8 0.003908250034594288
2 2 8 0.004506804964991728
1 1 9 0.004961573627436055
1 2 9 0.004271295795438
2 1 9 0.0047122936650878435
2 2 9 0.00365580269700517
1 1 10 0.002983808275446549
1 2 10 0.003548929960058008
2 1 10 0.003378249306526604
2 2 10 0.002824494938787534
1 1 11 0.0032264504807704777
1 2 11 0.002848099773964483
2 1 11 0.002833639733180237
2 2 11 0.002333471727957773
1 1 12 0.0023703419102128974
1 2 12 0.0019725524581476433
2 1 12 0.0018789550578318568
2 2 12 0.002159303621180818
1 1 13 0.002081597015565162
1 2 13 0.0018828768038109752
2 1 13 0.0015589804942412588
2 2 13 0.001735155103658859
1 1 14 0.001321334815063008
1 2 14 0.0016530606395951154
2 1 14 0.0012103066935288873
2 2 14 0.0012798231649012292
1 1 15 0.0012695239590909113
1 2 15 0.001436222554712631
2 1 15 0.001102843783730148
2 2 15 0.0013146243486752735
1 1 16 0.0008831244884457792
1 2 16 0.0013256032583480268
2 1 16 0.0010650030848945683
2 2 16 0.001202487583261806
1 1 17 0.0013366568322533824
1 2 17 0.0009516161781855558
2 1 17 0.0008818013049511559
2 2 17 0.0011487215006944418
1 1 18 0.0009359241880931415
1 2 18 0.0013225312156505326
2 1 18 0.001082995114664597
2 2 18 0.0009122464185811301
1 1 19 0.0011202494695646751
1 2 19 0.0009950925992544086
2 1 19 0.0010100401620338237
2 2 19 0.0010534948137055351
1 1 20 0.0009423604002076405
1 2 20 0.0013209661501903543
2 1 20 0.0009004549141394301
2 2 20 0.0008384572540336345
