[-2.41421356 -1.         -1.         -0.41421356  0.41421356  1.
  1.          2.41421356]
W: 3.2
num_iter: 0
[-0.75961001 -0.70048002 -0.63304455 -0.55565716 -0.47011872 -0.3738474
 -0.26833943 -0.14564059  0.14563772  0.26833984  0.37383573  0.47012871
  0.55565166  0.6330504   0.7004852   0.75960861]
localization_length: 0.8582941134011475
0.8589385507133105
W_list: [3.2]
L_list: [0.8589385507133105]
[-2.41421356 -1.         -1.         -0.41421356  0.41421356  1.
  1.          2.41421356]
W: 3.2
num_iter: 0
[-0.7591592  -0.69985504 -0.6315261  -0.55546859 -0.46982631 -0.37420936
 -0.26833412 -0.14588604  0.14588025  0.26833499  0.37421881  0.46982701
  0.55546873  0.63152807  0.69984783  0.75915907]
localization_length: 0.8568671872822191
0.8559042887649873
W_list: [3.2]
L_list: [0.8559042887649873]
