W: 1.4
num_iter: 0
[-1.14128635 -1.14128635 -1.13394089 -1.13394089 -1.12528747 -1.12528747
 -1.11521127 -1.11521127 -1.10361934 -1.10361934 -1.0908222  -1.0908222
 -1.07576927 -1.07576927 -1.05877683 -1.05877683 -1.03977136 -1.03977136
 -1.01790365 -1.01790365 -0.99368629 -0.99368629 -0.96622071 -0.96622071
 -0.93565138 -0.93565138 -0.90038694 -0.90038694 -0.86132538 -0.86132538
 -0.81761654 -0.81761654 -0.7699021  -0.7699021  -0.71691637 -0.71691637
 -0.65964084 -0.65964084 -0.59985391 -0.59985391 -0.53850453 -0.53850453
 -0.47771561 -0.47771561 -0.41941819 -0.41941819 -0.36429531 -0.36429531
 -0.31305714 -0.31305714 -0.26486108 -0.26486108 -0.21953442 -0.21953442
 -0.17566105 -0.17566105 -0.13394622 -0.13394622 -0.09329242 -0.09329242
 -0.05429344 -0.05429344 -0.01286296 -0.01286296  0.01286269  0.01286269
  0.05429836  0.05429836  0.09329031  0.09329031  0.13394851  0.13394851
  0.175661    0.175661    0.21953129  0.21953129  0.26485991  0.26485991
  0.31304897  0.31304897  0.36429376  0.36429376  0.41942013  0.41942013
  0.47771534  0.47771534  0.53850455  0.53850455  0.59984753  0.59984753
  0.65964283  0.65964283  0.71691368  0.71691368  0.7699047   0.7699047
  0.8176277   0.8176277   0.86132489  0.86132489  0.90039289  0.90039289
  0.93565676  0.93565676  0.96621801  0.96621801  0.99369206  0.99369206
  1.0179056   1.0179056   1.03977316  1.03977316  1.05877602  1.05877602
  1.07576801  1.07576801  1.09081425  1.09081425  1.10361628  1.10361628
  1.11521136  1.11521136  1.12528161  1.12528161  1.13394092  1.13394092
  1.14128837  1.14128837]
localization_length: 2.4295067460264805
2.4700372937364814
W_list: [1.4]
L_list: [79.0411933995674]
