W: 2.2
num_iter: 0
[-0.73625966 -0.73625966 -0.72767704 -0.72767704 -0.71746084 -0.71746084
 -0.70576769 -0.70576769 -0.69284635 -0.69284635 -0.67831327 -0.67831327
 -0.6627088  -0.6627088  -0.64583993 -0.64583993 -0.6283212  -0.6283212
 -0.60916008 -0.60916008 -0.58911191 -0.58911191 -0.56827884 -0.56827884
 -0.54628259 -0.54628259 -0.52423941 -0.52423941 -0.50108847 -0.50108847
 -0.47705933 -0.47705933 -0.45227374 -0.45227374 -0.42674795 -0.42674795
 -0.40071235 -0.40071235 -0.3740992  -0.3740992  -0.34652329 -0.34652329
 -0.3182196  -0.3182196  -0.288996   -0.288996   -0.25946556 -0.25946556
 -0.22873941 -0.22873941 -0.19790902 -0.19790902 -0.16638303 -0.16638303
 -0.13445476 -0.13445476 -0.10258262 -0.10258262 -0.07076425 -0.07076425
 -0.03971323 -0.03971323 -0.00826545 -0.00826545  0.0082666   0.0082666
  0.03971584  0.03971584  0.07076515  0.07076515  0.10258273  0.10258273
  0.13445505  0.13445505  0.1663807   0.1663807   0.19791084  0.19791084
  0.22873391  0.22873391  0.25946295  0.25946295  0.28899643  0.28899643
  0.31822096  0.31822096  0.34652505  0.34652505  0.37409998  0.37409998
  0.40071433  0.40071433  0.42674594  0.42674594  0.45227135  0.45227135
  0.47706263  0.47706263  0.50108745  0.50108745  0.52424215  0.52424215
  0.54629065  0.54629065  0.56827996  0.56827996  0.58911082  0.58911082
  0.6091579   0.6091579   0.62831605  0.62831605  0.64584422  0.64584422
  0.66270902  0.66270902  0.67831395  0.67831395  0.69284287  0.69284287
  0.70575866  0.70575866  0.71746521  0.71746521  0.72767866  0.72767866
  0.73625683  0.73625683]
localization_length: 3.7808003757648914
4.279683279236968
W_list: [2.2]
L_list: [136.94986493558298]
