[-2.41421356 -1.         -1.         -0.41421356  0.41421356  1.
  1.          2.41421356]
W: 2.6
num_iter: 0
[-0.63247676 -0.57269487 -0.5059206  -0.43509091 -0.35895238 -0.2804705
 -0.19412799 -0.10038025  0.10037542  0.19413094  0.2804715   0.35895211
  0.43510119  0.50590823  0.57269623  0.63247864]
localization_length: 1.2453247917839256
1.256720170537689
W_list: [2.6]
L_list: [1.256720170537689]
[-2.41421356 -1.         -1.         -0.41421356  0.41421356  1.
  1.          2.41421356]
W: 2.6
num_iter: 0
[-0.6325515  -0.57157002 -0.50595566 -0.43486086 -0.35919934 -0.27930906
 -0.19439626 -0.09994764  0.09995023  0.19438779  0.27931074  0.35920188
  0.43486483  0.50595438  0.5715616   0.63255887]
localization_length: 1.2506549044628192
1.2531662935800039
W_list: [2.6]
L_list: [1.2531662935800039]
