W: 2.2
num_iter: 0
[-0.92062139 -0.92062139 -0.89504577 -0.89504577 -0.8631551  -0.8631551
 -0.8240606  -0.8240606  -0.77831449 -0.77831449 -0.72508149 -0.72508149
 -0.66685531 -0.66685531 -0.60304011 -0.60304011 -0.5367138  -0.5367138
 -0.46736684 -0.46736684 -0.3970772  -0.3970772  -0.32521017 -0.32521017
 -0.25163593 -0.25163593 -0.17818243 -0.17818243 -0.10278871 -0.10278871
 -0.02379518 -0.02379518  0.02379605  0.02379605  0.10278484  0.10278484
  0.17818182  0.17818182  0.25163614  0.25163614  0.32521245  0.32521245
  0.39707708  0.39707708  0.46736751  0.46736751  0.53671555  0.53671555
  0.6030425   0.6030425   0.66685866  0.66685866  0.72507604  0.72507604
  0.77831845  0.77831845  0.82405541  0.82405541  0.86315681  0.86315681
  0.89504344  0.89504344  0.9206218   0.9206218 ]
localization_length: 2.6265821331362025
2.619047486807212
W_list: [2.2]
L_list: [41.90475978891539]
