[-2.41421356 -1.         -1.         -0.41421356  0.41421356  1.
  1.          2.41421356]
W: 2.6
num_iter: 0
[-0.65585804 -0.64232189 -0.62872607 -0.61445954 -0.5992459  -0.58440491
 -0.56867958 -0.55208511 -0.53563821 -0.51900943 -0.50170736 -0.48400228
 -0.46625316 -0.44815643 -0.42931629 -0.41135366 -0.39165037 -0.37194861
 -0.35232541 -0.33219172 -0.31213433 -0.29158622 -0.27035335 -0.2480295
 -0.22608777 -0.20317241 -0.17980584 -0.15498147 -0.12978224 -0.10248858
 -0.07180722 -0.03899977  0.03900282  0.07179582  0.102492    0.12977748
  0.15498966  0.17979692  0.20317357  0.2260754   0.24803441  0.27035039
  0.29159729  0.31214643  0.33217949  0.35231364  0.37195513  0.39163545
  0.4113603   0.42932955  0.44816939  0.46625195  0.48400308  0.50170665
  0.5190178   0.5356318   0.55208364  0.56868062  0.58440661  0.59925495
  0.61444331  0.62872933  0.64231729  0.65586058]
localization_length: 0.8012867046670595
0.809376015611
W_list: [2.6]
L_list: [0.809376015611]
[-2.41421356 -1.         -1.         -0.41421356  0.41421356  1.
  1.          2.41421356]
W: 2.6
num_iter: 0
[-0.65545914 -0.64204529 -0.62823725 -0.61413664 -0.59911668 -0.58403146
 -0.56853223 -0.55192835 -0.53613799 -0.51870689 -0.50143859 -0.48405546
 -0.46605811 -0.44848424 -0.429598   -0.41051054 -0.39178584 -0.37220989
 -0.35223709 -0.33216869 -0.3117577  -0.29104198 -0.26983589 -0.24836107
 -0.22620665 -0.20308261 -0.179827   -0.15527332 -0.1291565  -0.10341791
 -0.07246335 -0.03956025  0.0395705   0.07245127  0.10341784  0.1291499
  0.15527401  0.17984239  0.20307855  0.22619494  0.24836489  0.26983331
  0.29104527  0.31174606  0.33216328  0.35224239  0.37221143  0.39178558
  0.41050686  0.42959951  0.44848282  0.46605543  0.48405866  0.50144298
  0.51871376  0.53613571  0.55192804  0.56853072  0.58404031  0.59911712
  0.61414191  0.62823604  0.6420422   0.65545894]
localization_length: 0.7899342817791035
0.7838122067733424
W_list: [2.6]
L_list: [0.7838122067733424]
