[-2.41421356 -1.         -1.         -0.41421356  0.41421356  1.
  1.          2.41421356]
W: 3.4
num_iter: 0
[-0.78071581 -0.62844646 -0.44558032 -0.24008787  0.24009253  0.44557102
  0.62845331  0.7807136 ]
localization_length: 1.041285434416927
1.0425032181412157
num_iter: 1
[-0.78145326 -0.62899973 -0.44563373 -0.23766392  0.23765568  0.44564082
  0.62899434  0.78145979]
localization_length: 1.0519420173547285
1.0528823105051344
num_iter: 2
[-0.78119208 -0.6293527  -0.4446675  -0.23911505  0.23911572  0.44466801
  0.62935433  0.78118926]
localization_length: 1.045521815732442
1.0443075453352
W_list: [3.4]
L_list: [1.0465643579938502]
[-2.41421356 -1.         -1.         -0.41421356  0.41421356  1.
  1.          2.41421356]
W: 3.4
num_iter: 0
[-0.78013735 -0.62839919 -0.44518599 -0.24003657  0.24003605  0.44517153
  0.62840938  0.78014214]
localization_length: 1.04151020362667
1.0436826670112787
num_iter: 1
[-0.78026181 -0.62827661 -0.44599727 -0.23894591  0.23894149  0.44599907
  0.62828101  0.78026002]
localization_length: 1.0462812573426357
1.0512926119722632
num_iter: 2
[-0.78028341 -0.628318   -0.44365051 -0.23958219  0.23957674  0.4436528
  0.62832027  0.7802843 ]
localization_length: 1.0435069915817754
1.038877874233215
W_list: [3.4]
L_list: [1.0446177177389189]
