[-2.41421356 -1.         -1.         -0.41421356  0.41421356  1.
  1.          2.41421356]
W: 3.4
num_iter: 0
[-0.78129239 -0.62807778 -0.44368781 -0.23902604  0.23902641  0.44368333
  0.6280774   0.78129688]
localization_length: 1.0459111389039926
1.0430648667641047
num_iter: 1
[-0.78088291 -0.62903861 -0.44725631 -0.23947462  0.23947316  0.44726756
  0.62903546  0.78087627]
localization_length: 1.0439583316492262
1.0439517038066868
num_iter: 2
[-0.7807049  -0.62844602 -0.44550587 -0.23816599  0.23816344  0.4455014
  0.62845265  0.78070528]
localization_length: 1.0496992976590955
1.0519992872837345
W_list: [3.4]
L_list: [1.046338619284842]
[-2.41421356 -1.         -1.         -0.41421356  0.41421356  1.
  1.          2.41421356]
W: 3.4
num_iter: 0
[-0.78267987 -0.62721953 -0.44516798 -0.23922217  0.23922186  0.44517228
  0.62721439  0.78268101]
localization_length: 1.0450549918474255
1.0520740370438195
num_iter: 1
[-0.78088971 -0.62879561 -0.44553917 -0.2402749   0.24027266  0.44553793
  0.62879453  0.78089426]
localization_length: 1.0404845963577811
1.0424397052290624
num_iter: 2
[-0.78050306 -0.62917863 -0.44602008 -0.24002156  0.24001752  0.44602451
  0.62917065  0.78051064]
localization_length: 1.0415906254000293
1.0386706646784765
W_list: [3.4]
L_list: [1.0443948023171195]
