W: 4.2
num_iter: 0
[-1.00830429 -1.00830429 -0.98683395 -0.98683395 -0.96180305 -0.96180305
 -0.93191444 -0.93191444 -0.89794712 -0.89794712 -0.85951295 -0.85951295
 -0.81610287 -0.81610287 -0.76701753 -0.76701753 -0.71219839 -0.71219839
 -0.65146162 -0.65146162 -0.58288188 -0.58288188 -0.50588167 -0.50588167
 -0.41946214 -0.41946214 -0.32400055 -0.32400055 -0.21841216 -0.21841216
 -0.09297777 -0.09297777  0.09297642  0.09297642  0.21841422  0.21841422
  0.32399604  0.32399604  0.41946349  0.41946349  0.50588946  0.50588946
  0.58288548  0.58288548  0.65146191  0.65146191  0.71219662  0.71219662
  0.76701116  0.76701116  0.81609758  0.81609758  0.85951031  0.85951031
  0.89795336  0.89795336  0.93191551  0.93191551  0.96180399  0.96180399
  0.98683375  0.98683375  1.00830305  1.00830305]
localization_length: 0.6722134557630212
0.6646779147856081
W_list: [4.2]
L_list: [10.63484663656973]
