W: 1.2
num_iter: 0
[-1.13375882 -1.13375882 -1.12713243 -1.12713243 -1.11880611 -1.11880611
 -1.10925231 -1.10925231 -1.09854592 -1.09854592 -1.08604365 -1.08604365
 -1.07185547 -1.07185547 -1.05547846 -1.05547846 -1.03696696 -1.03696696
 -1.0159279  -1.0159279  -0.99239343 -0.99239343 -0.96548149 -0.96548149
 -0.9354492  -0.9354492  -0.90114623 -0.90114623 -0.8626611  -0.8626611
 -0.8194796  -0.8194796  -0.77141695 -0.77141695 -0.71784659 -0.71784659
 -0.65928626 -0.65928626 -0.59762146 -0.59762146 -0.53281436 -0.53281436
 -0.46913443 -0.46913443 -0.40804885 -0.40804885 -0.35173831 -0.35173831
 -0.29984896 -0.29984896 -0.25160999 -0.25160999 -0.20663257 -0.20663257
 -0.16461533 -0.16461533 -0.12455767 -0.12455767 -0.08604543 -0.08604543
 -0.04836162 -0.04836162 -0.01055103 -0.01055103  0.01055251  0.01055251
  0.04836394  0.04836394  0.08604587  0.08604587  0.12455781  0.12455781
  0.16461534  0.16461534  0.20663121  0.20663121  0.25160821  0.25160821
  0.29985343  0.29985343  0.35173411  0.35173411  0.4080436   0.4080436
  0.46913885  0.46913885  0.5328117   0.5328117   0.59762462  0.59762462
  0.6592805   0.6592805   0.71784535  0.71784535  0.77142332  0.77142332
  0.81948239  0.81948239  0.86266605  0.86266605  0.90114576  0.90114576
  0.93544536  0.93544536  0.96548061  0.96548061  0.99239235  0.99239235
  1.01592643  1.01592643  1.03697038  1.03697038  1.05548058  1.05548058
  1.07185803  1.07185803  1.08604036  1.08604036  1.09854164  1.09854164
  1.10925265  1.10925265  1.11880675  1.11880675  1.12712983  1.12712983
  1.13375929  1.13375929]
localization_length: 2.9617969143932665
2.9720989053891285
W_list: [1.2]
L_list: [95.10716497245211]
