W: 2.0
num_iter: 0
[-0.89036255 -0.89036255 -0.82763578 -0.82763578 -0.73416041 -0.73416041
 -0.61448434 -0.61448434 -0.47977231 -0.47977231 -0.33904713 -0.33904713
 -0.19665495 -0.19665495 -0.04478308 -0.04478308  0.0447839   0.0447839
  0.19665647  0.19665647  0.33904469  0.33904469  0.47977208  0.47977208
  0.61447779  0.61447779  0.73416579  0.73416579  0.8276398   0.8276398
  0.89036003  0.89036003]
localization_length: 2.7912330515946753
2.7790730019414194
W_list: [2.0]
L_list: [22.232584015531355]
