Norm difference: 0.9999999999999999
Norm difference: 0.9999999999999999
1 1
1 2
2 1
2 2
1 1
1 2
2 1
2 2
1 1
1 2
2 1
2 2
1 1
1 2
2 1
2 2
1 1
1 2
2 1
2 2
1 1
1 2
2 1
2 2
1 1
1 2
2 1
2 2
1 1
1 2
2 1
2 2
1 1
1 2
2 1
2 2
1 1
1 2
2 1
2 2
1 1
1 2
2 1
2 2
1 1
1 2
2 1
2 2
1 1
1 2
2 1
2 2
1 1
1 2
2 1
2 2
1 1
1 2
2 1
2 2
1 1
1 2
2 1
2 2
1 1
1 2
2 1
2 2
1 1
1 2
2 1
2 2
1 1
1 2
2 1
2 2
1 1
1 2
2 1
2 2
1 1 1 0.0011085164565883016
1 2 1 0.002147883508992578
2 1 1 0.001613662101906499
2 2 1 0.0017392719170032302
1 1 2 0.0015684956867598652
1 2 2 0.0013946228214786155
2 1 2 0.0013251106942838294
2 2 2 0.0022759247325886836
1 1 3 0.0016785252337499438
1 2 3 0.0015233785548364061
2 1 3 0.0026021206940028863
2 2 3 0.0018096459809776345
1 1 4 0.0012158805849417104
1 2 4 0.0011967822841777074
2 1 4 0.0028787229945113095
2 2 4 0.0018462584832023249
1 1 5 0.0019000252491173837
1 2 5 0.0013566585565302925
2 1 5 0.0030073814666481276
2 2 5 0.0020617962601344555
1 1 6 0.0020861277051618977
1 2 6 0.0014273569243968662
2 1 6 0.002559607389561562
2 2 6 0.0018608068104559704
1 1 7 0.001861364739628548
1 2 7 0.0015623680214619468
2 1 7 0.0028776595672916185
2 2 7 0.0022664924226521097
1 1 8 0.0018088227222282315
1 2 8 0.0015757575304541078
2 1 8 0.0027603175589884813
2 2 8 0.002195242772790465
1 1 9 0.001797351439106196
1 2 9 0.0012212649679036614
2 1 9 0.0026625047208383764
2 2 9 0.0030261121898521003
1 1 10 0.0019124605413234504
1 2 10 0.001663525733746707
2 1 10 0.0030535512748734914
2 2 10 0.002289660414925908
1 1 11 0.001881603536931321
1 2 11 0.0016255848068332146
2 1 11 0.002886211890158342
2 2 11 0.0021326565517508765
1 1 12 0.0016292902264435382
1 2 12 0.0015487021210804557
2 1 12 0.0025626898195424217
2 2 12 0.0023066214721109094
1 1 13 0.0015300598648723134
1 2 13 0.0014941982032038268
2 1 13 0.0024112382021153297
2 2 13 0.0015820670639506325
1 1 14 0.001658876999441979
1 2 14 0.0009024931131896846
2 1 14 0.0020232474026084316
2 2 14 0.0018027840110981506
1 1 15 0.0012168903850261988
1 2 15 0.0007397589288798435
2 1 15 0.0018333403691113595
2 2 15 0.0012844217128730392
1 1 16 0.0009208555799880986
1 2 16 0.0008685771027614655
2 1 16 0.0019006551738014181
2 2 16 0.0009893482582147308
1 1 17 0.000984812388104084
1 2 17 0.0007390452176990417
2 1 17 0.0012285493716972717
2 2 17 0.0011526427094737687
1 1 18 0.0008484856567790718
1 2 18 0.0005740824424518091
2 1 18 0.0011731602297531665
2 2 18 0.000969076390949926
1 1 19 0.0006315571128685203
1 2 19 0.0004783436034328919
2 1 19 0.0010476784872979334
2 2 19 0.0008265942167873068
1 1 20 0.0006010920497845984
1 2 20 0.0005294214465344664
2 1 20 0.0008621112218269499
2 2 20 0.0009576671574035855
