Norm difference: 1.0
Norm difference: 1.0
1 1
1 2
1 3
2 1
2 2
2 3
3 1
3 2
3 3
1 1
1 2
1 3
2 1
2 2
2 3
3 1
3 2
3 3
1 1
1 2
1 3
2 1
2 2
2 3
3 1
3 2
3 3
1 1
1 2
1 3
2 1
2 2
2 3
3 1
3 2
3 3
1 1
1 2
1 3
2 1
2 2
2 3
3 1
3 2
3 3
1 1
1 2
1 3
2 1
2 2
2 3
3 1
3 2
3 3
1 1
1 2
1 3
2 1
2 2
2 3
3 1
3 2
3 3
1 1
1 2
1 3
2 1
2 2
2 3
3 1
3 2
3 3
1 1
1 2
1 3
2 1
2 2
2 3
3 1
3 2
3 3
1 1
1 2
1 3
2 1
2 2
2 3
3 1
3 2
3 3
1 1
1 2
1 3
2 1
2 2
2 3
3 1
3 2
3 3
1 1
1 2
1 3
2 1
2 2
2 3
3 1
3 2
3 3
1 1
1 2
1 3
2 1
2 2
2 3
3 1
3 2
3 3
1 1
1 2
1 3
2 1
2 2
2 3
3 1
3 2
3 3
1 1
1 2
1 3
2 1
2 2
2 3
3 1
3 2
3 3
1 1
1 2
1 3
2 1
2 2
2 3
3 1
3 2
3 3
1 1
1 2
1 3
2 1
2 2
2 3
3 1
3 2
3 3
1 1
1 2
1 3
2 1
2 2
2 3
3 1
3 2
3 3
1 1
1 2
1 3
2 1
2 2
2 3
3 1
3 2
3 3
1 1
1 2
1 3
2 1
2 2
2 3
3 1
3 2
3 3
1 1 1 0.017849446870668854
1 2 1 0.01756383354874924
1 3 1 0.016004599507242687
2 1 1 0.012485643361228033
2 2 1 0.009793095602419302
2 3 1 0.011164889945164402
3 1 1 0.015337156581608422
3 2 1 0.013109557720717596
3 3 1 0.013276058897769371
1 1 2 0.013495960114351386
1 2 2 0.014639624489153591
1 3 2 0.013362966607325888
2 1 2 0.009742989283199012
2 2 2 0.008543335489716702
2 3 2 0.014222598967200295
3 1 2 0.01250196973106999
3 2 2 0.010140928645532819
3 3 2 0.012555761489828881
1 1 3 0.015384396396370728
1 2 3 0.011620255321045322
1 3 3 0.015740327352186854
2 1 3 0.012205008614056509
2 2 3 0.008746197600186236
2 3 3 0.013930364843518863
3 1 3 0.009983850604923407
3 2 3 0.008494300284468886
3 3 3 0.010329549838779458
1 1 4 0.012351969976918549
1 2 4 0.012804586236922174
1 3 4 0.015676020725759323
2 1 4 0.014916368835527693
2 2 4 0.010258791017038037
2 3 4 0.01100856700376682
3 1 4 0.010132404365458031
3 2 4 0.008715690526904168
3 3 4 0.008466163047788874
1 1 5 0.015465692943348052
1 2 5 0.01117422267773592
1 3 5 0.009814649531551351
2 1 5 0.013452278872967344
2 2 5 0.010775964079073396
2 3 5 0.00928746610296054
3 1 5 0.010480957853764754
3 2 5 0.008390028255378277
3 3 5 0.007796440388535423
1 1 6 0.015330920145338456
1 2 6 0.009695105336375314
1 3 6 0.010932626808806925
2 1 6 0.010446818260172124
2 2 6 0.007643009981361823
2 3 6 0.006440596707267793
3 1 6 0.01026213870681397
3 2 6 0.007087370975263183
3 3 6 0.005825921657469058
1 1 7 0.012159010711901248
1 2 7 0.009801649459496627
1 3 7 0.007821984433293357
2 1 7 0.010414208231584187
2 2 7 0.007874919944170635
2 3 7 0.009584328789820929
3 1 7 0.00821431596099635
3 2 7 0.006769217593430117
3 3 7 0.007141757779895075
1 1 8 0.011249745087506428
1 2 8 0.009015912222615385
1 3 8 0.007781126844541189
2 1 8 0.012663309517803065
2 2 8 0.009051838403640827
2 3 8 0.007196871817283143
3 1 8 0.008939253319566843
3 2 8 0.006551732462354331
3 3 8 0.006163840802331849
1 1 9 0.012113604379665075
1 2 9 0.00918685627210485
1 3 9 0.008851873870709865
2 1 9 0.011032826781612309
2 2 9 0.010028779307597952
2 3 9 0.010018518331250541
3 1 9 0.00741811646342274
3 2 9 0.006326733287015919
3 3 9 0.006697400241592116
1 1 10 0.011329397751206668
1 2 10 0.008807879535019342
1 3 10 0.00909208928108495
2 1 10 0.008775436924961978
2 2 10 0.008154237135799288
2 3 10 0.006871880163876985
3 1 10 0.006005889601748986
3 2 10 0.005483401095840837
3 3 10 0.0047843192374209245
1 1 11 0.009562577137534391
1 2 11 0.007913983609344559
1 3 11 0.009032681154344623
2 1 11 0.00686785268975664
2 2 11 0.0063788762401830856
2 3 11 0.008192006102997487
3 1 11 0.005283793105186485
3 2 11 0.004660702866724297
3 3 11 0.005647950310355218
1 1 12 0.008264687651596166
1 2 12 0.008606286571894082
1 3 12 0.008106627677346549
2 1 12 0.006971897474175306
2 2 12 0.005942501678390234
2 3 12 0.007506323993496183
3 1 12 0.006151293785167456
3 2 12 0.0038519459491633567
3 3 12 0.005070454747806532
1 1 13 0.006907561310327574
1 2 13 0.006811981140871742
1 3 13 0.007569757725144973
2 1 13 0.008030386490692138
2 2 13 0.007141554122758413
2 3 13 0.0058753946214979815
3 1 13 0.0062963320394353196
3 2 13 0.005458152836844645
3 3 13 0.0045094039590900005
1 1 14 0.007426592093139402
1 2 14 0.006931748447890402
1 3 14 0.006675029973094354
2 1 14 0.006707293821545739
2 2 14 0.00768426965230015
2 3 14 0.0061674625878291485
3 1 14 0.005843571580779158
3 2 14 0.005211819453429278
3 3 14 0.0037513650280561
1 1 15 0.008525352492562685
1 2 15 0.007496398607825104
1 3 15 0.006555945820113826
2 1 15 0.00769394478344986
2 2 15 0.00609621264165148
2 3 15 0.005073484428580461
3 1 15 0.005187000083016144
3 2 15 0.005412235071173049
3 3 15 0.0046438775166611716
1 1 16 0.006861094449274111
1 2 16 0.007593339680434945
1 3 16 0.007191145582147796
2 1 16 0.005796587226601111
2 2 16 0.006623462697948478
2 3 16 0.007776172943268915
3 1 16 0.005047747504955735
3 2 16 0.005041821440645389
3 3 16 0.005442497988815219
1 1 17 0.007553557074546889
1 2 17 0.007422655042301133
1 3 17 0.007782168362901312
2 1 17 0.006705912131023317
2 2 17 0.006997091582762349
2 3 17 0.007144582443264736
3 1 17 0.00475344011182264
3 2 17 0.005673217769579972
3 3 17 0.0064602776028930015
1 1 18 0.007756055344219398
1 2 18 0.007334385648934927
1 3 18 0.008638934222068856
2 1 18 0.008812177077147916
2 2 18 0.006882740785604987
2 3 18 0.007551460666291987
3 1 18 0.005440414967208455
3 2 18 0.005337583386960354
3 3 18 0.005894616660596248
1 1 19 0.008026607907683886
1 2 19 0.007904300915183779
1 3 19 0.008559898755992989
2 1 19 0.006368594762202686
2 2 19 0.005732852828342899
2 3 19 0.007816275307559241
3 1 19 0.004726030579528416
3 2 19 0.004398382364944032
3 3 19 0.005748395482143163
1 1 20 0.006818036062071406
1 2 20 0.006201965498793162
1 3 20 0.007511095810379745
2 1 20 0.005038336313579026
2 2 20 0.006592833444615244
2 3 20 0.007409055894290343
3 1 20 0.004470991172894401
3 2 20 0.004655374666968791
3 3 20 0.006407790870745405
