[-2.41421356 -1.         -1.         -0.41421356  0.41421356  1.
  1.          2.41421356]
W: 4.0
num_iter: 0
[-0.92649599 -0.89915502 -0.87112082 -0.83865985 -0.8054911  -0.7688321
 -0.72754511 -0.68375333 -0.63732066 -0.58763287 -0.53317424 -0.47377515
 -0.40932777 -0.33837659 -0.25819811 -0.1582057   0.15820033  0.2582002
  0.33837318  0.40931696  0.47379045  0.53316742  0.58762818  0.6373193
  0.6837515   0.72754234  0.7688313   0.80549853  0.83865833  0.8711293
  0.89915869  0.92649838]
localization_length: 0.39506869678775725
0.3965502008051004
W_list: [4.0]
L_list: [0.3965502008051004]
[-2.41421356 -1.         -1.         -0.41421356  0.41421356  1.
  1.          2.41421356]
W: 4.0
num_iter: 0
[-0.92604834 -0.89959687 -0.87036015 -0.83919872 -0.80524379 -0.76756898
 -0.72786898 -0.68408364 -0.6377547  -0.58700179 -0.53280815 -0.4737337
 -0.40929827 -0.33823387 -0.25688931 -0.15936094  0.15936081  0.25690078
  0.33823383  0.40929737  0.47374691  0.53280967  0.58700359  0.63775784
  0.68408347  0.72786483  0.76756166  0.80524586  0.83920316  0.87034611
  0.8995901   0.92604419]
localization_length: 0.392191771296793
0.39123051790552305
W_list: [4.0]
L_list: [0.39123051790552305]
