W: 2.6
num_iter: 0
[-0.73478451 -0.73478451 -0.71621044 -0.71621044 -0.69267108 -0.69267108
 -0.66475303 -0.66475303 -0.63330071 -0.63330071 -0.59748718 -0.59748718
 -0.55812671 -0.55812671 -0.51469673 -0.51469673 -0.46745436 -0.46745436
 -0.41611928 -0.41611928 -0.36032795 -0.36032795 -0.29979223 -0.29979223
 -0.23576234 -0.23576234 -0.16812628 -0.16812628 -0.0975176  -0.0975176
 -0.02227262 -0.02227262  0.02226897  0.02226897  0.09752023  0.09752023
  0.16812023  0.16812023  0.23576426  0.23576426  0.29979089  0.29979089
  0.36033058  0.36033058  0.41611705  0.41611705  0.46745671  0.46745671
  0.51469431  0.51469431  0.5581256   0.5581256   0.59748689  0.59748689
  0.63330477  0.63330477  0.66475621  0.66475621  0.69267098  0.69267098
  0.71621252  0.71621252  0.73478286  0.73478286]
localization_length: 2.806595374495793
2.747598944678336
W_list: [2.6]
L_list: [43.961583114853376]
