Norm difference: 1.0
Norm difference: 1.0
1 1
1 2
2 1
2 2
1 1
1 2
2 1
2 2
1 1
1 2
2 1
2 2
1 1
1 2
2 1
2 2
1 1
1 2
2 1
2 2
1 1
1 2
2 1
2 2
1 1
1 2
2 1
2 2
1 1
1 2
2 1
2 2
1 1
1 2
2 1
2 2
1 1
1 2
2 1
2 2
1 1
1 2
2 1
2 2
1 1
1 2
2 1
2 2
1 1
1 2
2 1
2 2
1 1
1 2
2 1
2 2
1 1
1 2
2 1
2 2
1 1
1 2
2 1
2 2
1 1
1 2
2 1
2 2
1 1
1 2
2 1
2 2
1 1
1 2
2 1
2 2
1 1
1 2
2 1
2 2
1 1 1 0.013693765792043542
1 2 1 0.015116098459940075
2 1 1 0.015284802801871455
2 2 1 0.013544946935591388
1 1 2 0.016068871315749713
1 2 2 0.011030165850313758
2 1 2 0.017061090759515476
2 2 2 0.012327459771212485
1 1 3 0.015850229928434337
1 2 3 0.016373569956246944
2 1 3 0.01099902368724021
2 2 3 0.010334934346842989
1 1 4 0.009404098262559304
1 2 4 0.013905996071026702
2 1 4 0.014082605571042192
2 2 4 0.006724077255550434
1 1 5 0.013488621807562856
1 2 5 0.009819988255302507
2 1 5 0.01098642245995098
2 2 5 0.012640107834378644
1 1 6 0.011352841819723519
1 2 6 0.01057206953906727
2 1 6 0.005712998953150371
2 2 6 0.0089492485352121
1 1 7 0.008814811780851058
1 2 7 0.009716389723060805
2 1 7 0.009374400082175558
2 2 7 0.010719771742058319
1 1 8 0.011389641083422683
1 2 8 0.004274307695063798
2 1 8 0.009583211148470444
2 2 8 0.006710742100539384
1 1 9 0.006657948625554124
1 2 9 0.006594856933059057
2 1 9 0.007763767239814141
2 2 9 0.005835216296139078
1 1 10 0.004945261674957251
1 2 10 0.005684510243947487
2 1 10 0.0069820962028911224
2 2 10 0.00568767742450711
1 1 11 0.006324519991849671
1 2 11 0.005397877398077644
2 1 11 0.005230490018547712
2 2 11 0.0048240434845050065
1 1 12 0.004637409123622158
1 2 12 0.0053873395312975456
2 1 12 0.005052626917974776
2 2 12 0.004513097233866045
1 1 13 0.0042688017259923765
1 2 13 0.003772232373740658
2 1 13 0.004679892111285248
2 2 13 0.0035808162867249685
1 1 14 0.004890211640989737
1 2 14 0.004109159572788582
2 1 14 0.004413307590802223
2 2 14 0.0045270663180033265
1 1 15 0.0031034825534939593
1 2 15 0.0034742887643633208
2 1 15 0.00273322433151421
2 2 15 0.0031452432899900817
1 1 16 0.0035156985975412303
1 2 16 0.003478303193124211
2 1 16 0.0034003827507636296
2 2 16 0.003991220815359646
1 1 17 0.0034657527311107426
1 2 17 0.0030002635509374584
2 1 17 0.002918977677545655
2 2 17 0.0036265746269281895
1 1 18 0.0030747387005163364
1 2 18 0.0026611673802039537
2 1 18 0.0037454843349093436
2 2 18 0.0027015604897761836
1 1 19 0.0025151415184989775
1 2 19 0.002085015698880561
2 1 19 0.00329131034549009
2 2 19 0.002031334439340151
1 1 20 0.0025224752866614664
1 2 20 0.0020366122972761717
2 1 20 0.0020317086104846833
2 2 20 0.0020228499688505906
