Norm difference: 1.0
Norm difference: 0.9999999999999999
1 1
1 2
2 1
2 2
1 1
1 2
2 1
2 2
1 1
1 2
2 1
2 2
1 1
1 2
2 1
2 2
1 1
1 2
2 1
2 2
1 1
1 2
2 1
2 2
1 1
1 2
2 1
2 2
1 1
1 2
2 1
2 2
1 1
1 2
2 1
2 2
1 1
1 2
2 1
2 2
1 1
1 2
2 1
2 2
1 1
1 2
2 1
2 2
1 1
1 2
2 1
2 2
1 1
1 2
2 1
2 2
1 1
1 2
2 1
2 2
1 1
1 2
2 1
2 2
1 1
1 2
2 1
2 2
1 1
1 2
2 1
2 2
1 1
1 2
2 1
2 2
1 1
1 2
2 1
2 2
1 1 1 9.636229623363399e-5
1 2 1 0.00012033139826804831
2 1 1 9.710947812249828e-5
2 2 1 0.00014109121941469695
1 1 2 0.00010130969746244914
1 2 2 9.516281836649354e-5
2 1 2 0.00015512508215331173
2 2 2 0.00011391759173141867
1 1 3 0.00010188339170850557
1 2 3 0.00014514808902897115
2 1 3 0.00017216546295515726
2 2 3 0.00020426738293765858
1 1 4 0.00017964893732044237
1 2 4 0.00011032870608709854
2 1 4 0.0001785969784162872
2 2 4 0.00029714106584929174
1 1 5 0.0001049261203804319
1 2 5 0.0002220081572022338
2 1 5 0.00018690588087250093
2 2 5 0.0002772930891678855
1 1 6 0.00019220999435253932
1 2 6 0.00023655243638919687
2 1 6 0.00021280932750459536
2 2 6 0.00023448993200808572
1 1 7 0.00010798892235511841
1 2 7 0.00022716913226787527
2 1 7 0.00022335133345600128
2 2 7 0.00024553038791757956
1 1 8 0.0002709245620496911
1 2 8 0.00014422703531275505
2 1 8 0.00017758354181327194
2 2 8 0.00027467355953953424
1 1 9 0.00022510540462141712
1 2 9 0.00017755438733378848
2 1 9 0.00023833962430335262
2 2 9 0.00033938905869653813
1 1 10 0.0002477488494207622
1 2 10 0.00019385223313546487
2 1 10 0.0004125969091568946
2 2 10 0.0003043299407697482
1 1 11 0.00019506767053101905
1 2 11 0.00040111342374318315
2 1 11 0.0005134601735975969
2 2 11 0.00035817326889530423
1 1 12 0.0003509935930303608
1 2 12 0.00031883335631324695
2 1 12 0.0003875135462890797
2 2 12 0.0005868030899062113
1 1 13 0.0004805309745852042
1 2 13 0.0003678744597299866
2 1 13 0.00040072302601120585
2 2 13 0.0006107471556760504
1 1 14 0.0002791459183114622
1 2 14 0.00039503112562844147
2 1 14 0.0005175632414356842
2 2 14 0.0005348032368817547
1 1 15 0.00032000114242877384
1 2 15 0.0003168687979149356
2 1 15 0.0005242496668595947
2 2 15 0.00039850736984462865
1 1 16 0.00042235479785226467
1 2 16 0.0004212559211123318
2 1 16 0.0004815887242170129
2 2 16 0.00045591959802442864
1 1 17 0.00040181601065982615
1 2 17 0.00029217557600940254
2 1 17 0.0004183550454262332
2 2 17 0.00046400429174636075
1 1 18 0.00037843349187589436
1 2 18 0.00036038155769577845
2 1 18 0.000417123587351797
2 2 18 0.0003515051414725149
1 1 19 0.00037829998623885476
1 2 19 0.00024053664072186802
2 1 19 0.00038803932118980686
2 2 19 0.00033196748776042663
1 1 20 0.0003293876788338207
1 2 20 0.0002113752253729227
2 1 20 0.00038160707403872974
2 2 20 0.0003112658120962918
