W: 2.0
num_iter: 0
[-0.63171132 -0.63171132 -0.61444619 -0.61444619 -0.59300842 -0.59300842
 -0.56705397 -0.56705397 -0.53803229 -0.53803229 -0.50573825 -0.50573825
 -0.47131906 -0.47131906 -0.43312562 -0.43312562 -0.39238538 -0.39238538
 -0.34819467 -0.34819467 -0.30011912 -0.30011912 -0.24835045 -0.24835045
 -0.19368821 -0.19368821 -0.13627214 -0.13627214 -0.07682717 -0.07682717
 -0.01575961 -0.01575961  0.01576259  0.01576259  0.07683017  0.07683017
  0.1362671   0.1362671   0.1936877   0.1936877   0.24835721  0.24835721
  0.30011618  0.30011618  0.34818968  0.34818968  0.39238511  0.39238511
  0.43311834  0.43311834  0.47132049  0.47132049  0.50573947  0.50573947
  0.5380377   0.5380377   0.5670537   0.5670537   0.59301421  0.59301421
  0.61444362  0.61444362  0.63170856  0.63170856]
localization_length: 3.965833712749764
4.101223003279555
W_list: [2.0]
L_list: [65.61956805247289]
