W: 2.2
num_iter: 0
[-0.73562592 -0.73562592 -0.72704035 -0.72704035 -0.71715651 -0.71715651
 -0.70562147 -0.70562147 -0.69261242 -0.69261242 -0.6782413  -0.6782413
 -0.66259328 -0.66259328 -0.64606515 -0.64606515 -0.62799698 -0.62799698
 -0.609291   -0.609291   -0.5892709  -0.5892709  -0.56836141 -0.56836141
 -0.54663411 -0.54663411 -0.52437707 -0.52437707 -0.50128337 -0.50128337
 -0.47742752 -0.47742752 -0.45247867 -0.45247867 -0.4269319  -0.4269319
 -0.40118709 -0.40118709 -0.37389297 -0.37389297 -0.34652991 -0.34652991
 -0.31802238 -0.31802238 -0.28911157 -0.28911157 -0.25946248 -0.25946248
 -0.22892358 -0.22892358 -0.19778504 -0.19778504 -0.16652819 -0.16652819
 -0.13433852 -0.13433852 -0.10292911 -0.10292911 -0.07102272 -0.07102272
 -0.03958716 -0.03958716 -0.00831611 -0.00831611  0.00831703  0.00831703
  0.03958666  0.03958666  0.07101959  0.07101959  0.10293203  0.10293203
  0.13433758  0.13433758  0.16653234  0.16653234  0.19778218  0.19778218
  0.228924    0.228924    0.25945932  0.25945932  0.28911209  0.28911209
  0.31801857  0.31801857  0.34652609  0.34652609  0.3738979   0.3738979
  0.40118653  0.40118653  0.42692841  0.42692841  0.45248206  0.45248206
  0.4774278   0.4774278   0.50128754  0.50128754  0.52437589  0.52437589
  0.54663272  0.54663272  0.56836119  0.56836119  0.58927165  0.58927165
  0.60928848  0.60928848  0.62800192  0.62800192  0.64606918  0.64606918
  0.66259488  0.66259488  0.67824415  0.67824415  0.69260843  0.69260843
  0.70561984  0.70561984  0.71715183  0.71715183  0.72704367  0.72704367
  0.73562459  0.73562459]
localization_length: 3.7577680351514244
3.9575216883086717
W_list: [2.2]
L_list: [126.6406940258775]
