W: 2.6
num_iter: 0
[-0.96438657 -0.96438657 -0.93808336 -0.93808336 -0.90560958 -0.90560958
 -0.86728879 -0.86728879 -0.82192722 -0.82192722 -0.77025151 -0.77025151
 -0.71363651 -0.71363651 -0.65224549 -0.65224549 -0.58664806 -0.58664806
 -0.51737187 -0.51737187 -0.44557021 -0.44557021 -0.36969485 -0.36969485
 -0.29183144 -0.29183144 -0.21089299 -0.21089299 -0.12688216 -0.12688216
 -0.03397665 -0.03397665  0.0339763   0.0339763   0.12688263  0.12688263
  0.21088913  0.21088913  0.29183115  0.29183115  0.36970199  0.36970199
  0.44556836  0.44556836  0.51737743  0.51737743  0.58664913  0.58664913
  0.65224243  0.65224243  0.71364035  0.71364035  0.77024625  0.77024625
  0.82191928  0.82191928  0.8672932   0.8672932   0.9056128   0.9056128
  0.93808042  0.93808042  0.96438641  0.96438641]
localization_length: 1.8395174561347731
1.8310351107887268
W_list: [2.6]
L_list: [29.29656177261963]
