Norm difference: 1.0
Norm difference: 0.9999999999999999
1 1
1 2
1 3
2 1
2 2
2 3
3 1
3 2
3 3
1 1
1 2
1 3
2 1
2 2
2 3
3 1
3 2
3 3
1 1
1 2
1 3
2 1
2 2
2 3
3 1
3 2
3 3
1 1
1 2
1 3
2 1
2 2
2 3
3 1
3 2
3 3
1 1
1 2
1 3
2 1
2 2
2 3
3 1
3 2
3 3
1 1
1 2
1 3
2 1
2 2
2 3
3 1
3 2
3 3
1 1
1 2
1 3
2 1
2 2
2 3
3 1
3 2
3 3
1 1
1 2
1 3
2 1
2 2
2 3
3 1
3 2
3 3
1 1
1 2
1 3
2 1
2 2
2 3
3 1
3 2
3 3
1 1
1 2
1 3
2 1
2 2
2 3
3 1
3 2
3 3
1 1
1 2
1 3
2 1
2 2
2 3
3 1
3 2
3 3
1 1
1 2
1 3
2 1
2 2
2 3
3 1
3 2
3 3
1 1
1 2
1 3
2 1
2 2
2 3
3 1
3 2
3 3
1 1
1 2
1 3
2 1
2 2
2 3
3 1
3 2
3 3
1 1
1 2
1 3
2 1
2 2
2 3
3 1
3 2
3 3
1 1
1 2
1 3
2 1
2 2
2 3
3 1
3 2
3 3
1 1
1 2
1 3
2 1
2 2
2 3
3 1
3 2
3 3
1 1
1 2
1 3
2 1
2 2
2 3
3 1
3 2
3 3
1 1
1 2
1 3
2 1
2 2
2 3
3 1
3 2
3 3
1 1
1 2
1 3
2 1
2 2
2 3
3 1
3 2
3 3
1 1 1 0.0001409940020289241
1 2 1 0.0001551510215713911
1 3 1 0.00016383057809589923
2 1 1 0.00014786991940219095
2 2 1 0.0001013182581364458
2 3 1 0.00018653558606816916
3 1 1 0.00016854511625170326
3 2 1 0.000145751798960244
3 3 1 0.0002178158487829096
1 1 2 8.606347642554912e-5
1 2 2 0.0001493861300971174
1 3 2 0.00018995056177543225
2 1 2 0.0001409066840274943
2 2 2 0.00014539182051229117
2 3 2 0.00014842223096035113
3 1 2 0.000151502197390788
3 2 2 0.00017941713497449406
3 3 2 0.00022204289698058918
1 1 3 0.00010442852435392624
1 2 3 0.00013331312851524863
1 3 3 0.0002174342029664127
2 1 3 0.0001292184219999761
2 2 3 0.00010986878948905238
2 3 3 0.00017941531734147598
3 1 3 0.00018705184415084299
3 2 3 0.0001626718630270663
3 3 3 0.00023219877967245046
1 1 4 0.00012738221192613018
1 2 4 0.00010051124917955187
1 3 4 0.0001726870344527218
2 1 4 0.00014116619262008557
2 2 4 0.00013548755284792323
2 3 4 0.00016411166804433997
3 1 4 0.0001738945111211137
3 2 4 0.00018271077534385438
3 3 4 0.0002188635824668697
1 1 5 0.0001520342770618504
1 2 5 0.00011367345762668018
1 3 5 0.00016778276724497795
2 1 5 0.00012379046323099008
2 2 5 0.00011411032247311529
2 3 5 0.00019198248676488872
3 1 5 0.00016763456755594755
3 2 5 0.00013934102421055735
3 3 5 0.00022662498898994975
1 1 6 0.00012753949362264843
1 2 6 0.00013025209168849057
1 3 6 0.00016694400589493307
2 1 6 0.00016077762079001558
2 2 6 0.00014376307512474826
2 3 6 0.0002005720606604926
3 1 6 0.00017655431026732175
3 2 6 0.00016373571221970902
3 3 6 0.0002362935511306852
1 1 7 0.00013653498553599396
1 2 7 0.00013907225343547702
1 3 7 0.00018686041344855313
2 1 7 0.00012428556346135466
2 2 7 0.00011169322560009121
2 3 7 0.0002119280416733941
3 1 7 0.00016031153376019043
3 2 7 0.00014779062341560909
3 3 7 0.0002440182482319842
1 1 8 0.00015054790460284321
1 2 8 0.00010106799359792833
1 3 8 0.00017690161363947206
2 1 8 0.00015337354582092925
2 2 8 0.00013581381648113683
2 3 8 0.00019355436687620164
3 1 8 0.0001914243392260987
3 2 8 0.00016278898573640938
3 3 8 0.0002359541782297609
1 1 9 0.00015078346179523897
1 2 9 0.00011222908488055296
1 3 9 0.00018943989824843696
2 1 9 0.0001378740182148058
2 2 9 0.0001142670118888113
2 3 9 0.00022728365582660027
3 1 9 0.00019537446082369802
3 2 9 0.00013616912966850424
3 3 9 0.0002605427562459055
1 1 10 0.0001488766888082262
1 2 10 0.0001057728893038548
1 3 10 0.00021001094054286083
2 1 10 0.00016795487489512688
2 2 10 0.00012689186482372204
2 3 10 0.0002067170725890077
3 1 10 0.00021158780540539147
3 2 10 0.00015061223392215598
3 3 10 0.00025252580625316116
1 1 11 0.00014933544141467278
1 2 11 0.00012502981224055685
1 3 11 0.00021087875890516282
2 1 11 0.0001659139189161286
2 2 11 0.00013477984140816858
2 3 11 0.0002241926178263004
3 1 11 0.00017115246788231868
3 2 11 0.0001824367586493369
3 3 11 0.00024804256424710604
1 1 12 0.0001540952378736807
1 2 12 0.00012611919361979988
1 3 12 0.000187430998208831
2 1 12 0.00018520488249574324
2 2 12 0.00011128875811256254
2 3 12 0.0002043081484346709
3 1 12 0.00020278272757181834
3 2 12 0.00014190237756338492
3 3 12 0.00022900260011364106
1 1 13 0.00021657127913065838
1 2 13 0.00013518041284674593
1 3 13 0.00023507569349112177
2 1 13 0.0001728230644301126
2 2 13 0.00012893540842809717
2 3 13 0.0002187728768369495
3 1 13 0.00024832886267158773
3 2 13 0.00013696740053025284
3 3 13 0.0002046555318318251
1 1 14 0.0001714872664568285
1 2 14 0.00015038549894172076
1 3 14 0.00021020826219802095
2 1 14 0.00022414316923627647
2 2 14 0.00012079895458989914
2 3 14 0.00021101958776850198
3 1 14 0.00021063397470285215
3 2 14 0.0002075911429536308
3 3 14 0.00028832754365115036
1 1 15 0.0002153415000081379
1 2 15 0.00015751099416383874
1 3 15 0.00017980968674903534
2 1 15 0.00015617962385538112
2 2 15 0.00014555201915265404
2 3 15 0.00023086478350276023
3 1 15 0.00027363174803027854
3 2 15 0.00016192464308350098
3 3 15 0.00027734223718803443
1 1 16 0.000298960452079287
1 2 16 0.0001726806410715952
1 3 16 0.00025240057533967364
2 1 16 0.00022104008355782723
2 2 16 0.00012810230026151994
2 3 16 0.00022947718365936873
3 1 16 0.0002882650104283346
3 2 16 0.00022064048066803356
3 3 16 0.0002899722772638326
1 1 17 0.00023154991196949428
1 2 17 0.0002524257886008382
1 3 17 0.00031021731164166544
2 1 17 0.0001906187310689561
2 2 17 0.0002016935304183616
2 3 17 0.00027332329446194166
3 1 17 0.0002377267237598184
3 2 17 0.0002983736587090855
3 3 17 0.00033747104088905944
1 1 18 0.00021234932593212026
1 2 18 0.0001997694304947186
1 3 18 0.0003075531736813458
2 1 18 0.0001894676510830814
2 2 18 0.00016244077888186934
2 3 18 0.0002587842690482089
3 1 18 0.00027742802133342095
3 2 18 0.0002289672575063641
3 3 18 0.00034174844588744167
1 1 19 0.0002326147731473816
1 2 19 0.00033665393429284184
1 3 19 0.0002984136506056328
2 1 19 0.00019136015066165086
2 2 19 0.00022377837747556347
2 3 19 0.00023292573298502487
3 1 19 0.0002630162465845617
3 2 19 0.00043468329372667384
3 3 19 0.00033012086818615604
1 1 20 0.0002152356741248055
1 2 20 0.00030498005525472847
1 3 20 0.0004071840291767511
2 1 20 0.00017823355278578427
2 2 20 0.0002786005006583943
2 3 20 0.00029547541628499466
3 1 20 0.0003676574213141456
3 2 20 0.0003103765481156642
3 3 20 0.0004806232658681766
