[-2.41421356 -1.         -1.         -0.41421356  0.41421356  1.
  1.          2.41421356]
W: 3.6
num_iter: 0
[-0.83747139 -0.77872761 -0.71051304 -0.63146509 -0.54250085 -0.43763539
 -0.3199914  -0.17963682  0.17962687  0.31999994  0.43763215  0.542493
  0.6314601   0.71053226  0.7787239   0.83747338]
localization_length: 0.695886991975648
0.697226643907831
W_list: [3.6]
L_list: [0.697226643907831]
[-2.41421356 -1.         -1.         -0.41421356  0.41421356  1.
  1.          2.41421356]
W: 3.6
num_iter: 0
[-0.83788811 -0.77884419 -0.71006924 -0.63164106 -0.54181527 -0.43996291
 -0.3212892  -0.18028498  0.18028145  0.32128866  0.43996795  0.54181554
  0.63163769  0.71009471  0.77881774  0.83789123]
localization_length: 0.693360289360036
0.6917746113217499
W_list: [3.6]
L_list: [0.6917746113217499]
