Norm difference: 1.0
Norm difference: 1.0
1 1
1 2
2 1
2 2
1 1
1 2
2 1
2 2
1 1
1 2
2 1
2 2
1 1
1 2
2 1
2 2
1 1
1 2
2 1
2 2
1 1
1 2
2 1
2 2
1 1
1 2
2 1
2 2
1 1
1 2
2 1
2 2
1 1
1 2
2 1
2 2
1 1
1 2
2 1
2 2
1 1
1 2
2 1
2 2
1 1
1 2
2 1
2 2
1 1
1 2
2 1
2 2
1 1
1 2
2 1
2 2
1 1
1 2
2 1
2 2
1 1
1 2
2 1
2 2
1 1
1 2
2 1
2 2
1 1
1 2
2 1
2 2
1 1
1 2
2 1
2 2
1 1
1 2
2 1
2 2
1 1 1 0.00013812088135456007
1 2 1 0.0001335311798440285
2 1 1 0.00017452962949141313
2 2 1 0.00014720856807710485
1 1 2 0.00011767853308871558
1 2 2 0.00011223432926367756
2 1 2 0.00015580719902092872
2 2 2 0.00013449479841995572
1 1 3 9.68876237807901e-5
1 2 3 0.0001199549243439203
2 1 3 0.00015981205385115336
2 2 3 0.00011299200893229028
1 1 4 0.0001255938416683244
1 2 4 0.0001154912306278344
2 1 4 0.00022603981060763937
2 2 4 0.00015064905655793516
1 1 5 0.00019338383311281673
1 2 5 0.00012502395015445345
2 1 5 0.0002125685312350006
2 2 5 0.00022700657654071992
1 1 6 0.00018929559123451287
1 2 6 0.00019641095164422729
2 1 6 0.00020019991752741377
2 2 6 0.00023431545936097764
1 1 7 0.0001679276745196903
1 2 7 0.0002512590299069939
2 1 7 0.0002545489478944029
2 2 7 0.000268593933204255
1 1 8 0.00017905012742786355
1 2 8 0.0002576248425468699
2 1 8 0.00022513430164662176
2 2 8 0.00031081435319279676
1 1 9 0.00021170130721414883
1 2 9 0.00020067718191876625
2 1 9 0.00024152403406887176
2 2 9 0.00029879035478239964
1 1 10 0.00018774081507065373
1 2 10 0.00017890068746641765
2 1 10 0.0002783785997582633
2 2 10 0.0002445561507631301
1 1 11 0.00017866030688027068
1 2 11 0.0001736135933677629
2 1 11 0.00026129956090893794
2 2 11 0.00022205726502350876
1 1 12 0.0001987793999954429
1 2 12 0.0001835185230213872
2 1 12 0.0002566015383058928
2 2 12 0.00028456118366326956
1 1 13 0.0002474127706959027
1 2 13 0.00021669602087821512
2 1 13 0.00022603558601198143
2 2 13 0.0002602076528864577
1 1 14 0.0002219336232932264
1 2 14 0.00023298638860249116
2 1 14 0.00030139264200897034
2 2 14 0.0002767832361478123
1 1 15 0.000221588317152542
1 2 15 0.0002429226665679412
2 1 15 0.00038598329166517336
2 2 15 0.0002702794650817066
1 1 16 0.00030418058486610046
1 2 16 0.00022536073004920682
2 1 16 0.0003299821264227538
2 2 16 0.0002943836051308232
1 1 17 0.00036959985027986954
1 2 17 0.0002520707171028931
2 1 17 0.00044191027240784753
2 2 17 0.0004441055789928825
1 1 18 0.00036029755092651175
1 2 18 0.000399583139424711
2 1 18 0.000595911334611523
2 2 18 0.0005123869187298452
1 1 19 0.0005233130298104593
1 2 19 0.000500339882381205
2 1 19 0.0006225617044324521
2 2 19 0.0006628184132766122
1 1 20 0.0005862285335545118
1 2 20 0.0006381834970618353
2 1 20 0.0007726047376261031
2 2 20 0.000947635870497564
