C_list:
0.0006452478382858942 0.2161448119615656
C_list:
0.000646119327544087 0.23097058827481115
C_list:
0.0006265988633872108 0.2503437324446821
C_list:
0.0007120343604026967 0.2667232045815507
C_list:
0.0006178514186267168 0.27833499144153895
C_list:
0.000671831624453375 0.29391823351142343
ndim2: 60
W_list: [2.3, 2.4, 2.5, 2.5999999999999996, 2.6999999999999997, 2.8]
L_list: [4.626527886210925, 4.329555583112556, 3.9945078322301026, 3.7492051041035306, 3.592792968001792, 3.4023067846219006]
C_list:
0.0005178984773368432 0.15102145452521507
C_list:
0.0006035066611151966 0.16647614491219162
C_list:
0.0005315817367164879 0.17609458640425857
C_list:
0.0005178820034658546 0.1937514278852577
C_list:
0.0005112272182378929 0.20444760955523678
C_list:
0.0005211026116567227 0.21745845638715527
ndim2: 60
W_list: [2.3, 2.4, 2.5, 2.5999999999999996, 2.6999999999999997, 2.8]
L_list: [6.621575743286439, 6.006866632618465, 5.67876628361709, 5.161252285542969, 4.891228624171437, 4.598579501638858]
C_list:
0.0005164062324625538 0.13029488958563934
C_list:
0.0005647038020426077 0.144552112526191
C_list:
0.0004934152653651617 0.15395065431208405
C_list:
0.0005754515379738411 0.16947184294212536
C_list:
0.00047421050229834357 0.17296644947109135
C_list:
0.000490939383278853 0.18707814392585567
ndim2: 60
W_list: [2.3, 2.4, 2.5, 2.5999999999999996, 2.6999999999999997, 2.8]
L_list: [7.674898096004961, 6.917920343909279, 6.495587852279151, 5.900685226757698, 5.781468042258302, 5.345359853454223]
