[-2.41421356 -1.         -1.         -0.41421356  0.41421356  1.
  1.          2.41421356]
W: 4.2
num_iter: 0
[-0.96894509 -0.95563635 -0.94185318 -0.92783159 -0.91349199 -0.89834703
 -0.8824119  -0.86652534 -0.84921602 -0.83131206 -0.81269572 -0.79348516
 -0.77379578 -0.75219324 -0.73118607 -0.70814636 -0.68483925 -0.65962995
 -0.63403835 -0.60693808 -0.57993854 -0.5507746  -0.51988103 -0.4885652
 -0.45530121 -0.42001035 -0.38342762 -0.34488955 -0.3025087  -0.25648101
 -0.20383697 -0.14196127  0.14195839  0.20383144  0.25649341  0.30251641
  0.34488487  0.3834208   0.42002201  0.4553004   0.4885568   0.51988508
  0.55078544  0.57994326  0.60694167  0.63404597  0.65963355  0.68483225
  0.70817007  0.731174    0.75217324  0.77377832  0.79348326  0.8126921
  0.83131433  0.84921286  0.86653394  0.88242321  0.89834288  0.91347682
  0.92784468  0.94184193  0.95564527  0.96893588]
localization_length: 0.22013493026334072
0.21876016971530665
W_list: [4.2]
L_list: [0.21876016971530665]
[-2.41421356 -1.         -1.         -0.41421356  0.41421356  1.
  1.          2.41421356]
W: 4.2
num_iter: 0
[-0.96898243 -0.95633893 -0.94243993 -0.92830654 -0.91360279 -0.89880253
 -0.88297474 -0.86733817 -0.84931792 -0.83179607 -0.81307399 -0.79388971
 -0.77388823 -0.75278032 -0.73081264 -0.70807986 -0.68447635 -0.65973193
 -0.63442884 -0.60750561 -0.57971332 -0.55072296 -0.5204693  -0.4887969
 -0.45564232 -0.4202014  -0.38401521 -0.34529855 -0.30238222 -0.25593308
 -0.20505672 -0.14116956  0.14117281  0.20505688  0.2559228   0.3023842
  0.3453269   0.38400552  0.42021121  0.45563543  0.48880451  0.52047164
  0.55071924  0.57971748  0.60751018  0.63441452  0.65973444  0.68447451
  0.70806815  0.7308123   0.75279872  0.77389841  0.79387373  0.8130669
  0.8317791   0.84932534  0.86733411  0.88296748  0.89880251  0.91361678
  0.92831244  0.94243748  0.95633441  0.96897891]
localization_length: 0.22136500492339836
0.22295188822517492
W_list: [4.2]
L_list: [0.22295188822517492]
