C_list:
0.0006371681387687815 0.2239407368539008
C_list:
0.000707352667718757 0.22813022759696552
C_list:
0.0006492459851087533 0.24747895917774068
C_list:
0.0006715374680890129 0.2524909118954887
C_list:
0.0007325578297791451 0.27928555778749964
C_list:
0.0006707442857884139 0.2946920815804356
ndim2: 60
W_list: [2.3, 2.4, 2.5, 2.5999999999999996, 2.6999999999999997, 2.8]
L_list: [4.465467132281525, 4.383461194658895, 4.040747558186531, 3.960538589261862, 3.580564666221915, 3.39337248098759]
C_list:
0.0005459588868779888 0.1573049646066094
C_list:
0.0005761917768001243 0.16581038940454332
C_list:
0.0005683567147838026 0.18185069656868877
C_list:
0.0005676280805782185 0.20078343542189478
C_list:
0.0005427090926979043 0.2042852505919399
C_list:
0.0005772108028273916 0.21814865748474477
ndim2: 60
W_list: [2.3, 2.4, 2.5, 2.5999999999999996, 2.6999999999999997, 2.8]
L_list: [6.357078446321227, 6.030985172830185, 5.499016604658863, 4.980490536476562, 4.895116006184419, 4.584030044145151]
C_list:
0.0005485110887020343 0.13442525634195246
C_list:
0.0005036715767977527 0.14726168355950636
C_list:
0.0005520204130591269 0.16234134445969853
C_list:
0.0005583149277012234 0.1638983283967302
C_list:
0.0005233336802912417 0.17811527166707383
C_list:
0.0005366473710224503 0.18524839436112087
ndim2: 60
W_list: [2.3, 2.4, 2.5, 2.5999999999999996, 2.6999999999999997, 2.8]
L_list: [7.439078244762197, 6.790632673949529, 6.1598602828391105, 6.1013434961912045, 5.6143417161284255, 5.398157449346701]
