W: 3.2
num_iter: 0
[-0.89228341 -0.89228341 -0.86988563 -0.86988563 -0.84249454 -0.84249454
 -0.81067715 -0.81067715 -0.77394519 -0.77394519 -0.73271123 -0.73271123
 -0.6872264  -0.6872264  -0.63702246 -0.63702246 -0.58193279 -0.58193279
 -0.52158326 -0.52158326 -0.45632932 -0.45632932 -0.38608505 -0.38608505
 -0.30931696 -0.30931696 -0.22712815 -0.22712815 -0.14021063 -0.14021063
 -0.04216388 -0.04216388  0.04216153  0.04216153  0.14021255  0.14021255
  0.2271295   0.2271295   0.30931635  0.30931635  0.38608412  0.38608412
  0.45633015  0.45633015  0.52158636  0.52158636  0.58193284  0.58193284
  0.6370218   0.6370218   0.68722727  0.68722727  0.73270876  0.73270876
  0.77394656  0.77394656  0.81067529  0.81067529  0.84249302  0.84249302
  0.86988493  0.86988493  0.89228504  0.89228504]
localization_length: 1.482393847668704
1.463701264416259
W_list: [3.2]
L_list: [23.419220230660144]
