Norm difference: 0.9999999999999999
Norm difference: 0.9999999999999999
1 1
1 2
2 1
2 2
1 1
1 2
2 1
2 2
1 1
1 2
2 1
2 2
1 1
1 2
2 1
2 2
1 1
1 2
2 1
2 2
1 1
1 2
2 1
2 2
1 1
1 2
2 1
2 2
1 1
1 2
2 1
2 2
1 1
1 2
2 1
2 2
1 1
1 2
2 1
2 2
1 1
1 2
2 1
2 2
1 1
1 2
2 1
2 2
1 1
1 2
2 1
2 2
1 1
1 2
2 1
2 2
1 1
1 2
2 1
2 2
1 1
1 2
2 1
2 2
1 1
1 2
2 1
2 2
1 1
1 2
2 1
2 2
1 1
1 2
2 1
2 2
1 1
1 2
2 1
2 2
1 1 1 0.008231362338690425
1 2 1 0.008806672965768213
2 1 1 0.009649973340802514
2 2 1 0.011459771788183522
1 1 2 0.005831767025902161
1 2 2 0.005326605971845315
2 1 2 0.007302549020120118
2 2 2 0.009006005973778607
1 1 3 0.006732538900938579
1 2 3 0.008258004434200782
2 1 3 0.009072547989925645
2 2 3 0.011621657730562621
1 1 4 0.005687124717695448
1 2 4 0.008159171696683282
2 1 4 0.009519830330033056
2 2 4 0.006657912414242455
1 1 5 0.007563268344763251
1 2 5 0.008729707262731323
2 1 5 0.009572590722428168
2 2 5 0.008753273871103463
1 1 6 0.006215416166171028
1 2 6 0.0057334084042566765
2 1 6 0.007468682414362414
2 2 6 0.008179932204619628
1 1 7 0.005958698244520692
1 2 7 0.006705130045888913
2 1 7 0.007361913169882804
2 2 7 0.008322546844534467
1 1 8 0.004850511844241355
1 2 8 0.004210434812420146
2 1 8 0.006364511990546044
2 2 8 0.006779450277193221
1 1 9 0.005455011594682281
1 2 9 0.005530830587064019
2 1 9 0.006156524810216284
2 2 9 0.006477473114301087
1 1 10 0.0036586189576203266
1 2 10 0.0037970393002355026
2 1 10 0.005483338841903697
2 2 10 0.004765618443585635
1 1 11 0.004625955164211906
1 2 11 0.0041550191923505715
2 1 11 0.005422951402863552
2 2 11 0.004663446550220628
1 1 12 0.002477054851455226
1 2 12 0.0020208019658725335
2 1 12 0.004087082763187999
2 2 12 0.004441528793840194
1 1 13 0.003041843795011536
1 2 13 0.00391789432509629
2 1 13 0.003898374095976961
2 2 13 0.0035357426206697024
1 1 14 0.003443140799433727
1 2 14 0.003564940566696101
2 1 14 0.003684136018517096
2 2 14 0.003974548638671268
1 1 15 0.003661450827817489
1 2 15 0.0030142443965243447
2 1 15 0.003571035197794796
2 2 15 0.004076888682135066
1 1 16 0.0027938172285176055
1 2 16 0.0027798146126220896
2 1 16 0.004500885718569371
2 2 16 0.0031527827512878594
1 1 17 0.0027572754600959167
1 2 17 0.002583036611052746
2 1 17 0.0033872613614994405
2 2 17 0.0029602428892523624
1 1 18 0.0025230601805775275
1 2 18 0.0018980885113383896
2 1 18 0.003359365518299926
2 2 18 0.003150416529848957
1 1 19 0.002049257690709716
1 2 19 0.0014464476997588154
2 1 19 0.0034391593433009326
2 2 19 0.0019329440339123354
1 1 20 0.002642468867156186
1 2 20 0.0014368703095632587
2 1 20 0.0026292759531250007
2 2 20 0.0017682226552448589
