W: 3.4000000000000004
num_iter: 0
[-0.86679674 -0.86679674 -0.81767227 -0.81767227 -0.75016057 -0.75016057
 -0.66545957 -0.66545957 -0.56030112 -0.56030112 -0.43236801 -0.43236801
 -0.2779976  -0.2779976  -0.08537119 -0.08537119  0.08537456  0.08537456
  0.27799711  0.27799711  0.43237257  0.43237257  0.56030316  0.56030316
  0.66545748  0.66545748  0.75015827  0.75015827  0.81767159  0.81767159
  0.86679234  0.86679234]
localization_length: 1.4641941278937503
1.465685764186175
W_list: [3.4000000000000004]
L_list: [11.7254861134894]
