W: 2.4
num_iter: 0
[-0.69967347 -0.69967347 -0.68148589 -0.68148589 -0.65882374 -0.65882374
 -0.63151154 -0.63151154 -0.6003782  -0.6003782  -0.56563628 -0.56563628
 -0.52752496 -0.52752496 -0.48546991 -0.48546991 -0.44034632 -0.44034632
 -0.39088536 -0.39088536 -0.33759083 -0.33759083 -0.28047787 -0.28047787
 -0.21913412 -0.21913412 -0.15516936 -0.15516936 -0.08879278 -0.08879278
 -0.01892959 -0.01892959  0.018927    0.018927    0.08879311  0.08879311
  0.15517228  0.15517228  0.21913698  0.21913698  0.28048314  0.28048314
  0.33758947  0.33758947  0.39088009  0.39088009  0.44034697  0.44034697
  0.48546843  0.48546843  0.5275253   0.5275253   0.56563481  0.56563481
  0.60037969  0.60037969  0.63151459  0.63151459  0.65882303  0.65882303
  0.68148125  0.68148125  0.69967406  0.69967406]
localization_length: 3.3021604442299344
3.328882382220015
W_list: [2.4]
L_list: [53.26211811552024]
