W: 2.2
num_iter: 0
[-0.66803792 -0.66803792 -0.66064002 -0.66064002 -0.65188134 -0.65188134
 -0.64185588 -0.64185588 -0.63090077 -0.63090077 -0.61859056 -0.61859056
 -0.60525184 -0.60525184 -0.59116652 -0.59116652 -0.5762111  -0.5762111
 -0.55996211 -0.55996211 -0.54332813 -0.54332813 -0.52589911 -0.52589911
 -0.50759202 -0.50759202 -0.48854067 -0.48854067 -0.46867173 -0.46867173
 -0.44785532 -0.44785532 -0.42593446 -0.42593446 -0.40337655 -0.40337655
 -0.38012698 -0.38012698 -0.35590173 -0.35590173 -0.33035201 -0.33035201
 -0.30431252 -0.30431252 -0.276892   -0.276892   -0.24861581 -0.24861581
 -0.21989163 -0.21989163 -0.190092   -0.190092   -0.15988376 -0.15988376
 -0.12942015 -0.12942015 -0.09828142 -0.09828142 -0.06823168 -0.06823168
 -0.03784123 -0.03784123 -0.00762371 -0.00762371  0.00762674  0.00762674
  0.03784195  0.03784195  0.06823005  0.06823005  0.09828471  0.09828471
  0.12941137  0.12941137  0.15989019  0.15989019  0.19008974  0.19008974
  0.21989323  0.21989323  0.24861428  0.24861428  0.27689196  0.27689196
  0.30431172  0.30431172  0.33035741  0.33035741  0.35590459  0.35590459
  0.38012961  0.38012961  0.40337651  0.40337651  0.42593635  0.42593635
  0.44785332  0.44785332  0.46867292  0.46867292  0.48853803  0.48853803
  0.5075907   0.5075907   0.52589929  0.52589929  0.54332335  0.54332335
  0.55996102  0.55996102  0.57620942  0.57620942  0.59116079  0.59116079
  0.60524771  0.60524771  0.61859619  0.61859619  0.63090497  0.63090497
  0.64185618  0.64185618  0.65188212  0.65188212  0.66063962  0.66063962
  0.66803664  0.66803664]
localization_length: 4.099051529888201
4.045725664244993
W_list: [2.2]
L_list: [129.46322125583978]
