[-2.41421356 -1.         -1.         -0.41421356  0.41421356  1.
  1.          2.41421356]
W: 1.7999999999999998
num_iter: 0
[-0.46054616 -0.43333826 -0.40408378 -0.37401058 -0.34484855 -0.31542562
 -0.28597791 -0.25768832 -0.22952449 -0.20174752 -0.17350477 -0.14648457
 -0.11779568 -0.08935946 -0.05978943 -0.03033113  0.03032961  0.05977954
  0.08936617  0.11780024  0.1464784   0.17350262  0.20173992  0.22952168
  0.25769623  0.28596943  0.31544681  0.34484501  0.37401812  0.40407797
  0.43333364  0.46055086]
localization_length: 2.0606923139248527
2.056151095930495
W_list: [1.7999999999999998]
L_list: [2.056151095930495]
[-2.41421356 -1.         -1.         -0.41421356  0.41421356  1.
  1.          2.41421356]
W: 1.7999999999999998
num_iter: 0
[-0.46115785 -0.43258994 -0.40291868 -0.37400907 -0.34411783 -0.3147771
 -0.28581672 -0.25760006 -0.22955222 -0.2013126  -0.17354057 -0.14597403
 -0.1173471  -0.0895007  -0.06018025 -0.02984942  0.02985043  0.06018723
  0.08950762  0.1173364   0.14598488  0.17354715  0.20130794  0.2295441
  0.25759847  0.28581491  0.31478766  0.34411308  0.37400051  0.40291889
  0.43258586  0.46115901]
localization_length: 2.0938431524434904
2.1040571439405342
W_list: [1.7999999999999998]
L_list: [2.1040571439405342]
