Norm difference: 1.0
Norm difference: 1.0
1 1
1 2
2 1
2 2
1 1
1 2
2 1
2 2
1 1
1 2
2 1
2 2
1 1
1 2
2 1
2 2
1 1
1 2
2 1
2 2
1 1
1 2
2 1
2 2
1 1
1 2
2 1
2 2
1 1
1 2
2 1
2 2
1 1
1 2
2 1
2 2
1 1
1 2
2 1
2 2
1 1
1 2
2 1
2 2
1 1
1 2
2 1
2 2
1 1
1 2
2 1
2 2
1 1
1 2
2 1
2 2
1 1
1 2
2 1
2 2
1 1
1 2
2 1
2 2
1 1
1 2
2 1
2 2
1 1
1 2
2 1
2 2
1 1
1 2
2 1
2 2
1 1
1 2
2 1
2 2
1 1 1 0.0004875045494531022
1 2 1 0.0004806051182034268
2 1 1 0.0005184491517484319
2 2 1 0.0005127880445836453
1 1 2 0.0006287668397773791
1 2 2 0.000700334128548499
2 1 2 0.0006940741808908234
2 2 2 0.0005857753642249921
1 1 3 0.0006419916246466223
1 2 3 0.0007597418586355937
2 1 3 0.0007188989763101778
2 2 3 0.0008205135164500539
1 1 4 0.0007463437641310822
1 2 4 0.0010016140830821924
2 1 4 0.000875650214567841
2 2 4 0.0013154997799883629
1 1 5 0.000745268263189999
1 2 5 0.0009458900921346252
2 1 5 0.0008491322850653005
2 2 5 0.0011588704363055921
1 1 6 0.0011034491102888343
1 2 6 0.0013284460145893081
2 1 6 0.0012078150855208947
2 2 6 0.0012859921425457284
1 1 7 0.0010011584189871727
1 2 7 0.0014035745734019554
2 1 7 0.0011944521887384818
2 2 7 0.0015354268609556866
1 1 8 0.0010483240613792296
1 2 8 0.001595272371774828
2 1 8 0.0009307552782660304
2 2 8 0.0017413911441627149
1 1 9 0.0016744527251066187
1 2 9 0.001458064781555692
2 1 9 0.002043459979942932
2 2 9 0.0015155259133571165
1 1 10 0.0015813429724834387
1 2 10 0.001072644078610778
2 1 10 0.0018745211655160153
2 2 10 0.0006727783574093283
1 1 11 0.0017194060407577226
1 2 11 0.001363793914238921
2 1 11 0.0018584002724621935
2 2 11 0.001416323249274364
1 1 12 0.0017113314369453121
1 2 12 0.0009534621736102689
2 1 12 0.00138945245853214
2 2 12 0.0010897158923499708
1 1 13 0.0015157704396991224
1 2 13 0.0011905511138426287
2 1 13 0.001237741644027319
2 2 13 0.0014442022303450017
1 1 14 0.0009832566058361198
1 2 14 0.0012238684162531406
2 1 14 0.0008988071072097913
2 2 14 0.001257140109898885
1 1 15 0.0012237532807265897
1 2 15 0.001246942762158367
2 1 15 0.0014105558419412463
2 2 15 0.0009813826841124948
1 1 16 0.0013572281728477758
1 2 16 0.001043975095196124
2 1 16 0.0018213957808107216
2 2 16 0.0010410302720580051
1 1 17 0.0011907306736122594
1 2 17 0.0015820763753061982
2 1 17 0.001321283402835286
2 2 17 0.0018338709473405656
1 1 18 0.0012842235606622735
1 2 18 0.0017593562598318014
2 1 18 0.0009161846884327716
2 2 18 0.0022531284636139576
1 1 19 0.001747868746897126
1 2 19 0.0015435311348201985
2 1 19 0.001840801156972638
2 2 19 0.0015316115530261518
1 1 20 0.0014170379136609799
1 2 20 0.0016049707301465503
2 1 20 0.001777552673193409
2 2 20 0.001105999999073187
