W: 1.4
num_iter: 0
[-1.1381134  -1.1381134  -1.12089121 -1.12089121 -1.09783535 -1.09783535
 -1.06811224 -1.06811224 -1.02966875 -1.02966875 -0.98053275 -0.98053275
 -0.91857575 -0.91857575 -0.84053755 -0.84053755 -0.74496791 -0.74496791
 -0.6309283  -0.6309283  -0.50853195 -0.50853195 -0.39201459 -0.39201459
 -0.2888889  -0.2888889  -0.19695398 -0.19695398 -0.11250202 -0.11250202
 -0.02768435 -0.02768435  0.02768189  0.02768189  0.11250403  0.11250403
  0.19695551  0.19695551  0.28888664  0.28888664  0.39201415  0.39201415
  0.50853167  0.50853167  0.63092595  0.63092595  0.74497248  0.74497248
  0.84053643  0.84053643  0.91857444  0.91857444  0.98053333  0.98053333
  1.02967429  1.02967429  1.06811018  1.06811018  1.09783451  1.09783451
  1.12088988  1.12088988  1.13811364  1.13811364]
localization_length: 2.2577938946295713
2.255477960038378
W_list: [1.4]
L_list: [36.08764736061405]
