W: 4.2
num_iter: 0
[-1.00874221 -1.00874221 -0.98724456 -0.98724456 -0.96145123 -0.96145123
 -0.93174104 -0.93174104 -0.8975828  -0.8975828  -0.85932431 -0.85932431
 -0.81579871 -0.81579871 -0.76746236 -0.76746236 -0.7130819  -0.7130819
 -0.65153633 -0.65153633 -0.58281288 -0.58281288 -0.50544311 -0.50544311
 -0.42000207 -0.42000207 -0.32543588 -0.32543588 -0.2190103  -0.2190103
 -0.09322426 -0.09322426  0.09321904  0.09321904  0.21901464  0.21901464
  0.32543784  0.32543784  0.42000386  0.42000386  0.50544779  0.50544779
  0.58281344  0.58281344  0.65154468  0.65154468  0.71308141  0.71308141
  0.76745896  0.76745896  0.81579084  0.81579084  0.85932219  0.85932219
  0.89757625  0.89757625  0.93174488  0.93174488  0.96144851  0.96144851
  0.98724396  0.98724396  1.00874565  1.00874565]
localization_length: 0.6704638808044867
0.6702023024220205
W_list: [4.2]
L_list: [10.723236838752328]
