[-2.41421356 -1.         -1.         -0.41421356  0.41421356  1.
  1.          2.41421356]
W: 4.2
num_iter: 0
[-0.96149751 -0.93521984 -0.90654087 -0.87455674 -0.83979251 -0.80302771
 -0.76288947 -0.71923885 -0.67142083 -0.62031832 -0.56475742 -0.50448314
 -0.43869457 -0.36392624 -0.28028741 -0.17772247  0.17772409  0.28028067
  0.36392905  0.43868588  0.50447769  0.56476562  0.62031486  0.67141687
  0.71923663  0.76288609  0.80304149  0.83979694  0.87456183  0.90655283
  0.93521002  0.96149335]
localization_length: 0.35167189911211594
0.3506103220708704
W_list: [4.2]
L_list: [0.3506103220708704]
[-2.41421356 -1.         -1.         -0.41421356  0.41421356  1.
  1.          2.41421356]
W: 4.2
num_iter: 0
[-0.96145759 -0.93444867 -0.90573849 -0.87431728 -0.84066989 -0.80302709
 -0.76252268 -0.71849088 -0.67164998 -0.61999868 -0.56363988 -0.50301964
 -0.43760685 -0.36427822 -0.27928446 -0.17658518  0.17658239  0.2792802
  0.36428706  0.43760566  0.50301963  0.56365791  0.61997489  0.67164435
  0.71850198  0.76251608  0.8030152   0.84068253  0.87433085  0.90573288
  0.93444919  0.96145463]
localization_length: 0.3539424245938954
0.3563872194163113
W_list: [4.2]
L_list: [0.3563872194163113]
