Norm difference: 1.0
Norm difference: 1.0
1 1
1 2
2 1
2 2
1 1
1 2
2 1
2 2
1 1
1 2
2 1
2 2
1 1
1 2
2 1
2 2
1 1
1 2
2 1
2 2
1 1
1 2
2 1
2 2
1 1
1 2
2 1
2 2
1 1
1 2
2 1
2 2
1 1
1 2
2 1
2 2
1 1
1 2
2 1
2 2
1 1
1 2
2 1
2 2
1 1
1 2
2 1
2 2
1 1
1 2
2 1
2 2
1 1
1 2
2 1
2 2
1 1
1 2
2 1
2 2
1 1
1 2
2 1
2 2
1 1
1 2
2 1
2 2
1 1
1 2
2 1
2 2
1 1
1 2
2 1
2 2
1 1
1 2
2 1
2 2
1 1 1 0.018691762327377695
1 2 1 0.011426799755275312
2 1 1 0.02330822372995502
2 2 1 0.01617126382676074
1 1 2 0.011237322770681684
1 2 2 0.01311216202112431
2 1 2 0.016841913078615194
2 2 2 0.015183408405534648
1 1 3 0.008378371935045896
1 2 3 0.012913615397755412
2 1 3 0.00867005895414086
2 2 3 0.01192364315764091
1 1 4 0.006899663047230787
1 2 4 0.00612505582439282
2 1 4 0.006711120976048572
2 2 4 0.008196525678799048
1 1 5 0.006461972901865072
1 2 5 0.0044932394194816
2 1 5 0.00485260995223838
2 2 5 0.004984252463826972
1 1 6 0.003687093171760947
1 2 6 0.004974246934144553
2 1 6 0.0038342043493475733
2 2 6 0.004754465194283008
1 1 7 0.0030224548750450745
1 2 7 0.004496341601877531
2 1 7 0.003998204118020848
2 2 7 0.003032459936648542
1 1 8 0.003405807577188537
1 2 8 0.0025491296878171346
2 1 8 0.0028987610645721607
2 2 8 0.0032845186424392595
1 1 9 0.0026952101016487337
1 2 9 0.002627534163206858
2 1 9 0.00298651050041872
2 2 9 0.0032208745797636822
1 1 10 0.003370008593635173
1 2 10 0.0026071213851699684
2 1 10 0.0026496467274557335
2 2 10 0.0021990372783199314
1 1 11 0.0028894798189914753
1 2 11 0.002979285484656163
2 1 11 0.0028161263978477872
2 2 11 0.002407985468360863
1 1 12 0.0029043342021222466
1 2 12 0.003455871654042418
2 1 12 0.002559558034180598
2 2 12 0.0027956724229505443
1 1 13 0.003143876128117038
1 2 13 0.0025413259960115177
2 1 13 0.002909388799454562
2 2 13 0.002270107877279551
1 1 14 0.002639735637365679
1 2 14 0.0025235246625197067
2 1 14 0.0025561033222080178
2 2 14 0.0028909354200457598
1 1 15 0.0015870082907668288
1 2 15 0.0028532456181033397
2 1 15 0.0021868275034744766
2 2 15 0.0034448222104629537
1 1 16 0.002039674421130773
1 2 16 0.0024381265550387004
2 1 16 0.002867671296222801
2 2 16 0.0021601429267914087
1 1 17 0.002295568081300864
1 2 17 0.001710094735519647
2 1 17 0.0023161894597265214
2 2 17 0.0023948227312550006
1 1 18 0.00182494577951509
1 2 18 0.001287608455294798
2 1 18 0.0013830806312265845
2 2 18 0.002160328095463378
1 1 19 0.0005703858131687618
1 2 19 0.0015917417064014497
2 1 19 0.0014085859470617773
2 2 19 0.001131015818234984
1 1 20 0.0004080617623943684
1 2 20 0.0007635526512982593
2 1 20 0.000631929926845694
2 2 20 0.0009714620385321502
