W: 2.2
num_iter: 0
[-1.17348098 -1.17348098 -1.15065198 -1.15065198 -1.12235629 -1.12235629
 -1.08704083 -1.08704083 -1.04342043 -1.04342043 -0.98955766 -0.98955766
 -0.92465044 -0.92465044 -0.84757134 -0.84757134 -0.75811163 -0.75811163
 -0.65919058 -0.65919058 -0.55663341 -0.55663341 -0.45283849 -0.45283849
 -0.35292149 -0.35292149 -0.25495716 -0.25495716 -0.15736848 -0.15736848
 -0.05058461 -0.05058461  0.05059052  0.05059052  0.15737374  0.15737374
  0.25494919  0.25494919  0.35291864  0.35291864  0.45284157  0.45284157
  0.55662633  0.55662633  0.65919714  0.65919714  0.75811021  0.75811021
  0.84757409  0.84757409  0.92464946  0.92464946  0.9895635   0.9895635
  1.04341873  1.04341873  1.0870372   1.0870372   1.12235298  1.12235298
  1.15064874  1.15064874  1.17348377  1.17348377]
localization_length: 1.235553623094385
1.240961249052965
W_list: [2.2]
L_list: [19.85537998484744]
