[-2.41421356 -1.         -1.         -0.41421356  0.41421356  1.
  1.          2.41421356]
W: 1.5999999999999999
num_iter: 0
[-0.40152168 -0.33749674 -0.2783759  -0.22572108 -0.1765075  -0.13097554
 -0.08672435 -0.04387785  0.04387786  0.08672169  0.13096889  0.17652233
  0.22571635  0.27837668  0.33749345  0.4015234 ]
localization_length: 2.8488176829839285
3.110037913540795
W_list: [1.5999999999999999]
L_list: [3.110037913540795]
[-2.41421356 -1.         -1.         -0.41421356  0.41421356  1.
  1.          2.41421356]
W: 1.5999999999999999
num_iter: 0
[-0.40120376 -0.3377225  -0.27858292 -0.22602356 -0.17711747 -0.1313266
 -0.08725004 -0.04290116  0.04289888  0.08725337  0.13132701  0.17711562
  0.2260165   0.27858824  0.33772054  0.40120785]
localization_length: 2.913829016470913
2.943941106863387
W_list: [1.5999999999999999]
L_list: [2.943941106863387]
