Norm difference: 1.0000000000000002
Norm difference: 1.0
1 1
1 2
1 3
2 1
2 2
2 3
3 1
3 2
3 3
1 1
1 2
1 3
2 1
2 2
2 3
3 1
3 2
3 3
1 1
1 2
1 3
2 1
2 2
2 3
3 1
3 2
3 3
1 1
1 2
1 3
2 1
2 2
2 3
3 1
3 2
3 3
1 1
1 2
1 3
2 1
2 2
2 3
3 1
3 2
3 3
1 1
1 2
1 3
2 1
2 2
2 3
3 1
3 2
3 3
1 1
1 2
1 3
2 1
2 2
2 3
3 1
3 2
3 3
1 1
1 2
1 3
2 1
2 2
2 3
3 1
3 2
3 3
1 1
1 2
1 3
2 1
2 2
2 3
3 1
3 2
3 3
1 1
1 2
1 3
2 1
2 2
2 3
3 1
3 2
3 3
1 1
1 2
1 3
2 1
2 2
2 3
3 1
3 2
3 3
1 1
1 2
1 3
2 1
2 2
2 3
3 1
3 2
3 3
1 1
1 2
1 3
2 1
2 2
2 3
3 1
3 2
3 3
1 1
1 2
1 3
2 1
2 2
2 3
3 1
3 2
3 3
1 1
1 2
1 3
2 1
2 2
2 3
3 1
3 2
3 3
1 1
1 2
1 3
2 1
2 2
2 3
3 1
3 2
3 3
1 1
1 2
1 3
2 1
2 2
2 3
3 1
3 2
3 3
1 1
1 2
1 3
2 1
2 2
2 3
3 1
3 2
3 3
1 1
1 2
1 3
2 1
2 2
2 3
3 1
3 2
3 3
1 1
1 2
1 3
2 1
2 2
2 3
3 1
3 2
3 3
1 1 1 0.0012077959262540392
1 2 1 0.0010058967142123564
1 3 1 0.0020799127233767376
2 1 1 0.000838864495694401
2 2 1 0.0008973176115037743
2 3 1 0.0012921341187856887
3 1 1 0.0016526829467258426
3 2 1 0.0014221290091904787
3 3 1 0.002359164311633509
1 1 2 0.0011381488221798059
1 2 2 0.0014158729637371048
1 3 2 0.0017352000697351887
2 1 2 0.0011121923628966946
2 2 2 0.001635753422481311
2 3 2 0.0019571817072969074
3 1 2 0.00157874250492589
3 2 2 0.0021912382636045773
3 3 2 0.0032954799584128044
1 1 3 0.0013558652524117943
1 2 3 0.0011715491043642555
1 3 3 0.0021858105165684255
2 1 3 0.0007973169060115231
2 2 3 0.0008252711011002058
2 3 3 0.0021433464698835964
3 1 3 0.0015759577362267532
3 2 3 0.0019505596794918791
3 3 3 0.0034244185150871637
1 1 4 0.0012478295236436586
1 2 4 0.0017320936732948544
1 3 4 0.0028952401261241843
2 1 4 0.0009951066452415325
2 2 4 0.0019846055659216507
2 3 4 0.0022334519474041447
3 1 4 0.001623327909978773
3 2 4 0.0036867805578155973
3 3 4 0.003781180850118742
1 1 5 0.0016970519004142252
1 2 5 0.002114816687584088
1 3 5 0.002832339034932134
2 1 5 0.001251245591931033
2 2 5 0.0010223029450634556
2 3 5 0.001840325089585065
3 1 5 0.0029740786959375183
3 2 5 0.002880075988477689
3 3 5 0.003970497907477657
1 1 6 0.0015692918020369074
1 2 6 0.0021796569736146887
1 3 6 0.0026225290449627264
2 1 6 0.001447581303906725
2 2 6 0.0019658609732688985
2 3 6 0.002366225519347986
3 1 6 0.0029560457919759913
3 2 6 0.0027336134215843483
3 3 6 0.0022394020731320166
1 1 7 0.0022078113910218118
1 2 7 0.0019433816226613685
1 3 7 0.002227524536271434
2 1 7 0.0015619076134648813
2 2 7 0.0010627863068862263
2 3 7 0.001881275112473158
3 1 7 0.0034587862130357914
3 2 7 0.00228224067917932
3 3 7 0.001991351425478404
1 1 8 0.002762333449800508
1 2 8 0.0017876926558225454
1 3 8 0.0019896089818518146
2 1 8 0.0019465717964653607
2 2 8 0.0022592628609769253
2 3 8 0.0021877807365962387
3 1 8 0.0035245920269888166
3 2 8 0.002509017565737782
3 3 8 0.0022750503077259383
1 1 9 0.0023635383824715693
1 2 9 0.0019959955987193414
1 3 9 0.0016051286172142631
2 1 9 0.002128968092118519
2 2 9 0.0014222230848198695
2 3 9 0.0014858506902691345
3 1 9 0.0019929550748520736
3 2 9 0.00347190238192671
3 3 9 0.0025036629422057685
1 1 10 0.0019311802843410206
1 2 10 0.0019091906841019039
1 3 10 0.0014710513281201644
2 1 10 0.0016495687535252942
2 2 10 0.0020319893487075304
2 3 10 0.0017110502935225934
3 1 10 0.002085080756608645
3 2 10 0.002191467548513471
3 3 10 0.003912527745559342
1 1 11 0.001802973192720258
1 2 11 0.0014732588700427877
1 3 11 0.0016752870058937195
2 1 11 0.0017338318205945228
2 2 11 0.0007268730580271518
2 3 11 0.0012535078961123634
3 1 11 0.0019046821953460449
3 2 11 0.001990599991224188
3 3 11 0.002537966544496101
1 1 12 0.00166364338149752
1 2 12 0.00143815882939728
1 3 12 0.0014638353349339013
2 1 12 0.001737584174866456
2 2 12 0.0017005732249337844
2 3 12 0.0016941099813361684
3 1 12 0.0020522026601265844
3 2 12 0.0024736152235796624
3 3 12 0.002330366838973949
1 1 13 0.0014829296935228897
1 2 13 0.0016776451018837926
1 3 13 0.0016150485256058416
2 1 13 0.001460071524902128
2 2 13 0.0012012540759250118
2 3 13 0.0012257795407332513
3 1 13 0.002171980352430051
3 2 13 0.0018118105440220085
3 3 13 0.002379308570785109
1 1 14 0.001458675962064435
1 2 14 0.001429354455123976
1 3 14 0.0018884895497319777
2 1 14 0.0016638810683079035
2 2 14 0.0016956962391325814
2 3 14 0.0019444541337157218
3 1 14 0.0026108273360439618
3 2 14 0.002105014565455201
3 3 14 0.002649470078172637
1 1 15 0.001223839037484392
1 2 15 0.0014372274113973191
1 3 15 0.0018393136075046327
2 1 15 0.0011885912053617477
2 2 15 0.0014278728032957246
2 3 15 0.0015048575339213957
3 1 15 0.0025788219229159314
3 2 15 0.0020473471229721352
3 3 15 0.0023925876827796027
1 1 16 0.0010971714823210638
1 2 16 0.0016255823816630952
1 3 16 0.0018973727263070198
2 1 16 0.0011705406131967471
2 2 16 0.0014727875486425853
2 3 16 0.001794124053195166
3 1 16 0.0017526653291004084
3 2 16 0.002560084519403691
3 3 16 0.00209926855947122
1 1 17 0.0011684583992175677
1 2 17 0.0013056856440125401
1 3 17 0.0020917996714219676
2 1 17 0.0013551309241431617
2 2 17 0.0007823472409113255
2 3 17 0.0014417349126120825
3 1 17 0.002687267706098677
3 2 17 0.0018867809499517746
3 3 17 0.0033732396704701613
1 1 18 0.0020846363199736907
1 2 18 0.0015109820040765769
1 3 18 0.0021043541197600436
2 1 18 0.0021380374776963926
2 2 18 0.0015130945683038168
2 3 18 0.001373097166508424
3 1 18 0.004112226511486487
3 2 18 0.0019552796259487133
3 3 18 0.002457761058258752
1 1 19 0.002814358891619773
1 2 19 0.0015215857633026782
1 3 19 0.0016733835381430562
2 1 19 0.0019784034502909123
2 2 19 0.0011083478269715218
2 3 19 0.0010436353407290671
3 1 19 0.0038840078640692785
3 2 19 0.002218330134584819
3 3 19 0.0017286155406919506
1 1 20 0.0028089312141920952
1 2 20 0.0017957734108053445
1 3 20 0.0013198212361152785
2 1 20 0.002010106703946771
2 2 20 0.0014990737618404766
2 3 20 0.0012049134335729008
3 1 20 0.003949256715497394
3 2 20 0.002229053761897747
3 3 20 0.0017747788732931555
