C_list:
0.0006105018601244511 0.21848091260772612
C_list:
0.0006542778167668078 0.22672935995969162
C_list:
0.0006944686308211019 0.2470731088023316
C_list:
0.0006468855907039557 0.2603425170278062
C_list:
0.0006553114685662042 0.27999151730577826
C_list:
0.0006425868325383825 0.29356475504516893
ndim2: 60
W_list: [2.3, 2.4, 2.5, 2.5999999999999996, 2.6999999999999997, 2.8]
L_list: [4.577058874682845, 4.410544801863252, 4.047385022382343, 3.8410936923268424, 3.5715367723369336, 3.406403469129448]
C_list:
0.0005795820581785471 0.15840991787379205
C_list:
0.0005857517508084933 0.1715983637549928
C_list:
0.0006176048382351778 0.1873221118396675
C_list:
0.0005689510054619839 0.195651849709621
C_list:
0.0005434953193829217 0.20794218457098465
C_list:
0.0005010505641707509 0.22430264384216705
ndim2: 60
W_list: [2.3, 2.4, 2.5, 2.5999999999999996, 2.6999999999999997, 2.8]
L_list: [6.3127360548013005, 5.8275613946284155, 5.338398068327987, 5.111119580439244, 4.809029019595746, 4.458262207126103]
C_list:
0.0005207033585136202 0.12475226199357875
C_list:
0.0005199111750820832 0.14308306086692443
C_list:
0.0005634013383557447 0.15364406477957085
C_list:
0.0005067908303072844 0.16451872684144614
C_list:
0.0005077262400012757 0.1695123855028856
C_list:
0.0004895019062393225 0.17288275948059628
ndim2: 60
W_list: [2.3, 2.4, 2.5, 2.5999999999999996, 2.6999999999999997, 2.8]
L_list: [8.015886718362445, 6.988947496238273, 6.508549493497676, 6.0783353919565855, 5.899273950002768, 5.784266765548917]
