Norm difference: 1.0
Norm difference: 1.0
1 1
1 2
2 1
2 2
1 1
1 2
2 1
2 2
1 1
1 2
2 1
2 2
1 1
1 2
2 1
2 2
1 1
1 2
2 1
2 2
1 1
1 2
2 1
2 2
1 1
1 2
2 1
2 2
1 1
1 2
2 1
2 2
1 1
1 2
2 1
2 2
1 1
1 2
2 1
2 2
1 1
1 2
2 1
2 2
1 1
1 2
2 1
2 2
1 1
1 2
2 1
2 2
1 1
1 2
2 1
2 2
1 1
1 2
2 1
2 2
1 1
1 2
2 1
2 2
1 1
1 2
2 1
2 2
1 1
1 2
2 1
2 2
1 1
1 2
2 1
2 2
1 1
1 2
2 1
2 2
1 1 1 0.0006254545452268681
1 2 1 0.00045073514255040135
2 1 1 0.0005663399552443855
2 2 1 0.0003703694224818192
1 1 2 0.0006481108323378032
1 2 2 0.0006119122640870682
2 1 2 0.0005543846810601721
2 2 2 0.000378020426756884
1 1 3 0.000633577424164661
1 2 3 0.0003673709030319539
2 1 3 0.0003623876852984935
2 2 3 0.00030669079537275765
1 1 4 0.0005495035231069956
1 2 4 0.00047555745371331967
2 1 4 0.0005148320273323857
2 2 4 0.0004310457061922759
1 1 5 0.0006594634603539177
1 2 5 0.0005166299761643079
2 1 5 0.0004694077324100047
2 2 5 0.00031383692061639394
1 1 6 0.0005653582726971338
1 2 6 0.0007118514479981607
2 1 6 0.00042030897138759426
2 2 6 0.00048194512186406117
1 1 7 0.0007632695916935026
1 2 7 0.0010265664085480925
2 1 7 0.0004703718668857048
2 2 7 0.0005600748050177951
1 1 8 0.0006434357969635808
1 2 8 0.0007621405486782255
2 1 8 0.0004511493640678714
2 2 8 0.0005910330875472982
1 1 9 0.0010712509782647016
1 2 9 0.001271457947633738
2 1 9 0.0007682770769523769
2 2 9 0.0007152942522894508
1 1 10 0.0014131405719971526
1 2 10 0.0016565512610363826
2 1 10 0.0007514202629076139
2 2 10 0.000845838945672019
1 1 11 0.0013329334660849182
1 2 11 0.0017674302106301311
2 1 11 0.0009891502350797877
2 2 11 0.0012266576289700812
1 1 12 0.0014884039871572632
1 2 12 0.002223230566099696
2 1 12 0.0008322870901845452
2 2 12 0.0010091516528632116
1 1 13 0.0016333743630015587
1 2 13 0.002093514979246484
2 1 13 0.0011119127403940122
2 2 13 0.0012188685058011318
1 1 14 0.0016408628852308386
1 2 14 0.0020647335179287823
2 1 14 0.0012163477803007845
2 2 14 0.0016515059683821752
1 1 15 0.0017809361397815194
1 2 15 0.0018648452865778215
2 1 15 0.0012054686761344398
2 2 15 0.0015781241680354323
1 1 16 0.0016223862012129254
1 2 16 0.001937813239507024
2 1 16 0.0011982202350115777
2 2 16 0.0012830928790084574
1 1 17 0.0014955667121664819
1 2 17 0.0017674175053440158
2 1 17 0.001100540771711928
2 2 17 0.0007272127957516223
1 1 18 0.0015067929332651419
1 2 18 0.0014341070700129876
2 1 18 0.0011473550666102525
2 2 18 0.0013114097658294467
1 1 19 0.0016052247158853464
1 2 19 0.0013454215092171926
2 1 19 0.0011765333767587793
2 2 19 0.0013212955367767581
1 1 20 0.0015518260855858124
1 2 20 0.0014603874657334857
2 1 20 0.0013013422117993524
2 2 20 0.0013576316869903522
