[-2.41421356 -1.         -1.         -0.41421356  0.41421356  1.
  1.          2.41421356]
W: 4.2
num_iter: 0
[-0.96138138 -0.93493508 -0.90549914 -0.87440998 -0.83980819 -0.8027436
 -0.76251083 -0.71814863 -0.67192004 -0.62023812 -0.56445707 -0.50431818
 -0.4380138  -0.36360494 -0.27912434 -0.17679214  0.17678989  0.27912218
  0.36359892  0.43802139  0.5043231   0.56445788  0.62023937  0.67192856
  0.71815458  0.76251004  0.80273907  0.83980268  0.87441345  0.90548834
  0.93492725  0.96138875]
localization_length: 0.35352700949555227
0.3542209298560699
W_list: [4.2]
L_list: [0.3542209298560699]
[-2.41421356 -1.         -1.         -0.41421356  0.41421356  1.
  1.          2.41421356]
W: 4.2
num_iter: 0
[-0.96152743 -0.93465514 -0.90523894 -0.87467717 -0.84008818 -0.80306417
 -0.76302045 -0.71966607 -0.67201211 -0.62138275 -0.56454308 -0.50353027
 -0.43762293 -0.36469547 -0.27988901 -0.17712296  0.17712244  0.27988459
  0.36470566  0.43762444  0.50351738  0.56454328  0.62138259  0.67201106
  0.71966426  0.76301316  0.80306448  0.84009004  0.87468423  0.90524128
  0.93465719  0.96153006]
localization_length: 0.35286325132642515
0.3513232649862552
W_list: [4.2]
L_list: [0.3513232649862552]
