Norm difference: 1.0
Norm difference: 1.0
1 1
1 2
1 3
2 1
2 2
2 3
3 1
3 2
3 3
1 1
1 2
1 3
2 1
2 2
2 3
3 1
3 2
3 3
1 1
1 2
1 3
2 1
2 2
2 3
3 1
3 2
3 3
1 1
1 2
1 3
2 1
2 2
2 3
3 1
3 2
3 3
1 1
1 2
1 3
2 1
2 2
2 3
3 1
3 2
3 3
1 1
1 2
1 3
2 1
2 2
2 3
3 1
3 2
3 3
1 1
1 2
1 3
2 1
2 2
2 3
3 1
3 2
3 3
1 1
1 2
1 3
2 1
2 2
2 3
3 1
3 2
3 3
1 1
1 2
1 3
2 1
2 2
2 3
3 1
3 2
3 3
1 1
1 2
1 3
2 1
2 2
2 3
3 1
3 2
3 3
1 1
1 2
1 3
2 1
2 2
2 3
3 1
3 2
3 3
1 1
1 2
1 3
2 1
2 2
2 3
3 1
3 2
3 3
1 1
1 2
1 3
2 1
2 2
2 3
3 1
3 2
3 3
1 1
1 2
1 3
2 1
2 2
2 3
3 1
3 2
3 3
1 1
1 2
1 3
2 1
2 2
2 3
3 1
3 2
3 3
1 1
1 2
1 3
2 1
2 2
2 3
3 1
3 2
3 3
1 1
1 2
1 3
2 1
2 2
2 3
3 1
3 2
3 3
1 1
1 2
1 3
2 1
2 2
2 3
3 1
3 2
3 3
1 1
1 2
1 3
2 1
2 2
2 3
3 1
3 2
3 3
1 1
1 2
1 3
2 1
2 2
2 3
3 1
3 2
3 3
1 1 1 0.000588392608573473
1 2 1 0.0006236486656741181
1 3 1 0.0005967895437652211
2 1 1 0.0005425714968418297
2 2 1 0.0004423945776870136
2 3 1 0.000538606087384369
3 1 1 0.0005965123156979433
3 2 1 0.0005046897229942622
3 3 1 0.000894922772073041
1 1 2 0.0005515151873961645
1 2 2 0.0006007480372636237
1 3 2 0.0007009171989877709
2 1 2 0.0004122101289055789
2 2 2 0.00040837241173858046
2 3 2 0.0004569225715458557
3 1 2 0.00045749967232563694
3 2 2 0.00045839537378075044
3 3 2 0.0006022050441095216
1 1 3 0.00044246234472909246
1 2 3 0.00047349084627299165
1 3 3 0.0005674256012016375
2 1 3 0.0004708790959749492
2 2 3 0.00034578407715020194
2 3 3 0.0004994538103780175
3 1 3 0.0004445041378218089
3 2 3 0.0004156523158045486
3 3 3 0.0006233609537945387
1 1 4 0.00039033409646486257
1 2 4 0.00044315011417405135
1 3 4 0.0005875233268521668
2 1 4 0.00037396367827937803
2 2 4 0.0003034942986607182
2 3 4 0.000535172893492944
3 1 4 0.00047816511460188876
3 2 4 0.00044138232486508436
3 3 4 0.0004359282355901389
1 1 5 0.0003816414444883153
1 2 5 0.0004170957714166478
1 3 5 0.0005484991698540039
2 1 5 0.0003735901756555994
2 2 5 0.00034314751028302723
2 3 5 0.000378933747159486
3 1 5 0.00044357742004880906
3 2 5 0.00030345235500456053
3 3 5 0.0005353328971077091
1 1 6 0.00022152905519721555
1 2 6 0.00028074046306327455
1 3 6 0.00039175639398200663
2 1 6 0.00038114867160542925
2 2 6 0.000319207663900292
2 3 6 0.0003706927470518071
3 1 6 0.000579970693655125
3 2 6 0.0003151873132609052
3 3 6 0.0004491299618908748
1 1 7 0.0003798478277363427
1 2 7 0.0003568568616190376
1 3 7 0.0003930418159513699
2 1 7 0.00037142768939573014
2 2 7 0.00022216016967827875
2 3 7 0.00037003081379481445
3 1 7 0.0003877735636141977
3 2 7 0.00035632882480382154
3 3 7 0.000438714670784615
1 1 8 0.00028117394696579583
1 2 8 0.0002419106512000929
1 3 8 0.0003833460569392019
2 1 8 0.00040013315260363215
2 2 8 0.0003482810210731577
2 3 8 0.0003418260124857837
3 1 8 0.0004087855173666644
3 2 8 0.0005143075174080752
3 3 8 0.0003966299423111649
1 1 9 0.00041348933290065015
1 2 9 0.0003441824769714908
1 3 9 0.0003074146213931945
2 1 9 0.0002589306789370878
2 2 9 0.0003402649235920738
2 3 9 0.0003616482990752363
3 1 9 0.00027575750236432707
3 2 9 0.00035996403877017744
3 3 9 0.0005433099738591263
1 1 10 0.0003625321250534985
1 2 10 0.00036552845771414686
1 3 10 0.0004095995306296103
2 1 10 0.0003020791334610727
2 2 10 0.00029980491845548704
2 3 10 0.0004710768556954972
3 1 10 0.0004146447484590831
3 2 10 0.0004885681864824595
3 3 10 0.000645913509660864
1 1 11 0.00034140827925130586
1 2 11 0.0004106571403473783
1 3 11 0.00046893343587201637
2 1 11 0.0003546759203432932
2 2 11 0.0003893437436409909
2 3 11 0.0005846337566909277
3 1 11 0.00034721220774708154
3 2 11 0.0004134206272427022
3 3 11 0.0006947571414306355
1 1 12 0.00039356487796690686
1 2 12 0.00035161946987845327
1 3 12 0.0006431744293439694
2 1 12 0.0003684194060478166
2 2 12 0.0002877404673815969
2 3 12 0.0005268804961173425
3 1 12 0.00038872840178507046
3 2 12 0.00032627033485221337
3 3 12 0.0005780372929179749
1 1 13 0.00032379580941734883
1 2 13 0.00046195923086327073
1 3 13 0.0006330326143428559
2 1 13 0.0002858051713589031
2 2 13 0.00034536431245568754
2 3 13 0.0004455771684165879
3 1 13 0.000282202079910326
3 2 13 0.00041586769917766807
3 3 13 0.000517650451101794
1 1 14 0.00030850149031489164
1 2 14 0.00029144860301065576
1 3 14 0.0005192725263020325
2 1 14 0.0003390382274819601
2 2 14 0.0002700617497285192
2 3 14 0.0005021645170923423
3 1 14 0.00047359924878640316
3 2 14 0.00032732280164737344
3 3 14 0.0005657848797135394
1 1 15 0.00033895519202615246
1 2 15 0.0003478928111775218
1 3 15 0.0004293704068286996
2 1 15 0.0003433132468762797
2 2 15 0.00032264768528202645
2 3 15 0.0004314310031397325
3 1 15 0.000438476509881338
3 2 15 0.0003524298906554817
3 3 15 0.00047541212374935135
1 1 16 0.0002635615160854111
1 2 16 0.0002823344904391062
1 3 16 0.0003680250649658228
2 1 16 0.00035755031904874027
2 2 16 0.0002423574666941929
2 3 16 0.00043953028813564315
3 1 16 0.0005551929685025746
3 2 16 0.00034879339513918187
3 3 16 0.0005186553741197058
1 1 17 0.0003340326334559576
1 2 17 0.0002703059849205461
1 3 17 0.0004760668700967176
2 1 17 0.0004316543565351206
2 2 17 0.00029956893857603607
2 3 17 0.0003701338512136274
3 1 17 0.0005361024244783572
3 2 17 0.0003210889822364258
3 3 17 0.0004407729198351503
1 1 18 0.00040218867767627674
1 2 18 0.0003246170688237537
1 3 18 0.0003880204404957305
2 1 18 0.00052740937805915
2 2 18 0.00033879629078372873
2 3 18 0.00039687764268043064
3 1 18 0.0006040656164374127
3 2 18 0.00040736449212141687
3 3 18 0.00046979097703123704
1 1 19 0.0004555225238158105
1 2 19 0.00027317227429998704
1 3 19 0.00045158660011137067
2 1 19 0.00041626642474865816
2 2 19 0.0002711356597148122
2 3 19 0.0004241621752955697
3 1 19 0.0005175183047663861
3 2 19 0.0003789428708939658
3 3 19 0.00038677833760274416
1 1 20 0.0005127011149779427
1 2 20 0.0003194754793883527
1 3 20 0.0004278189788506404
2 1 20 0.0005377758004431238
2 2 20 0.00034833941168563656
2 3 20 0.00036429280336652576
3 1 20 0.0006196270830627806
3 2 20 0.00039251783495082197
3 3 20 0.00043239751677759343
