[-2.41421356 -1.         -1.         -0.41421356  0.41421356  1.
  1.          2.41421356]
W: 4.0
num_iter: 0
[-0.93386587 -0.92063092 -0.90713462 -0.89312851 -0.87824367 -0.86339576
 -0.84789104 -0.8314423  -0.81415707 -0.79589362 -0.77738292 -0.75843926
 -0.73819499 -0.7177508  -0.69610932 -0.67359258 -0.64987599 -0.62589968
 -0.60088771 -0.57467209 -0.54773002 -0.51895998 -0.48880291 -0.45867414
 -0.4265594  -0.39286772 -0.35677008 -0.31890563 -0.27961265 -0.23445931
 -0.18530969 -0.12590887  0.12590831  0.18531234  0.23445877  0.2796044
  0.31891261  0.35676361  0.39287561  0.42657248  0.45868641  0.48879333
  0.51896991  0.54772347  0.57466179  0.60089404  0.6258768   0.6498847
  0.67357675  0.69610513  0.71776059  0.7382021   0.7584279   0.77737978
  0.79589186  0.81415846  0.83144305  0.84789067  0.86340405  0.87823966
  0.89313512  0.90714337  0.92063177  0.93386029]
localization_length: 0.24819647662946798
0.24924311795031584
W_list: [4.0]
L_list: [0.24924311795031584]
[-2.41421356 -1.         -1.         -0.41421356  0.41421356  1.
  1.          2.41421356]
W: 4.0
num_iter: 0
[-0.93397617 -0.92055946 -0.90710768 -0.89321927 -0.87838444 -0.86381712
 -0.84768797 -0.83135679 -0.81403272 -0.79591145 -0.77800911 -0.75861864
 -0.73864606 -0.71737954 -0.6959705  -0.67326855 -0.64950079 -0.6256508
 -0.60001042 -0.57420921 -0.54706608 -0.51901971 -0.48914233 -0.45815408
 -0.42641663 -0.39218608 -0.35684704 -0.31879798 -0.27843561 -0.23476522
 -0.18415209 -0.12426882  0.12426582  0.18414814  0.23476879  0.27843369
  0.31879644  0.35684142  0.39218842  0.42642301  0.45816398  0.48916038
  0.51901325  0.54706811  0.57419834  0.60000985  0.62565969  0.64948785
  0.67326468  0.69597846  0.71736269  0.73864664  0.75862262  0.77800258
  0.79593768  0.8140209   0.83135448  0.84768764  0.8638108   0.87839056
  0.89321895  0.90711827  0.92054949  0.93397476]
localization_length: 0.2514770354417087
0.25185454365608567
W_list: [4.0]
L_list: [0.25185454365608567]
