W: 4.2
num_iter: 0
[-1.13658842 -1.13658842 -1.07239842 -1.07239842 -0.98893214 -0.98893214
 -0.88623533 -0.88623533 -0.76116041 -0.76116041 -0.6076678  -0.6076678
 -0.41863181 -0.41863181 -0.17632252 -0.17632252  0.17632174  0.17632174
  0.41863032  0.41863032  0.60766849  0.60766849  0.76115712  0.76115712
  0.88623256  0.88623256  0.98893834  0.98893834  1.07239779  1.07239779
  1.1365905   1.1365905 ]
localization_length: 0.7089313136546409
0.7103039433283659
W_list: [4.2]
L_list: [5.682431546626927]
