W: 3.8
num_iter: 0
[-1.09000839 -1.09000839 -1.02438849 -1.02438849 -0.93960903 -0.93960903
 -0.83460888 -0.83460888 -0.70853248 -0.70853248 -0.55673203 -0.55673203
 -0.37468662 -0.37468662 -0.14413231 -0.14413231  0.14413809  0.14413809
  0.37468738  0.37468738  0.55673127  0.55673127  0.70853623  0.70853623
  0.83460102  0.83460102  0.93961128  0.93961128  1.02438798  1.02438798
  1.09000499  1.09000499]
localization_length: 0.8672587302423734
0.868703691731755
W_list: [3.8]
L_list: [6.94962953385404]
