[-2.41421356 -1.         -1.         -0.41421356  0.41421356  1.
  1.          2.41421356]
W: 3.2
num_iter: 0
[-0.74359907 -0.58989214 -0.41116598 -0.21708764  0.21708172  0.41117299
  0.58988909  0.74360103]
localization_length: 1.1516400327995688
1.1479474627899926
num_iter: 1
[-0.74263887 -0.59047819 -0.4121452  -0.21674717  0.21674645  0.41214695
  0.59047666  0.74263937]
localization_length: 1.1534214447504056
1.1499471972725626
num_iter: 2
[-0.7427416  -0.59016397 -0.41143536 -0.21879945  0.21880306  0.41143652
  0.59016066  0.74274015]
localization_length: 1.1425988636700313
1.1417230567438457
W_list: [3.2]
L_list: [1.146539238935467]
[-2.41421356 -1.         -1.         -0.41421356  0.41421356  1.
  1.          2.41421356]
W: 3.2
num_iter: 0
[-0.74357542 -0.59042659 -0.4110869  -0.217741    0.21774101  0.41109114
  0.59042985  0.74356791]
localization_length: 1.148153105192546
1.1466024447511163
num_iter: 1
[-0.74297146 -0.59047578 -0.41283587 -0.21716926  0.21717161  0.41283219
  0.59047413  0.74297445]
localization_length: 1.1511757992450158
1.1561819364032047
num_iter: 2
[-0.74322173 -0.58925643 -0.41248511 -0.21759329  0.21759491  0.41247683
  0.58926031  0.74322452]
localization_length: 1.1489324741521212
1.1558326895951574
W_list: [3.2]
L_list: [1.1528723569164927]
