Norm difference: 1.0
Norm difference: 1.0
1 1
1 2
2 1
2 2
1 1
1 2
2 1
2 2
1 1
1 2
2 1
2 2
1 1
1 2
2 1
2 2
1 1
1 2
2 1
2 2
1 1
1 2
2 1
2 2
1 1
1 2
2 1
2 2
1 1
1 2
2 1
2 2
1 1
1 2
2 1
2 2
1 1
1 2
2 1
2 2
1 1
1 2
2 1
2 2
1 1
1 2
2 1
2 2
1 1
1 2
2 1
2 2
1 1
1 2
2 1
2 2
1 1
1 2
2 1
2 2
1 1
1 2
2 1
2 2
1 1
1 2
2 1
2 2
1 1
1 2
2 1
2 2
1 1
1 2
2 1
2 2
1 1
1 2
2 1
2 2
1 1 1 0.008825987758888806
1 2 1 0.012646362824429538
2 1 1 0.015146790681289598
2 2 1 0.011071671438149869
1 1 2 0.014719197236416737
1 2 2 0.012686744235010042
2 1 2 0.007941557207591954
2 2 2 0.01211360144544866
1 1 3 0.007566910035614727
1 2 3 0.010433744999421957
2 1 3 0.014432130855195614
2 2 3 0.00992630660755742
1 1 4 0.010958816028097982
1 2 4 0.009939913627218144
2 1 4 0.009376083489131489
2 2 4 0.009873043625219612
1 1 5 0.006913771978551459
1 2 5 0.009202657086611837
2 1 5 0.009283636847619592
2 2 5 0.012087517069354455
1 1 6 0.012282170172003132
1 2 6 0.00758252162294782
2 1 6 0.007232508081324774
2 2 6 0.008972518328058052
1 1 7 0.004900045718479619
1 2 7 0.008621434192002848
2 1 7 0.008128374075920184
2 2 7 0.008018031204345372
1 1 8 0.0090053280606525
1 2 8 0.007794552310969596
2 1 8 0.008111559095224142
2 2 8 0.006778350749496792
1 1 9 0.0034099179474848607
1 2 9 0.006625286076052968
2 1 9 0.00784599622435231
2 2 9 0.005802905690316676
1 1 10 0.00779327999394661
1 2 10 0.006507037734629973
2 1 10 0.006017138378904887
2 2 10 0.007763905203593537
1 1 11 0.0034851679279007224
1 2 11 0.0033813256817647685
2 1 11 0.0047741950243153745
2 2 11 0.005777423818413114
1 1 12 0.005770504268890477
1 2 12 0.006294357131945436
2 1 12 0.004726905734233655
2 2 12 0.005228375746602854
1 1 13 0.0024635025672201947
1 2 13 0.0043827042250523494
2 1 13 0.004562126710414782
2 2 13 0.00456561327851211
1 1 14 0.004856035017604518
1 2 14 0.0038829288549622346
2 1 14 0.004318428991350158
2 2 14 0.003511398826464565
1 1 15 0.0021777778477781156
1 2 15 0.0035287450809861204
2 1 15 0.0037899766271926308
2 2 15 0.004607729598850264
1 1 16 0.003119058099514141
1 2 16 0.003671645125795149
2 1 16 0.0029438098520314193
2 2 16 0.004285206849838187
1 1 17 0.002050730938364991
1 2 17 0.002202653534414531
2 1 17 0.0025989673163657784
2 2 17 0.0035223897348488986
1 1 18 0.0025128440821509624
1 2 18 0.0028485411972452813
2 1 18 0.0028487756049198
2 2 18 0.003009898725319736
1 1 19 0.0017613004986225794
1 2 19 0.002538179006313822
2 1 19 0.0020735565409071644
2 2 19 0.002627325862933702
1 1 20 0.001953498907256663
1 2 20 0.00243369761001355
2 1 20 0.0022850259406524067
2 2 20 0.0027057809745402598
