Norm difference: 0.9999999999999999
Norm difference: 1.0
1 1
1 2
1 3
2 1
2 2
2 3
3 1
3 2
3 3
1 1
1 2
1 3
2 1
2 2
2 3
3 1
3 2
3 3
1 1
1 2
1 3
2 1
2 2
2 3
3 1
3 2
3 3
1 1
1 2
1 3
2 1
2 2
2 3
3 1
3 2
3 3
1 1
1 2
1 3
2 1
2 2
2 3
3 1
3 2
3 3
1 1
1 2
1 3
2 1
2 2
2 3
3 1
3 2
3 3
1 1
1 2
1 3
2 1
2 2
2 3
3 1
3 2
3 3
1 1
1 2
1 3
2 1
2 2
2 3
3 1
3 2
3 3
1 1
1 2
1 3
2 1
2 2
2 3
3 1
3 2
3 3
1 1
1 2
1 3
2 1
2 2
2 3
3 1
3 2
3 3
1 1
1 2
1 3
2 1
2 2
2 3
3 1
3 2
3 3
1 1
1 2
1 3
2 1
2 2
2 3
3 1
3 2
3 3
1 1
1 2
1 3
2 1
2 2
2 3
3 1
3 2
3 3
1 1
1 2
1 3
2 1
2 2
2 3
3 1
3 2
3 3
1 1
1 2
1 3
2 1
2 2
2 3
3 1
3 2
3 3
1 1
1 2
1 3
2 1
2 2
2 3
3 1
3 2
3 3
1 1
1 2
1 3
2 1
2 2
2 3
3 1
3 2
3 3
1 1
1 2
1 3
2 1
2 2
2 3
3 1
3 2
3 3
1 1
1 2
1 3
2 1
2 2
2 3
3 1
3 2
3 3
1 1
1 2
1 3
2 1
2 2
2 3
3 1
3 2
3 3
1 1 1 0.0007542545330422132
1 2 1 0.000742064143264165
1 3 1 0.0008879900376010327
2 1 1 0.0007460074657173645
2 2 1 0.0005537314344518402
2 3 1 0.0010010889969208684
3 1 1 0.0006307447884986081
3 2 1 0.0009644189522150265
3 3 1 0.0009414146998285716
1 1 2 0.0010848218872656155
1 2 2 0.0010472864412290656
1 3 2 0.0010977260799274902
2 1 2 0.0008488256954320589
2 2 2 0.0011713492308307125
2 3 2 0.001159565647161873
3 1 2 0.0009025118457216711
3 2 2 0.0007549114728085875
3 3 2 0.0010192125002586843
1 1 3 0.0010436542427884623
1 2 3 0.0010948663514554432
1 3 3 0.0009499307020217031
2 1 3 0.0010123549247903147
2 2 3 0.0009729216255229447
2 3 3 0.000790250743456733
3 1 3 0.0010312596449525316
3 2 3 0.0011116019587398673
3 3 3 0.0008445616639114542
1 1 4 0.0011434225096335238
1 2 4 0.001211972026921351
1 3 4 0.0014793181740171684
2 1 4 0.001060990708154451
2 2 4 0.0013109998949248954
2 3 4 0.0013485614068462445
3 1 4 0.0009605225841573183
3 2 4 0.0008351237205658439
3 3 4 0.0010281411319335795
1 1 5 0.0013369077355206058
1 2 5 0.0011440763839658298
1 3 5 0.0011703963848561966
2 1 5 0.0013720633747781224
2 2 5 0.0008744562100954266
2 3 5 0.0011736334755590716
3 1 5 0.0012574465317451615
3 2 5 0.0011630206130589153
3 3 5 0.0008771132342221806
1 1 6 0.001239147341592447
1 2 6 0.0013857883618075626
1 3 6 0.0012433841383698526
2 1 6 0.0014653554874504097
2 2 6 0.0013947936264006562
2 3 6 0.0012357959709108912
3 1 6 0.000983720145067307
3 2 6 0.001039180112998343
3 3 6 0.001115929237528188
1 1 7 0.0016871791433087633
1 2 7 0.0011794129634321838
1 3 7 0.0014227517416409183
2 1 7 0.0014663758345935154
2 2 7 0.0010239899762251935
2 3 7 0.001624533046755975
3 1 7 0.001603764863685421
3 2 7 0.001103742789659399
3 3 7 0.0010452818747582145
1 1 8 0.002184248245505513
1 2 8 0.001246890223901365
1 3 8 0.0010929361728403996
2 1 8 0.002372862099048137
2 2 8 0.0014634751335839246
2 3 8 0.0011523030086485577
3 1 8 0.0014500236239771693
3 2 8 0.0008777488068935291
3 3 8 0.0011409883724465331
1 1 9 0.0016151333995195372
1 2 9 0.001524801915005071
1 3 9 0.0012519083616030061
2 1 9 0.0016508548854927483
2 2 9 0.0012442672036227498
2 3 9 0.0013244877523125016
3 1 9 0.0013320936352341308
3 2 9 0.0014276758727730658
3 3 9 0.000775365397196829
1 1 10 0.0016113352339548435
1 2 10 0.0015123834286445378
1 3 10 0.0017308826506737638
2 1 10 0.0018244235665037024
2 2 10 0.0015898417020232328
2 3 10 0.0015394972164387045
3 1 10 0.001114856227606724
3 2 10 0.0008840792990637787
3 3 10 0.0013561204323456106
1 1 11 0.0017084658748673276
1 2 11 0.001415122623897001
1 3 11 0.0014559853229099396
2 1 11 0.0017757480859453406
2 2 11 0.0011320390045207345
2 3 11 0.0014659672661199883
3 1 11 0.001436653838337125
3 2 11 0.0012096717931960397
3 3 11 0.0009286125608957703
1 1 12 0.0013800478915944284
1 2 12 0.001487017266137054
1 3 12 0.0012882192431860312
2 1 12 0.0013267224486186765
2 2 12 0.0014198812271295413
2 3 12 0.00118248639255076
3 1 12 0.0009674742290581602
3 2 12 0.0008642123392565883
3 3 12 0.0009270021470663071
1 1 13 0.001520086521150065
1 2 13 0.0012167026504215097
1 3 13 0.0012149869558301812
2 1 13 0.0013980924388300676
2 2 13 0.0011471513178315247
2 3 13 0.001364127039405446
3 1 13 0.0009558676489728836
3 2 13 0.0009969853438077882
3 3 13 0.0009483085422745698
1 1 14 0.0011178582401501563
1 2 14 0.0010037513737190364
1 3 14 0.0010177148547536967
2 1 14 0.0010555827884873117
2 2 14 0.0010775948283721815
2 3 14 0.001136392898160574
3 1 14 0.0008275173561817553
3 2 14 0.0006607891385130408
3 3 14 0.0012294076824762227
1 1 15 0.001147323760748715
1 2 15 0.001193946498681946
1 3 15 0.001309921461251149
2 1 15 0.0011094792355740347
2 2 15 0.0011344162831886484
2 3 15 0.0013155491431520478
3 1 15 0.000846091020744766
3 2 15 0.0009043892658387572
3 3 15 0.0008512427744374691
1 1 16 0.0009039184731103603
1 2 16 0.0008938385943644542
1 3 16 0.0015527997877678686
2 1 16 0.0007807183842488128
2 2 16 0.0008185561818361322
2 3 16 0.0015036584318503425
3 1 16 0.0006916204305102228
3 2 16 0.0006807884178428172
3 3 16 0.0007285746673407035
1 1 17 0.001090677223607899
1 2 17 0.0011201276789321209
1 3 17 0.0011362822796235584
2 1 17 0.0009795156554650512
2 2 17 0.0011131567691964523
2 3 17 0.0009609233941409112
3 1 17 0.000725927329008854
3 2 17 0.0007995267803724721
3 3 17 0.0009374098212124211
1 1 18 0.001155006858457075
1 2 18 0.001038047173896516
1 3 18 0.0016548255440529114
2 1 18 0.0009998070243773748
2 2 18 0.0009663876090715845
2 3 18 0.001541542283353059
3 1 18 0.0007836574557575727
3 2 18 0.0005885837754492959
3 3 18 0.0010002667795552076
1 1 19 0.0017960658543076176
1 2 19 0.0008400604779223326
1 3 19 0.0016690713870436773
2 1 19 0.0014857416324730905
2 2 19 0.0008257466153812383
2 3 19 0.0016067965620894353
3 1 19 0.0011281911965462074
3 2 19 0.0006781419134502466
3 3 19 0.0011677120668390811
1 1 20 0.001814424668856704
1 2 20 0.0007280438939700712
1 3 20 0.001765192690014734
2 1 20 0.0016533609622874958
2 2 20 0.000793417603098124
2 3 20 0.0018140028343250378
3 1 20 0.0011389306730548833
3 2 20 0.0005705512802914708
3 3 20 0.001157916144917602
