Norm difference: 1.0
Norm difference: 1.0
1 1
1 2
2 1
2 2
1 1
1 2
2 1
2 2
1 1
1 2
2 1
2 2
1 1
1 2
2 1
2 2
1 1
1 2
2 1
2 2
1 1
1 2
2 1
2 2
1 1
1 2
2 1
2 2
1 1
1 2
2 1
2 2
1 1
1 2
2 1
2 2
1 1
1 2
2 1
2 2
1 1
1 2
2 1
2 2
1 1
1 2
2 1
2 2
1 1
1 2
2 1
2 2
1 1
1 2
2 1
2 2
1 1
1 2
2 1
2 2
1 1
1 2
2 1
2 2
1 1
1 2
2 1
2 2
1 1
1 2
2 1
2 2
1 1
1 2
2 1
2 2
1 1
1 2
2 1
2 2
1 1 1 0.0006858767261059314
1 2 1 0.0010675301513049208
2 1 1 0.0008499517356984707
2 2 1 0.0011916254741765261
1 1 2 0.0006719377553253084
1 2 2 0.0009463828061464643
2 1 2 0.0008319075029537947
2 2 2 0.0015535412841361077
1 1 3 0.0006614310082018254
1 2 3 0.0011259928258810792
2 1 3 0.0005850103388558833
2 2 3 0.0013323370953987966
1 1 4 0.0004340900922429972
1 2 4 0.0007956033105273583
2 1 4 0.000751232533511765
2 2 4 0.001199362502603715
1 1 5 0.000662531257404675
1 2 5 0.0009948565778271996
2 1 5 0.0006515701151244711
2 2 5 0.0011679873469875987
1 1 6 0.0007271165368836626
1 2 6 0.0011147513929635547
2 1 6 0.0006874455405757582
2 2 6 0.0010496071174793697
1 1 7 0.00040083961773452434
1 2 7 0.0006987737443666006
2 1 7 0.000917833034564656
2 2 7 0.0010822718207362844
1 1 8 0.0007017521011149266
1 2 8 0.0010189929409414836
2 1 8 0.0009331440965249357
2 2 8 0.000919448103527866
1 1 9 0.0006468496474781234
1 2 9 0.0008214679814800717
2 1 9 0.001016546960025993
2 2 9 0.0009601361457085775
1 1 10 0.0008869615852150715
1 2 10 0.0007661408480295588
2 1 10 0.0010531727463810473
2 2 10 0.001450286874376893
1 1 11 0.0009136149739605913
1 2 11 0.001074558641451977
2 1 11 0.0012592443414980985
2 2 11 0.0011811777768064445
1 1 12 0.0011476314785341998
1 2 12 0.0008255448927971129
2 1 12 0.001079053883970109
2 2 12 0.0013056963786460363
1 1 13 0.0009970662811244094
1 2 13 0.0013010292292710483
2 1 13 0.0017439127966318846
2 2 13 0.001177424534002791
1 1 14 0.0011549052061439872
1 2 14 0.001267432449216298
2 1 14 0.0011635985185093679
2 2 14 0.0011280015838632427
1 1 15 0.0009371476907613505
1 2 15 0.0007458672356937749
2 1 15 0.0015888775263273708
2 2 15 0.0012983655717943824
1 1 16 0.00135574079497164
1 2 16 0.000901150213989375
2 1 16 0.001007072548746106
2 2 16 0.0010536725873891884
1 1 17 0.0009637464980739909
1 2 17 0.0008109265019258779
2 1 17 0.0011209677226709227
2 2 17 0.001218246600677883
1 1 18 0.0010222775161609235
1 2 18 0.0011287905962270527
2 1 18 0.0009113501194502112
2 2 18 0.0011844839321046789
1 1 19 0.0008775040633779334
1 2 19 0.001139581819643023
2 1 19 0.001358691040709192
2 2 19 0.0011095064604385867
1 1 20 0.0009717152143245798
1 2 20 0.0010318938402563336
2 1 20 0.0014465301378430249
2 2 20 0.0014610865698248324
