C_list:
0.0006434210778639514 0.2216345863413192
C_list:
0.0006170712301206728 0.2277010664443734
C_list:
0.0006741944756413991 0.24732334778426762
C_list:
0.0006113005325540886 0.25129807442789937
C_list:
0.0006347448093725267 0.26483709133992206
C_list:
0.0006626955891932718 0.28358448361337046
ndim2: 60
W_list: [2.3, 2.4, 2.5, 2.5999999999999996, 2.6999999999999997, 2.8]
L_list: [4.511931176932788, 4.391722953323526, 4.043289923732831, 3.979338091931591, 3.7759061426803173, 3.5262860198069452]
C_list:
0.0005584894871488932 0.1553979519671992
C_list:
0.0005632870130275558 0.17082905053294653
C_list:
0.0006080067587557666 0.18396823179328253
C_list:
0.0005608439818932685 0.1929305701066987
C_list:
0.0005723769261000684 0.20259402557943565
C_list:
0.0005657020109277426 0.22091083420912494
ndim2: 60
W_list: [2.3, 2.4, 2.5, 2.5999999999999996, 2.6999999999999997, 2.8]
L_list: [6.435091243744809, 5.8538052917828365, 5.435721103867859, 5.183211760826488, 4.935979711839564, 4.526713248718944]
C_list:
0.0005717209888866735 0.1357008406192681
C_list:
0.0005158020389095377 0.1471150303223991
C_list:
0.0005289006381280025 0.15494541302706735
C_list:
0.0005359159762794089 0.16648030129539387
C_list:
0.000532103899511911 0.1755722367308315
C_list:
0.0004986656937779636 0.1915581528537821
ndim2: 60
W_list: [2.3, 2.4, 2.5, 2.5999999999999996, 2.6999999999999997, 2.8]
L_list: [7.369151107955704, 6.797401990867445, 6.453885794123575, 6.0067166638871745, 5.695661333591669, 5.220346850824502]
