Norm difference: 1.0
Norm difference: 1.0
1 1
1 2
2 1
2 2
1 1
1 2
2 1
2 2
1 1
1 2
2 1
2 2
1 1
1 2
2 1
2 2
1 1
1 2
2 1
2 2
1 1
1 2
2 1
2 2
1 1
1 2
2 1
2 2
1 1
1 2
2 1
2 2
1 1
1 2
2 1
2 2
1 1
1 2
2 1
2 2
1 1
1 2
2 1
2 2
1 1
1 2
2 1
2 2
1 1
1 2
2 1
2 2
1 1
1 2
2 1
2 2
1 1
1 2
2 1
2 2
1 1
1 2
2 1
2 2
1 1
1 2
2 1
2 2
1 1
1 2
2 1
2 2
1 1
1 2
2 1
2 2
1 1
1 2
2 1
2 2
1 1 1 0.014156519901199056
1 2 1 0.02252091732320789
2 1 1 0.01458428547901188
2 2 1 0.017886424940601588
1 1 2 0.018508521734862872
1 2 2 0.011237216993076388
2 1 2 0.009419723083344657
2 2 2 0.01668514557352345
1 1 3 0.011349364460837012
1 2 3 0.009021280689485656
2 1 3 0.013066784556980399
2 2 3 0.00906888481702278
1 1 4 0.006604624230943379
1 2 4 0.005351623087551589
2 1 4 0.008348420561271616
2 2 4 0.005401610929798912
1 1 5 0.006182685116624295
1 2 5 0.004554057752656844
2 1 5 0.00420330244273956
2 2 5 0.006304153796107238
1 1 6 0.003936930313771713
1 2 6 0.004102807168239983
2 1 6 0.0043825135683594404
2 2 6 0.00429882234866628
1 1 7 0.0022273372582691897
1 2 7 0.0037617772492205574
2 1 7 0.0036435655448384327
2 2 7 0.0021538585868873844
1 1 8 0.00165223551410514
1 2 8 0.0037118237279216725
2 1 8 0.003081508660964748
2 2 8 0.0027610716390171677
1 1 9 0.0027273044593881805
1 2 9 0.0025068872896256175
2 1 9 0.002146597798251059
2 2 9 0.002405871160088214
1 1 10 0.0029730602019796
1 2 10 0.0010847287191690664
2 1 10 0.0021057275481305205
2 2 10 0.0014630411548827362
1 1 11 0.0017811493861944743
1 2 11 0.00119995884280519
2 1 11 0.0011724152283386804
2 2 11 0.0010472791966388976
1 1 12 0.0011280849515230697
1 2 12 0.001305842698827879
2 1 12 0.0009231539947108317
2 2 12 0.000806122293451866
1 1 13 0.0007078073975124473
1 2 13 0.001093379437227719
2 1 13 0.0008965806938003764
2 2 13 0.0003420376532020003
1 1 14 0.0006704522391711034
1 2 14 0.0008257406359426652
2 1 14 0.0005425959806381149
2 2 14 0.0005031309718591554
1 1 15 0.0008111326113029692
1 2 15 0.0002629321395517043
2 1 15 0.0005016960525012163
2 2 15 0.0006554411849023314
1 1 16 0.0005677612433540845
1 2 16 0.0005594222303797116
2 1 16 0.00036170267109850217
2 2 16 0.0003733947179111371
1 1 17 0.0003593737265618039
1 2 17 0.000538965130350655
2 1 17 0.0005124172071005399
2 2 17 0.0002202738341549277
1 1 18 0.0004037842283670632
1 2 18 0.00031222110817129094
2 1 18 0.00028590223052954916
2 2 18 0.00027704073713048923
1 1 19 0.00039749817333584094
1 2 19 0.0002711738999021002
2 1 19 0.00027837411501624535
2 2 19 0.0002957257989673405
1 1 20 0.00034941398920887174
1 2 20 0.000259159584377981
2 1 20 0.00019356341332418386
2 2 20 0.00025672048723407654
