Norm difference: 1.0
Norm difference: 1.0
1 1
1 2
1 3
2 1
2 2
2 3
3 1
3 2
3 3
1 1
1 2
1 3
2 1
2 2
2 3
3 1
3 2
3 3
1 1
1 2
1 3
2 1
2 2
2 3
3 1
3 2
3 3
1 1
1 2
1 3
2 1
2 2
2 3
3 1
3 2
3 3
1 1
1 2
1 3
2 1
2 2
2 3
3 1
3 2
3 3
1 1
1 2
1 3
2 1
2 2
2 3
3 1
3 2
3 3
1 1
1 2
1 3
2 1
2 2
2 3
3 1
3 2
3 3
1 1
1 2
1 3
2 1
2 2
2 3
3 1
3 2
3 3
1 1
1 2
1 3
2 1
2 2
2 3
3 1
3 2
3 3
1 1
1 2
1 3
2 1
2 2
2 3
3 1
3 2
3 3
1 1
1 2
1 3
2 1
2 2
2 3
3 1
3 2
3 3
1 1
1 2
1 3
2 1
2 2
2 3
3 1
3 2
3 3
1 1
1 2
1 3
2 1
2 2
2 3
3 1
3 2
3 3
1 1
1 2
1 3
2 1
2 2
2 3
3 1
3 2
3 3
1 1
1 2
1 3
2 1
2 2
2 3
3 1
3 2
3 3
1 1
1 2
1 3
2 1
2 2
2 3
3 1
3 2
3 3
1 1
1 2
1 3
2 1
2 2
2 3
3 1
3 2
3 3
1 1
1 2
1 3
2 1
2 2
2 3
3 1
3 2
3 3
1 1
1 2
1 3
2 1
2 2
2 3
3 1
3 2
3 3
1 1
1 2
1 3
2 1
2 2
2 3
3 1
3 2
3 3
1 1 1 0.008652214355915344
1 2 1 0.007165839509058606
1 3 1 0.006888407236854671
2 1 1 0.007231286996946364
2 2 1 0.0037780939028277533
2 3 1 0.005659458364778243
3 1 1 0.008774445071522327
3 2 1 0.006152132179158894
3 3 1 0.004436691329257692
1 1 2 0.007314266757451809
1 2 2 0.005323663878809419
1 3 2 0.004547510521432151
2 1 2 0.005578313393030611
2 2 2 0.0037320275062776875
2 3 2 0.0047699804902732075
3 1 2 0.00797133287668615
3 2 2 0.006011302866050023
3 3 2 0.009118809351855314
1 1 3 0.006176955273449824
1 2 3 0.003358538960364818
1 3 3 0.005527865419105963
2 1 3 0.00529719021259094
2 2 3 0.0026562187372280452
2 3 3 0.004768509725731404
3 1 3 0.0079722401108072
3 2 3 0.00489653641031106
3 3 3 0.005353653343669869
1 1 4 0.004301373695099808
1 2 4 0.0033424404577936926
1 3 4 0.005896687185566711
2 1 4 0.004064441669241263
2 2 4 0.002435571590993598
2 3 4 0.0040016233184542
3 1 4 0.00689969557286779
3 2 4 0.005394075305357564
3 3 4 0.0029985160321565714
1 1 5 0.003759087081293812
1 2 5 0.0039929210145367286
1 3 5 0.00443699720002022
2 1 5 0.0025299841406659445
2 2 5 0.0018835439818524716
2 3 5 0.004020768420675355
3 1 5 0.004686259206930186
3 2 5 0.002992529308996378
3 3 5 0.005769858990996464
1 1 6 0.003489055394306094
1 2 6 0.0026498391216269153
1 3 6 0.003928798369107299
2 1 6 0.003148152275544666
2 2 6 0.0022379282985131015
2 3 6 0.0029726049234131907
3 1 6 0.005851796703142109
3 2 6 0.004182926066600428
3 3 6 0.003841547922278194
1 1 7 0.004558848693435637
1 2 7 0.0037098809732478482
1 3 7 0.0035423804860117147
2 1 7 0.0030226773164649928
2 2 7 0.0019966577555502454
2 3 7 0.0028426131262985345
3 1 7 0.0038049534019608754
3 2 7 0.0029336636178327385
3 3 7 0.005380874980760187
1 1 8 0.004613526663357034
1 2 8 0.0035798385466548287
1 3 8 0.0028241363526687203
2 1 8 0.0025640128054737537
2 2 8 0.0018713567166033528
2 3 8 0.002153843403711989
3 1 8 0.0035844952426533315
3 2 8 0.003909572979356931
3 3 8 0.004373200821773622
1 1 9 0.004062216732458329
1 2 9 0.0029247504303000905
1 3 9 0.002637272589187687
2 1 9 0.0030084900025802237
2 2 9 0.0020823791862144463
2 3 9 0.0018046184804286058
3 1 9 0.003871126887732501
3 2 9 0.003184990303644969
3 3 9 0.0032928855693974786
1 1 10 0.005042544482051728
1 2 10 0.0035862640074688693
1 3 10 0.0029213161543794634
2 1 10 0.0037008688810713035
2 2 10 0.002082746859785317
2 3 10 0.002127632465555164
3 1 10 0.00342042704199819
3 2 10 0.0025016764240958843
3 3 10 0.003617399148045463
1 1 11 0.005601565952203761
1 2 11 0.0030857731029390384
1 3 11 0.0034667010433425518
2 1 11 0.004417113408730913
2 2 11 0.002092346692111967
2 3 11 0.0022981992312293372
3 1 11 0.00451596830804932
3 2 11 0.0038997412060364535
3 3 11 0.002477558321753872
1 1 12 0.00436020251411501
1 2 12 0.0027737238800448487
1 3 12 0.003965115529469325
2 1 12 0.003378620333732478
2 2 12 0.0019632440751793153
2 3 12 0.0026570629736459308
3 1 12 0.004980174984615099
3 2 12 0.0021823005854879644
3 3 12 0.0025231783841866274
1 1 13 0.0036502652293841286
1 2 13 0.002704626422466794
1 3 13 0.0032178768341148732
2 1 13 0.0031430480942098585
2 2 13 0.0020725330330411775
2 3 13 0.0021588675089023904
3 1 13 0.004630353912464508
3 2 13 0.003174816362054693
3 3 13 0.0029584581521105145
1 1 14 0.002993444666409072
1 2 14 0.0025350790335397647
1 3 14 0.002718872209612761
2 1 14 0.002517761410670101
2 2 14 0.002033257656816106
2 3 14 0.002371495428000197
3 1 14 0.005335743319676936
3 2 14 0.0032960479530610666
3 3 14 0.0033640891138459737
1 1 15 0.003022503798614273
1 2 15 0.002419334483050871
1 3 15 0.0027760341521855933
2 1 15 0.002283832946134003
2 2 15 0.0017641083544424694
2 3 15 0.0025357271918412818
3 1 15 0.003785808129802231
3 2 15 0.002177607600317994
3 3 15 0.0030265957611989576
1 1 16 0.003775347988412464
1 2 16 0.0019924350539342853
1 3 16 0.0020476976037456466
2 1 16 0.002681275968788263
2 2 16 0.00140269763688955
2 3 16 0.0019703058198360453
3 1 16 0.002187544358598724
3 2 16 0.003046269550957838
3 3 16 0.0036003177888997524
1 1 17 0.0033699067130951
1 2 17 0.0020879012071006306
1 3 17 0.001718838947750568
2 1 17 0.0025702498207983374
2 2 17 0.0015331454670166771
2 3 17 0.0018188383377533517
3 1 17 0.004151301326841274
3 2 17 0.0019681497925702536
3 3 17 0.0021788342819838505
1 1 18 0.0036952960475794367
1 2 18 0.0018423118950683978
1 3 18 0.0018384639647113486
2 1 18 0.0027967057038289747
2 2 18 0.0013878966974169803
2 3 18 0.0018471967739028768
3 1 18 0.002897004988549715
3 2 18 0.0023007694384348312
3 3 18 0.00289798313233626
1 1 19 0.003266282806938353
1 2 19 0.0020297513441500463
1 3 19 0.0024465762076079293
2 1 19 0.0025447909936307553
2 2 19 0.0014893822108002172
2 3 19 0.0018306111710742075
3 1 19 0.004041711253358459
3 2 19 0.0018287790583466361
3 3 19 0.001980961407556007
1 1 20 0.002314347642282383
1 2 20 0.0016826514457236937
1 3 20 0.0024472251722684776
2 1 20 0.0022819685635139682
2 2 20 0.0011734614765988639
2 3 20 0.0015588678905421945
3 1 20 0.003775751885219868
3 2 20 0.0018743194980616715
3 3 20 0.002321707529850341
