W: 2.4
num_iter: 0
[-0.69296214 -0.69296214 -0.6472812  -0.6472812  -0.58495406 -0.58495406
 -0.50849582 -0.50849582 -0.41743173 -0.41743173 -0.31025447 -0.31025447
 -0.18592491 -0.18592491 -0.04273387 -0.04273387  0.04273768  0.04273768
  0.18592519  0.18592519  0.31025289  0.31025289  0.41743172  0.41743172
  0.50849556  0.50849556  0.58495212  0.58495212  0.64728267  0.64728267
  0.69296038  0.69296038]
localization_length: 2.9250804393949172
2.9622546221534103
W_list: [2.4]
L_list: [23.698036977227282]
