Norm difference: 1.0
Norm difference: 0.9999999999999999
1 1
1 2
2 1
2 2
1 1
1 2
2 1
2 2
1 1
1 2
2 1
2 2
1 1
1 2
2 1
2 2
1 1
1 2
2 1
2 2
1 1
1 2
2 1
2 2
1 1
1 2
2 1
2 2
1 1
1 2
2 1
2 2
1 1
1 2
2 1
2 2
1 1
1 2
2 1
2 2
1 1
1 2
2 1
2 2
1 1
1 2
2 1
2 2
1 1
1 2
2 1
2 2
1 1
1 2
2 1
2 2
1 1
1 2
2 1
2 2
1 1
1 2
2 1
2 2
1 1
1 2
2 1
2 2
1 1
1 2
2 1
2 2
1 1
1 2
2 1
2 2
1 1
1 2
2 1
2 2
1 1 1 0.012114767352495876
1 2 1 0.015379091625557978
2 1 1 0.013552013972787404
2 2 1 0.006224404557130678
1 1 2 0.015057566112028329
1 2 2 0.01179975310559213
2 1 2 0.01436343900669429
2 2 2 0.013829921613989113
1 1 3 0.013416114121486739
1 2 3 0.013208841155567886
2 1 3 0.011220899153865371
2 2 3 0.01515262104572999
1 1 4 0.013235753018606276
1 2 4 0.011843722902765816
2 1 4 0.010792907932092321
2 2 4 0.007904159774484252
1 1 5 0.009792953139945952
1 2 5 0.010767104866541938
2 1 5 0.016076119294929466
2 2 5 0.010778330845303856
1 1 6 0.010522996070334861
1 2 6 0.0074465892424170135
2 1 6 0.010063474874254633
2 2 6 0.011991912771187963
1 1 7 0.008805880191943493
1 2 7 0.009501747199073143
2 1 7 0.007912888804265598
2 2 7 0.009369746726443983
1 1 8 0.007753977402957154
1 2 8 0.008447756738979375
2 1 8 0.008867424211859288
2 2 8 0.007521517020123382
1 1 9 0.006200185527122244
1 2 9 0.0076220984138904695
2 1 9 0.0077252934600093625
2 2 9 0.009120154858051312
1 1 10 0.00628190311385061
1 2 10 0.005834006539131924
2 1 10 0.006440985844775099
2 2 10 0.006232815458546674
1 1 11 0.006692026438659018
1 2 11 0.006058781902688408
2 1 11 0.007037581670080352
2 2 11 0.004792016542341326
1 1 12 0.006488444067229875
1 2 12 0.004752760676384431
2 1 12 0.006333349932733448
2 2 12 0.006550820484196676
1 1 13 0.006180136300815793
1 2 13 0.00522395432060411
2 1 13 0.004507533753128526
2 2 13 0.004767577189863018
1 1 14 0.004393407513676462
1 2 14 0.005279055886530213
2 1 14 0.00578426481245157
2 2 14 0.0037501369271064683
1 1 15 0.004406763901156329
1 2 15 0.004245857095195682
2 1 15 0.0032073922572178394
2 2 15 0.005197924244711437
1 1 16 0.0035119116558285793
1 2 16 0.004772293773827108
2 1 16 0.0030449744479325368
2 2 16 0.0029680497577204727
1 1 17 0.003143846580146588
1 2 17 0.002709987455081688
2 1 17 0.0037090516313354922
2 2 17 0.003275727055991514
1 1 18 0.0033578767194561315
1 2 18 0.00228284620277923
2 1 18 0.002920924099586273
2 2 18 0.0028523659239959413
1 1 19 0.003292171036457408
1 2 19 0.0022280775509462094
2 1 19 0.0021877563019777587
2 2 19 0.0016881520061079447
1 1 20 0.0019052472157459004
1 2 20 0.0022416270341296795
2 1 20 0.00297059303716744
2 2 20 0.0014682201438033986
