Norm difference: 1.0
Norm difference: 1.0
1 1
1 2
2 1
2 2
1 1
1 2
2 1
2 2
1 1
1 2
2 1
2 2
1 1
1 2
2 1
2 2
1 1
1 2
2 1
2 2
1 1
1 2
2 1
2 2
1 1
1 2
2 1
2 2
1 1
1 2
2 1
2 2
1 1
1 2
2 1
2 2
1 1
1 2
2 1
2 2
1 1
1 2
2 1
2 2
1 1
1 2
2 1
2 2
1 1
1 2
2 1
2 2
1 1
1 2
2 1
2 2
1 1
1 2
2 1
2 2
1 1
1 2
2 1
2 2
1 1
1 2
2 1
2 2
1 1
1 2
2 1
2 2
1 1
1 2
2 1
2 2
1 1
1 2
2 1
2 2
1 1 1 0.008496379674808275
1 2 1 0.008658581433352708
2 1 1 0.008540091830028348
2 2 1 0.00799149825897348
1 1 2 0.005197280460925635
1 2 2 0.006688158458546053
2 1 2 0.008053331994464593
2 2 2 0.005920895573054534
1 1 3 0.0074450861691696376
1 2 3 0.008464912933462337
2 1 3 0.006575976698030908
2 2 3 0.006332936390604676
1 1 4 0.006432257481690523
1 2 4 0.006541538324397083
2 1 4 0.006447585859852492
2 2 4 0.005792394676156048
1 1 5 0.006083008978524205
1 2 5 0.0060321052497335674
2 1 5 0.0050641980025572745
2 2 5 0.005972322757380181
1 1 6 0.00557251432323371
1 2 6 0.00571964890536555
2 1 6 0.00509214736293995
2 2 6 0.0043444709588168
1 1 7 0.004420029213871227
1 2 7 0.004162073767488688
2 1 7 0.005344061579463493
2 2 7 0.005085491718633112
1 1 8 0.0043344564886912155
1 2 8 0.004909991698380432
2 1 8 0.004543678855046954
2 2 8 0.004522396203061812
1 1 9 0.0038856886062809707
1 2 9 0.003813553063670995
2 1 9 0.003916636721398572
2 2 9 0.004672215481176007
1 1 10 0.004243466002244426
1 2 10 0.004578953859566966
2 1 10 0.003595664797537191
2 2 10 0.0046502430552127745
1 1 11 0.004368692785645297
1 2 11 0.0038450641610195306
2 1 11 0.002558537466996567
2 2 11 0.002985533067352614
1 1 12 0.0030385324146172395
1 2 12 0.003690814874784401
2 1 12 0.002503506803250924
2 2 12 0.003694232810583865
1 1 13 0.0024389318645523794
1 2 13 0.00397180799075459
2 1 13 0.001709770031799324
2 2 13 0.0020555700364443164
1 1 14 0.001931172591349932
1 2 14 0.0027095466105144387
2 1 14 0.001768943394514872
2 2 14 0.0024220949430431094
1 1 15 0.0023442444556970076
1 2 15 0.0028113245785403237
2 1 15 0.0016279347348409356
2 2 15 0.0014465067279164196
1 1 16 0.001829933640016486
1 2 16 0.0018657501707154984
2 1 16 0.0017278703663307828
2 2 16 0.0015592749365860752
1 1 17 0.0017192365492027246
1 2 17 0.0016334085600166915
2 1 17 0.0010805906677767141
2 2 17 0.0019077913497803748
1 1 18 0.001444442439589549
1 2 18 0.0015446533556921118
2 1 18 0.0015289224904908977
2 2 18 0.0012516719017688087
1 1 19 0.001153528487171457
1 2 19 0.0016216203727839422
2 1 19 0.0017205128523239716
2 2 19 0.0010180990297211632
1 1 20 0.001342376367619962
1 2 20 0.001608698228400476
2 1 20 0.0011175624102966405
2 2 20 0.0012151635487139662
