[-2.41421356 -1.         -1.         -0.41421356  0.41421356  1.
  1.          2.41421356]
W: 2.0
num_iter: 0
[-0.49563958 -0.43351856 -0.37046343 -0.30849266 -0.24795825 -0.18730654
 -0.12588194 -0.06427294  0.06427762  0.12587839  0.1872978   0.24795794
  0.30849036  0.37047965  0.43351332  0.49563882]
localization_length: 1.9448308336370477
1.9546293703838453
W_list: [2.0]
L_list: [1.9546293703838453]
[-2.41421356 -1.         -1.         -0.41421356  0.41421356  1.
  1.          2.41421356]
W: 2.0
num_iter: 0
[-0.49643385 -0.43345681 -0.37075396 -0.30916095 -0.24845471 -0.18814114
 -0.12673878 -0.06327347  0.06327436  0.1267381   0.18814155  0.24845944
  0.30915254  0.37075404  0.43345933  0.49643431]
localization_length: 1.9755514773903138
1.9906883934738189
W_list: [2.0]
L_list: [1.9906883934738189]
