W: 1.0
num_iter: 0
[-1.12420186 -1.12420186 -1.10898232 -1.10898232 -1.08810161 -1.08810161
 -1.06045693 -1.06045693 -1.02442714 -1.02442714 -0.97861323 -0.97861323
 -0.91998851 -0.91998851 -0.84354993 -0.84354993 -0.74753235 -0.74753235
 -0.63036189 -0.63036189 -0.49858178 -0.49858178 -0.36851323 -0.36851323
 -0.26251503 -0.26251503 -0.1740088  -0.1740088  -0.09562257 -0.09562257
 -0.02048543 -0.02048543  0.02048373  0.02048373  0.095619    0.095619
  0.17400631  0.17400631  0.26251189  0.26251189  0.36851334  0.36851334
  0.49858741  0.49858741  0.63036353  0.63036353  0.74753077  0.74753077
  0.84354911  0.84354911  0.91998489  0.91998489  0.97861574  0.97861574
  1.02442628  1.02442628  1.0604549   1.0604549   1.08811305  1.08811305
  1.10898073  1.10898073  1.12420195  1.12420195]
localization_length: 3.0512019275786755
3.0417463297682708
W_list: [1.0]
L_list: [48.66794127629233]
