W: 2.4
num_iter: 0
[-0.93172495 -0.93172495 -0.8680377  -0.8680377  -0.7765151  -0.7765151
 -0.66110706 -0.66110706 -0.52960556 -0.52960556 -0.38511218 -0.38511218
 -0.23151707 -0.23151707 -0.05996806 -0.05996806  0.05996663  0.05996663
  0.23152027  0.23152027  0.38511942  0.38511942  0.52960474  0.52960474
  0.66110524  0.66110524  0.77651741  0.77651741  0.86803125  0.86803125
  0.93172271  0.93172271]
localization_length: 2.084492537406417
2.124150651273233
W_list: [2.4]
L_list: [16.993205210185863]
