Norm difference: 1.0
Norm difference: 1.0
1 1
1 2
2 1
2 2
1 1
1 2
2 1
2 2
1 1
1 2
2 1
2 2
1 1
1 2
2 1
2 2
1 1
1 2
2 1
2 2
1 1
1 2
2 1
2 2
1 1
1 2
2 1
2 2
1 1
1 2
2 1
2 2
1 1
1 2
2 1
2 2
1 1
1 2
2 1
2 2
1 1
1 2
2 1
2 2
1 1
1 2
2 1
2 2
1 1
1 2
2 1
2 2
1 1
1 2
2 1
2 2
1 1
1 2
2 1
2 2
1 1
1 2
2 1
2 2
1 1
1 2
2 1
2 2
1 1
1 2
2 1
2 2
1 1
1 2
2 1
2 2
1 1
1 2
2 1
2 2
1 1 1 0.0010542218835484778
1 2 1 0.001601495338786838
2 1 1 0.0013621552372114695
2 2 1 0.0016330978210844101
1 1 2 0.001200083113092889
1 2 2 0.0012869504766933031
2 1 2 0.001821009938579273
2 2 2 0.0015546755755132097
1 1 3 0.001166771464370084
1 2 3 0.0013958097118251568
2 1 3 0.0018076536425574274
2 2 3 0.001593672044466362
1 1 4 0.0015917705774732224
1 2 4 0.0014348936390817344
2 1 4 0.0018341477349394495
2 2 4 0.002643012371437593
1 1 5 0.0010524080849659435
1 2 5 0.002272257481415104
2 1 5 0.0023685649352171165
2 2 5 0.002127952569181188
1 1 6 0.002323274100639165
1 2 6 0.0015314976810148627
2 1 6 0.0023180420267588436
2 2 6 0.0022879976473955546
1 1 7 0.00230853462980158
1 2 7 0.0024946011913781893
2 1 7 0.001966794152131919
2 2 7 0.0020919365557655408
1 1 8 0.0014489090538306701
1 2 8 0.0014642882349865218
2 1 8 0.003362374040344085
2 2 8 0.0025363695398078956
1 1 9 0.0034607902056451915
1 2 9 0.0023374143631472283
2 1 9 0.0032560636657174512
2 2 9 0.002611072779467302
1 1 10 0.0025120241859255266
1 2 10 0.0015436315596836238
2 1 10 0.002575683613309906
2 2 10 0.003052799239610005
1 1 11 0.0021969327715249125
1 2 11 0.0031450070426021154
2 1 11 0.002997011285669437
2 2 11 0.0025149091081528366
1 1 12 0.0024441633187040884
1 2 12 0.0014996665733200618
2 1 12 0.0029317566859462835
2 2 12 0.0031682896972381283
1 1 13 0.002232881694927051
1 2 13 0.0034067917433335862
2 1 13 0.002752728971310314
2 2 13 0.0028009589600686137
1 1 14 0.0012245063803238427
1 2 14 0.0016339298565325234
2 1 14 0.0035874166373604894
2 2 14 0.002584737238262844
1 1 15 0.0028744950168767837
1 2 15 0.002445434965507492
2 1 15 0.0026223325100650013
2 2 15 0.0028667324243391986
1 1 16 0.002215012773926792
1 2 16 0.0014181426024272123
2 1 16 0.00214613356147109
2 2 16 0.0028023793544836553
1 1 17 0.0017138231368047808
1 2 17 0.0026061692860942284
2 1 17 0.003154554488142254
2 2 17 0.00242930446111121
1 1 18 0.0020511135178990585
1 2 18 0.001247507311577587
2 1 18 0.0029762892531778906
2 2 18 0.0022110412679811424
1 1 19 0.002866496435724172
1 2 19 0.0017499743757787441
2 1 19 0.002449838470764759
2 2 19 0.002691750734455483
1 1 20 0.0016789559847802903
1 2 20 0.002163955816569854
2 1 20 0.0026638458253690988
2 2 20 0.0022055607096702554
