W: 4.0
num_iter: 0
[-1.12648626 -1.12648626 -1.09798881 -1.09798881 -1.06571755 -1.06571755
 -1.0285369  -1.0285369  -0.98681748 -0.98681748 -0.93979816 -0.93979816
 -0.88758606 -0.88758606 -0.83092533 -0.83092533 -0.7678532  -0.7678532
 -0.69902195 -0.69902195 -0.62317344 -0.62317344 -0.53953767 -0.53953767
 -0.44757089 -0.44757089 -0.34730302 -0.34730302 -0.23739825 -0.23739825
 -0.10635719 -0.10635719  0.10635217  0.10635217  0.23739745  0.23739745
  0.34730035  0.34730035  0.44756824  0.44756824  0.53954084  0.53954084
  0.62317187  0.62317187  0.6990255   0.6990255   0.76785745  0.76785745
  0.83093139  0.83093139  0.88758005  0.88758005  0.93979577  0.93979577
  0.98682206  0.98682206  1.02853892  1.02853892  1.06571549  1.06571549
  1.09798352  1.09798352  1.1264911   1.1264911 ]
localization_length: 0.5876702107626183
0.5878165102704755
W_list: [4.0]
L_list: [9.405064164327609]
