[-2.41421356 -1.         -1.         -0.41421356  0.41421356  1.
  1.          2.41421356]
W: 2.2
num_iter: 0
[-0.5424627  -0.39629946 -0.2498114  -0.12329384  0.12329487  0.24981057
  0.39629976  0.5424622 ]
localization_length: 2.0276762902804086
2.022720512266606
num_iter: 1
[-0.54312897 -0.39480345 -0.24991561 -0.12183871  0.12183666  0.24991126
  0.3948119   0.54312693]
localization_length: 2.0519276306620107
2.05510756836652
num_iter: 2
[-0.54285854 -0.39511053 -0.24989422 -0.12192619  0.12192624  0.24991395
  0.3950937   0.54285559]
localization_length: 2.050420774673478
2.057457102546787
W_list: [2.2]
L_list: [2.045095061059971]
[-2.41421356 -1.         -1.         -0.41421356  0.41421356  1.
  1.          2.41421356]
W: 2.2
num_iter: 0
[-0.54259061 -0.39500468 -0.25093854 -0.12145122  0.12144752  0.25094134
  0.39500408  0.5425921 ]
localization_length: 2.058502374132447
2.0792793540476726
num_iter: 1
[-0.54323954 -0.3950039  -0.24907548 -0.1216848   0.12168282  0.24908205
  0.39500652  0.54323233]
localization_length: 2.054521717210488
2.0639837685308953
num_iter: 2
[-0.54197897 -0.39585921 -0.24963752 -0.12136464  0.12136713  0.24963186
  0.39585851  0.54198283]
localization_length: 2.0599080955073332
2.0540034698953273
W_list: [2.2]
L_list: [2.0657555308246316]
