Norm difference: 1.0
Norm difference: 1.0000000000000002
1 1
1 2
1 3
2 1
2 2
2 3
3 1
3 2
3 3
1 1
1 2
1 3
2 1
2 2
2 3
3 1
3 2
3 3
1 1
1 2
1 3
2 1
2 2
2 3
3 1
3 2
3 3
1 1
1 2
1 3
2 1
2 2
2 3
3 1
3 2
3 3
1 1
1 2
1 3
2 1
2 2
2 3
3 1
3 2
3 3
1 1
1 2
1 3
2 1
2 2
2 3
3 1
3 2
3 3
1 1
1 2
1 3
2 1
2 2
2 3
3 1
3 2
3 3
1 1
1 2
1 3
2 1
2 2
2 3
3 1
3 2
3 3
1 1
1 2
1 3
2 1
2 2
2 3
3 1
3 2
3 3
1 1
1 2
1 3
2 1
2 2
2 3
3 1
3 2
3 3
1 1
1 2
1 3
2 1
2 2
2 3
3 1
3 2
3 3
1 1
1 2
1 3
2 1
2 2
2 3
3 1
3 2
3 3
1 1
1 2
1 3
2 1
2 2
2 3
3 1
3 2
3 3
1 1
1 2
1 3
2 1
2 2
2 3
3 1
3 2
3 3
1 1
1 2
1 3
2 1
2 2
2 3
3 1
3 2
3 3
1 1
1 2
1 3
2 1
2 2
2 3
3 1
3 2
3 3
1 1
1 2
1 3
2 1
2 2
2 3
3 1
3 2
3 3
1 1
1 2
1 3
2 1
2 2
2 3
3 1
3 2
3 3
1 1
1 2
1 3
2 1
2 2
2 3
3 1
3 2
3 3
1 1
1 2
1 3
2 1
2 2
2 3
3 1
3 2
3 3
1 1 1 0.015940767706344453
1 2 1 0.026408607442640664
1 3 1 0.01627570994306828
2 1 1 0.022477618170035567
2 2 1 0.013664262909137248
2 3 1 0.02052005343938091
3 1 1 0.017282147261498664
3 2 1 0.01236007349792332
3 3 1 0.015805194464534673
1 1 2 0.02118178853019468
1 2 2 0.018780899646284734
1 3 2 0.021560118732290343
2 1 2 0.0170831820759983
2 2 2 0.015383197220626508
2 3 2 0.015011689945877088
3 1 2 0.01058547893056267
3 2 2 0.017414908842861742
3 3 2 0.021178417543245686
1 1 3 0.02034598599687278
1 2 3 0.011159174794355794
1 3 3 0.013716426670967955
2 1 3 0.01721967998341014
2 2 3 0.018274890283161305
2 3 3 0.020436020016484594
3 1 3 0.016637327733611464
3 2 3 0.010353300178439395
3 3 3 0.014654954921550861
1 1 4 0.014622656477339823
1 2 4 0.016965828401373385
1 3 4 0.020133210324814663
2 1 4 0.01674789248321505
2 2 4 0.016405673363042918
2 3 4 0.011435167368567171
3 1 4 0.01193324025262601
3 2 4 0.012630981446320355
3 3 4 0.01482678924717756
1 1 5 0.017865327487468455
1 2 5 0.012044159130592858
1 3 5 0.015026497617215376
2 1 5 0.014067407360082707
2 2 5 0.014381921193133617
2 3 5 0.019312986695078395
3 1 5 0.0162914795759155
3 2 5 0.0135850393453887
3 3 5 0.012680310373204426
1 1 6 0.013859308815878971
1 2 6 0.015401714770403672
1 3 6 0.01584306366113505
2 1 6 0.01694776658982858
2 2 6 0.013961478637616978
2 3 6 0.012188813933359844
3 1 6 0.01496248770020164
3 2 6 0.00926121395371152
3 3 6 0.011554105825321782
1 1 7 0.014810282494364366
1 2 7 0.013725234962230303
1 3 7 0.017768569929058724
2 1 7 0.01625739049623919
2 2 7 0.011188326132659326
2 3 7 0.014969881130012647
3 1 7 0.01358823564770514
3 2 7 0.008543149342747924
3 3 7 0.011523233548805195
1 1 8 0.013442812262515308
1 2 8 0.00945015487159597
1 3 8 0.013077257623287809
2 1 8 0.016091123976993894
2 2 8 0.013328704308453255
2 3 8 0.010071464140267616
3 1 8 0.015449841027578246
3 2 8 0.010450985414694362
3 3 8 0.009867806031493226
1 1 9 0.013106060539081829
1 2 9 0.010220871286573662
1 3 9 0.011244799989811344
2 1 9 0.010975660477129154
2 2 9 0.013820645076290683
2 3 9 0.015154567561607457
3 1 9 0.011200620142023453
3 2 9 0.013208879568485852
3 3 9 0.013820720626822592
1 1 10 0.011732613115193408
1 2 10 0.011477086837315265
1 3 10 0.009807713626697441
2 1 10 0.013125501481133903
2 2 10 0.010324777569569423
2 3 10 0.014975358797211949
3 1 10 0.0116578033475527
3 2 10 0.008908139974067551
3 3 10 0.013822761856552596
1 1 11 0.010105791457496599
1 2 11 0.008065833155970885
1 3 11 0.012558338195697405
2 1 11 0.010413612577225957
2 2 11 0.009597307933824847
2 3 11 0.010411689498087111
3 1 11 0.009521825123905587
3 2 11 0.009038619678236973
3 3 11 0.011393404470519352
1 1 12 0.00998596900401313
1 2 12 0.006968938379603648
1 3 12 0.009456613691032954
2 1 12 0.009074254918373064
2 2 12 0.009968696978762206
2 3 12 0.010220975669052333
3 1 12 0.009347530629326677
3 2 12 0.00799628814550613
3 3 12 0.008744816354619874
1 1 13 0.0073839089134123456
1 2 13 0.00836389082585336
1 3 13 0.008197152972107598
2 1 13 0.008843010973537206
2 2 13 0.0062872864094851415
2 3 13 0.008024675608871639
3 1 13 0.00783312768222379
3 2 13 0.005945879476367073
3 3 13 0.007795493006079318
1 1 14 0.007955755480441223
1 2 14 0.004893122628505617
1 3 14 0.008281233522584253
2 1 14 0.007497986477485029
2 2 14 0.005823343714516376
2 3 14 0.007983302551533662
3 1 14 0.005828214075779719
3 2 14 0.004794767504418449
3 3 14 0.0069006566736348526
1 1 15 0.005241218297530753
1 2 15 0.004724082441791294
1 3 15 0.0059904856535337395
2 1 15 0.00662363613776476
2 2 15 0.005260978146013358
2 3 15 0.0071030302560553486
3 1 15 0.0062645637239126944
3 2 15 0.004570179208612892
3 3 15 0.0066231060697234554
1 1 16 0.004346079280153045
1 2 16 0.0046849495094508
1 3 16 0.005148637672175745
2 1 16 0.004692678776212719
2 2 16 0.00401722763182665
2 3 16 0.005965134202235372
3 1 16 0.005855642978236862
3 2 16 0.002908462424581379
3 3 16 0.005819415618396455
1 1 17 0.004902223217960045
1 2 17 0.003300362345262735
1 3 17 0.004728843560863303
2 1 17 0.005340535062036555
2 2 17 0.0028334353137986785
2 3 17 0.00569505773777221
3 1 17 0.00385549266247825
3 2 17 0.0023859893941908334
3 3 17 0.00448417532293974
1 1 18 0.00420873531687473
1 2 18 0.002390248688315547
1 3 18 0.004144030716209598
2 1 18 0.004007397006681643
2 2 18 0.002483252044382056
2 3 18 0.004552024809925511
3 1 18 0.0026991096751872038
3 2 18 0.00219634748438876
3 3 18 0.004288618241463169
1 1 19 0.0032048708246922653
1 2 19 0.002030229838670799
1 3 19 0.0031710088382252742
2 1 19 0.003681458301369959
2 2 19 0.0018556650372286633
2 3 19 0.0038155651230823554
3 1 19 0.0034116711490652187
3 2 19 0.0019312821923382119
3 3 19 0.003455593380826805
1 1 20 0.002345037392982475
1 2 20 0.0018804893186983248
1 3 20 0.002369062821011286
2 1 20 0.0026840807004303506
2 2 20 0.0019339433375654895
2 3 20 0.003042331050319512
3 1 20 0.0028832936447508893
3 2 20 0.001456805781057381
3 3 20 0.0028481846235018115
