W: 3.2
num_iter: 0
[-0.83224259 -0.83224259 -0.78318165 -0.78318165 -0.71666335 -0.71666335
 -0.63300784 -0.63300784 -0.52967371 -0.52967371 -0.40466338 -0.40466338
 -0.25606584 -0.25606584 -0.07285653 -0.07285653  0.07285735  0.07285735
  0.25606869  0.25606869  0.40466406  0.40466406  0.52967368  0.52967368
  0.63301106  0.63301106  0.7166592   0.7166592   0.7831839   0.7831839
  0.83223696  0.83223696]
localization_length: 1.7157007971009286
1.7138626291877215
W_list: [3.2]
L_list: [13.710901033501772]
