W: 3.6
num_iter: 0
[-0.96003984 -0.96003984 -0.94960425 -0.94960425 -0.9383316  -0.9383316
 -0.92541774 -0.92541774 -0.911553   -0.911553   -0.89675176 -0.89675176
 -0.88078236 -0.88078236 -0.86365259 -0.86365259 -0.84536679 -0.84536679
 -0.82605552 -0.82605552 -0.80543962 -0.80543962 -0.78328912 -0.78328912
 -0.76074416 -0.76074416 -0.73630227 -0.73630227 -0.71072581 -0.71072581
 -0.68428128 -0.68428128 -0.65629221 -0.65629221 -0.62680645 -0.62680645
 -0.59603688 -0.59603688 -0.56394273 -0.56394273 -0.53013709 -0.53013709
 -0.49425604 -0.49425604 -0.45689083 -0.45689083 -0.4176825  -0.4176825
 -0.37719678 -0.37719678 -0.33478612 -0.33478612 -0.29020511 -0.29020511
 -0.24494998 -0.24494998 -0.19702512 -0.19702512 -0.14740983 -0.14740983
 -0.09584378 -0.09584378 -0.03624031 -0.03624031  0.03624606  0.03624606
  0.09584188  0.09584188  0.14740624  0.14740624  0.19702553  0.19702553
  0.244944    0.244944    0.29020508  0.29020508  0.33478255  0.33478255
  0.37719624  0.37719624  0.41768015  0.41768015  0.45689195  0.45689195
  0.49425696  0.49425696  0.5301366   0.5301366   0.56394071  0.56394071
  0.59603765  0.59603765  0.62680454  0.62680454  0.6562873   0.6562873
  0.68428251  0.68428251  0.71072588  0.71072588  0.73630019  0.73630019
  0.76074503  0.76074503  0.78328957  0.78328957  0.80543139  0.80543139
  0.82606538  0.82606538  0.84536463  0.84536463  0.86365775  0.86365775
  0.88078449  0.88078449  0.8967544   0.8967544   0.91155376  0.91155376
  0.92541845  0.92541845  0.93833728  0.93833728  0.94960578  0.94960578
  0.96003951  0.96003951]
localization_length: 0.8622995556584152
0.8713292449735527
W_list: [3.6]
L_list: [27.882535839153686]
