[-2.41421356 -1.         -1.         -0.41421356  0.41421356  1.
  1.          2.41421356]
W: 4.2
num_iter: 0
[-0.94642453 -0.88822484 -0.82026286 -0.73853375 -0.64376662 -0.53392315
 -0.40026801 -0.23737181  0.23737665  0.40026091  0.53391876  0.64376025
  0.73853756  0.82027111  0.88822147  0.94642887]
localization_length: 0.5266000133540143
0.5290838709272342
W_list: [4.2]
L_list: [0.5290838709272342]
[-2.41421356 -1.         -1.         -0.41421356  0.41421356  1.
  1.          2.41421356]
W: 4.2
num_iter: 0
[-0.94656186 -0.88751518 -0.81935663 -0.73947479 -0.64384213 -0.53241809
 -0.40203088 -0.23797724  0.23797589  0.4020334   0.53241547  0.64383833
  0.73948442  0.81935502  0.88751054  0.94656372]
localization_length: 0.5252633015428392
0.524243351160406
W_list: [4.2]
L_list: [0.524243351160406]
