Norm difference: 0.9999999999999999
Norm difference: 1.0
1 1
1 2
2 1
2 2
1 1
1 2
2 1
2 2
1 1
1 2
2 1
2 2
1 1
1 2
2 1
2 2
1 1
1 2
2 1
2 2
1 1
1 2
2 1
2 2
1 1
1 2
2 1
2 2
1 1
1 2
2 1
2 2
1 1
1 2
2 1
2 2
1 1
1 2
2 1
2 2
1 1
1 2
2 1
2 2
1 1
1 2
2 1
2 2
1 1
1 2
2 1
2 2
1 1
1 2
2 1
2 2
1 1
1 2
2 1
2 2
1 1
1 2
2 1
2 2
1 1
1 2
2 1
2 2
1 1
1 2
2 1
2 2
1 1
1 2
2 1
2 2
1 1
1 2
2 1
2 2
1 1 1 0.003400888852961868
1 2 1 0.005087117394065611
2 1 1 0.0060775154695181955
2 2 1 0.004534148057382312
1 1 2 0.003952511979139496
1 2 2 0.00446282230583987
2 1 2 0.0040407926061493595
2 2 2 0.00462375089817996
1 1 3 0.0026535568149098783
1 2 3 0.002307017705699544
2 1 3 0.0030463715802060564
2 2 3 0.0044045342222352344
1 1 4 0.0028265911516502113
1 2 4 0.0039930943170694965
2 1 4 0.0041126113625603025
2 2 4 0.003430211992154872
1 1 5 0.0037584631468304507
1 2 5 0.0023524733132969647
2 1 5 0.004454707141575081
2 2 5 0.004013699957668362
1 1 6 0.0020104723053826685
1 2 6 0.0032354243322225986
2 1 6 0.0028351706615704036
2 2 6 0.003126429556785984
1 1 7 0.0030369980569511976
1 2 7 0.003004139730918878
2 1 7 0.0023222858466641814
2 2 7 0.00260035889307992
1 1 8 0.0018854623223159435
1 2 8 0.0015226934335167616
2 1 8 0.002427557427322486
2 2 8 0.002578015966096405
1 1 9 0.0022707314155020774
1 2 9 0.002816731340570274
2 1 9 0.00250563858430271
2 2 9 0.002651061044176866
1 1 10 0.0021625537498308122
1 2 10 0.0018872028195266028
2 1 10 0.002600334193854645
2 2 10 0.002209564293015751
1 1 11 0.0023882212622977155
1 2 11 0.0019496148227920271
2 1 11 0.0023941186198979648
2 2 11 0.0020916446903837815
1 1 12 0.0013512474382925898
1 2 12 0.0019453024436063312
2 1 12 0.0021485533363592153
2 2 12 0.0023605484939574124
1 1 13 0.001373198299196485
1 2 13 0.0012969327479468407
2 1 13 0.0018389954415718422
2 2 13 0.0016912144452583002
1 1 14 0.0016909517547915014
1 2 14 0.0012988306675519696
2 1 14 0.001838146196271372
2 2 14 0.0017461066759564482
1 1 15 0.0012322391981882533
1 2 15 0.0008823867572624938
2 1 15 0.0015983717429867677
2 2 15 0.0017607915492685593
1 1 16 0.0008620740122475568
1 2 16 0.001688104168478063
2 1 16 0.001366997414436046
2 2 16 0.001397780124415913
1 1 17 0.001162153982036794
1 2 17 0.0009390405865424469
2 1 17 0.0010570250487616703
2 2 17 0.0013494412623001133
1 1 18 0.0010727913421593185
1 2 18 0.0007957276361905604
2 1 18 0.001236073712159465
2 2 18 0.0009589754569419419
1 1 19 0.000540184092235112
1 2 19 0.0006532153868312513
2 1 19 0.0008009413164969942
2 2 19 0.0007489697096544759
1 1 20 0.0004038854780068758
1 2 20 0.0005288124038356287
2 1 20 0.0006093305942584567
2 2 20 0.0008463788057316585
