W: 2.2
num_iter: 0
[-0.66783951 -0.66783951 -0.66080485 -0.66080485 -0.65210598 -0.65210598
 -0.64200837 -0.64200837 -0.63077773 -0.63077773 -0.61850926 -0.61850926
 -0.6051337  -0.6051337  -0.59095652 -0.59095652 -0.57595758 -0.57595758
 -0.56030467 -0.56030467 -0.54340431 -0.54340431 -0.52563032 -0.52563032
 -0.5075542  -0.5075542  -0.48822481 -0.48822481 -0.4681526  -0.4681526
 -0.44752365 -0.44752365 -0.4257998  -0.4257998  -0.40343957 -0.40343957
 -0.37980613 -0.37980613 -0.35546993 -0.35546993 -0.3300987  -0.3300987
 -0.30372336 -0.30372336 -0.27686471 -0.27686471 -0.2483977  -0.2483977
 -0.21980015 -0.21980015 -0.18982699 -0.18982699 -0.15978589 -0.15978589
 -0.12912139 -0.12912139 -0.09846081 -0.09846081 -0.06813271 -0.06813271
 -0.03776146 -0.03776146 -0.00759282 -0.00759282  0.00759439  0.00759439
  0.03775792  0.03775792  0.0681333   0.0681333   0.09846456  0.09846456
  0.1291182   0.1291182   0.15978212  0.15978212  0.18983082  0.18983082
  0.21979971  0.21979971  0.24839666  0.24839666  0.27686878  0.27686878
  0.30372589  0.30372589  0.33009762  0.33009762  0.35547188  0.35547188
  0.3798091   0.3798091   0.40344167  0.40344167  0.42580167  0.42580167
  0.44751916  0.44751916  0.46815698  0.46815698  0.48822263  0.48822263
  0.50754878  0.50754878  0.52563679  0.52563679  0.54340178  0.54340178
  0.56030275  0.56030275  0.5759542   0.5759542   0.59095984  0.59095984
  0.60513055  0.60513055  0.61851236  0.61851236  0.6307765   0.6307765
  0.64200618  0.64200618  0.6521036   0.6521036   0.66080386  0.66080386
  0.66783991  0.66783991]
localization_length: 4.115729254811362
4.232540555338433
W_list: [2.2]
L_list: [135.44129777082986]
