W: 2.2
num_iter: 0
[-1.16352326 -1.16352326 -1.10683076 -1.10683076 -1.01902011 -1.01902011
 -0.89040048 -0.89040048 -0.7115029  -0.7115029  -0.50499185 -0.50499185
 -0.30277295 -0.30277295 -0.09289474 -0.09289474  0.09289685  0.09289685
  0.30277608  0.30277608  0.50499562  0.50499562  0.71149887  0.71149887
  0.89039938  0.89039938  1.01902013  1.01902013  1.10682665  1.10682665
  1.16352347  1.16352347]
localization_length: 1.3456090824011109
1.3261073407028785
W_list: [2.2]
L_list: [10.608858725623028]
