W: 2.0
num_iter: 0
[-0.63146799 -0.63146799 -0.61460616 -0.61460616 -0.59279845 -0.59279845
 -0.56708568 -0.56708568 -0.53819006 -0.53819006 -0.50611254 -0.50611254
 -0.4712446  -0.4712446  -0.43313175 -0.43313175 -0.39211975 -0.39211975
 -0.34784184 -0.34784184 -0.29987869 -0.29987869 -0.24814258 -0.24814258
 -0.19332676 -0.19332676 -0.13579219 -0.13579219 -0.07639584 -0.07639584
 -0.01551185 -0.01551185  0.01551208  0.01551208  0.07639595  0.07639595
  0.13578913  0.13578913  0.19332966  0.19332966  0.24814277  0.24814277
  0.29987702  0.29987702  0.34784066  0.34784066  0.39211253  0.39211253
  0.43313207  0.43313207  0.47124551  0.47124551  0.50611482  0.50611482
  0.5381965   0.5381965   0.56708512  0.56708512  0.59279692  0.59279692
  0.61461113  0.61461113  0.63146487  0.63146487]
localization_length: 4.029178798333906
4.09816458866531
W_list: [2.0]
L_list: [65.57063341864496]
