W: 1.6
num_iter: 0
[-1.14664487 -1.14664487 -1.12794531 -1.12794531 -1.10378738 -1.10378738
 -1.07258534 -1.07258534 -1.03303947 -1.03303947 -0.98216225 -0.98216225
 -0.91915897 -0.91915897 -0.84052863 -0.84052863 -0.7452987  -0.7452987
 -0.63439547 -0.63439547 -0.51777948 -0.51777948 -0.40568389 -0.40568389
 -0.30300557 -0.30300557 -0.21057506 -0.21057506 -0.12278669 -0.12278669
 -0.03092219 -0.03092219  0.03091818  0.03091818  0.12278884  0.12278884
  0.21057441  0.21057441  0.30300851  0.30300851  0.40568005  0.40568005
  0.51777712  0.51777712  0.63439549  0.63439549  0.74529677  0.74529677
  0.84052914  0.84052914  0.91916082  0.91916082  0.98216303  0.98216303
  1.03304191  1.03304191  1.07258675  1.07258675  1.10378599  1.10378599
  1.127946    1.127946    1.14664625  1.14664625]
localization_length: 2.0214644622632627
2.0527508337661478
W_list: [1.6]
L_list: [32.844013340258364]
