W: 2.8
num_iter: 0
[-0.97571474 -0.97571474 -0.91080782 -0.91080782 -0.82173152 -0.82173152
 -0.70996432 -0.70996432 -0.579612   -0.579612   -0.43294894 -0.43294894
 -0.27002752 -0.27002752 -0.07868225 -0.07868225  0.07867936  0.07867936
  0.27002698  0.27002698  0.43294712  0.43294712  0.57961698  0.57961698
  0.70996666  0.70996666  0.82172967  0.82172967  0.91080115  0.91080115
  0.97572121  0.97572121]
localization_length: 1.5887267895265218
1.590359395775297
W_list: [2.8]
L_list: [12.722875166202376]
