W: 3.8
num_iter: 0
[-0.94345243 -0.94345243 -0.92257981 -0.92257981 -0.89747431 -0.89747431
 -0.86795657 -0.86795657 -0.83402317 -0.83402317 -0.79564505 -0.79564505
 -0.7522643  -0.7522643  -0.70410209 -0.70410209 -0.65124468 -0.65124468
 -0.59087438 -0.59087438 -0.52407506 -0.52407506 -0.44988965 -0.44988965
 -0.36830211 -0.36830211 -0.27886493 -0.27886493 -0.180598   -0.180598
 -0.06629717 -0.06629717  0.06629312  0.06629312  0.18060308  0.18060308
  0.2788711   0.2788711   0.36830346  0.36830346  0.44989398  0.44989398
  0.52407048  0.52407048  0.59087482  0.59087482  0.65123905  0.65123905
  0.70410111  0.70410111  0.75227227  0.75227227  0.79564216  0.79564216
  0.83402003  0.83402003  0.86795547  0.86795547  0.89747213  0.89747213
  0.92257845  0.92257845  0.94345302  0.94345302]
localization_length: 0.9427826451870287
0.9456501838283526
W_list: [3.8]
L_list: [15.130402941253642]
