[-2.41421356 -1.         -1.         -0.41421356  0.41421356  1.
  1.          2.41421356]
W: 3.0
num_iter: 0
[-0.74127747 -0.72757049 -0.71372307 -0.69976508 -0.68476401 -0.66982252
 -0.65412237 -0.63809218 -0.62125764 -0.60346098 -0.58585383 -0.56751625
 -0.54875146 -0.52899293 -0.50964116 -0.48856705 -0.46875484 -0.44717492
 -0.42521159 -0.40226235 -0.37992675 -0.35692668 -0.33248345 -0.30717931
 -0.28189083 -0.25524194 -0.22784014 -0.19903233 -0.16813219 -0.1357354
 -0.09982922 -0.05695334  0.05695109  0.0998227   0.13573717  0.16812824
  0.19903987  0.22783603  0.25525569  0.28189801  0.30718909  0.33246944
  0.35692485  0.37993009  0.40225716  0.42521002  0.4471673   0.46876353
  0.48855378  0.50964402  0.52899601  0.54875714  0.56751759  0.58585748
  0.6034682   0.62125981  0.63807388  0.65411952  0.66982125  0.68475048
  0.69977651  0.71372449  0.72757762  0.74127572]
localization_length: 0.5487164916813985
0.5467682559396743
W_list: [3.0]
L_list: [0.5467682559396743]
[-2.41421356 -1.         -1.         -0.41421356  0.41421356  1.
  1.          2.41421356]
W: 3.0
num_iter: 0
[-0.74150564 -0.72786153 -0.71412626 -0.69967858 -0.68531346 -0.67006416
 -0.65428315 -0.63794451 -0.62119615 -0.60374965 -0.58582194 -0.56743745
 -0.54877872 -0.52920305 -0.50909447 -0.48952845 -0.46776533 -0.44666884
 -0.42500108 -0.40232667 -0.3795841  -0.35583964 -0.3313759  -0.30725351
 -0.28169001 -0.25501511 -0.22740961 -0.19916427 -0.16784285 -0.13592353
 -0.09923143 -0.05734666  0.05734932  0.09923454  0.1359177   0.16784604
  0.19916416  0.22740877  0.25502833  0.28170268  0.30726365  0.33137572
  0.35584956  0.37958766  0.40231431  0.42500901  0.44666112  0.46777898
  0.48952573  0.50909297  0.52919376  0.54877221  0.5674362   0.58580645
  0.60374765  0.62117973  0.6379555   0.65428344  0.67006993  0.68530583
  0.69967541  0.71412331  0.7278546   0.74151142]
localization_length: 0.5449314622319804
0.5425444212032787
W_list: [3.0]
L_list: [0.5425444212032787]
