[-2.41421356 -1.         -1.         -0.41421356  0.41421356  1.
  1.          2.41421356]
W: 2.0
num_iter: 0
[-0.4976295  -0.43422389 -0.36984274 -0.31014687 -0.24756604 -0.18743868
 -0.12670132 -0.06281537  0.06281479  0.12670837  0.187441    0.24756113
  0.31014108  0.36984728  0.43422148  0.49762926]
localization_length: 1.9899771736157599
1.9914487309681896
W_list: [2.0]
L_list: [1.9914487309681896]
[-2.41421356 -1.         -1.         -0.41421356  0.41421356  1.
  1.          2.41421356]
W: 2.0
num_iter: 0
[-0.4964769  -0.43352986 -0.37049068 -0.30885586 -0.24788182 -0.18739948
 -0.1268612  -0.06374386  0.06374585  0.12686487  0.18739262  0.24787601
  0.30886141  0.37050483  0.43351372  0.49648035]
localization_length: 1.9609730299799193
1.9585969747356617
W_list: [2.0]
L_list: [1.9585969747356617]
