W: 4.0
num_iter: 0
[-0.96672357 -0.96672357 -0.91628415 -0.91628415 -0.84835033 -0.84835033
 -0.76107411 -0.76107411 -0.65328885 -0.65328885 -0.51717578 -0.51717578
 -0.34819626 -0.34819626 -0.12848406 -0.12848406  0.128488    0.128488
  0.34820057  0.34820057  0.51718099  0.51718099  0.65328649  0.65328649
  0.76106961  0.76106961  0.84834505  0.84834505  0.91628239  0.91628239
  0.96672401  0.96672401]
localization_length: 0.9728833432755069
0.9735787587575906
W_list: [4.0]
L_list: [7.788630070060725]
