Norm difference: 1.0
Norm difference: 1.0
1 1
1 2
1 3
2 1
2 2
2 3
3 1
3 2
3 3
1 1
1 2
1 3
2 1
2 2
2 3
3 1
3 2
3 3
1 1
1 2
1 3
2 1
2 2
2 3
3 1
3 2
3 3
1 1
1 2
1 3
2 1
2 2
2 3
3 1
3 2
3 3
1 1
1 2
1 3
2 1
2 2
2 3
3 1
3 2
3 3
1 1
1 2
1 3
2 1
2 2
2 3
3 1
3 2
3 3
1 1
1 2
1 3
2 1
2 2
2 3
3 1
3 2
3 3
1 1
1 2
1 3
2 1
2 2
2 3
3 1
3 2
3 3
1 1
1 2
1 3
2 1
2 2
2 3
3 1
3 2
3 3
1 1
1 2
1 3
2 1
2 2
2 3
3 1
3 2
3 3
1 1
1 2
1 3
2 1
2 2
2 3
3 1
3 2
3 3
1 1
1 2
1 3
2 1
2 2
2 3
3 1
3 2
3 3
1 1
1 2
1 3
2 1
2 2
2 3
3 1
3 2
3 3
1 1
1 2
1 3
2 1
2 2
2 3
3 1
3 2
3 3
1 1
1 2
1 3
2 1
2 2
2 3
3 1
3 2
3 3
1 1
1 2
1 3
2 1
2 2
2 3
3 1
3 2
3 3
1 1
1 2
1 3
2 1
2 2
2 3
3 1
3 2
3 3
1 1
1 2
1 3
2 1
2 2
2 3
3 1
3 2
3 3
1 1
1 2
1 3
2 1
2 2
2 3
3 1
3 2
3 3
1 1
1 2
1 3
2 1
2 2
2 3
3 1
3 2
3 3
1 1 1 0.010611189071656448
1 2 1 0.013752375223565368
1 3 1 0.008457682975174016
2 1 1 0.013790714686278372
2 2 1 0.014798464243982918
2 3 1 0.013029247554454643
3 1 1 0.010211221938537412
3 2 1 0.01112452808719075
3 3 1 0.007887174208476655
1 1 2 0.010209199904355133
1 2 2 0.013670262532448468
1 3 2 0.01049079520827412
2 1 2 0.011826667164506633
2 2 2 0.013555088051061318
2 3 2 0.009345483154841818
3 1 2 0.006929068350878186
3 2 2 0.008345958500933937
3 3 2 0.005345494151759341
1 1 3 0.01060822664453839
1 2 3 0.009675371661129684
1 3 3 0.008164824213188353
2 1 3 0.012263103967201464
2 2 3 0.013173271063987784
2 3 3 0.008594297651842494
3 1 3 0.009994078089572268
3 2 3 0.009221096307257579
3 3 3 0.006009306707737178
1 1 4 0.008108870030756488
1 2 4 0.010354919521615918
1 3 4 0.008338050140751476
2 1 4 0.00930971624624588
2 2 4 0.01186950659522448
2 3 4 0.009257000711106142
3 1 4 0.009228487449710212
3 2 4 0.009136491502763983
3 3 4 0.004545200933786092
1 1 5 0.009402831748062815
1 2 5 0.00997118978712826
1 3 5 0.0063197375283209735
2 1 5 0.011044006015949886
2 2 5 0.010807076937135066
2 3 5 0.0076237758105236735
3 1 5 0.007472272250832588
3 2 5 0.008103115446932464
3 3 5 0.006950493238013453
1 1 6 0.008659713872854923
1 2 6 0.007443438149035942
1 3 6 0.007940333303457454
2 1 6 0.006676444872858153
2 2 6 0.009551457707055885
2 3 6 0.008177783359435347
3 1 6 0.0059672932603141065
3 2 6 0.00976302116287589
3 3 6 0.006912850567893747
1 1 7 0.008045830075425192
1 2 7 0.009840405971599171
1 3 7 0.0054850034301259145
2 1 7 0.007510519611991966
2 2 7 0.008585995181492462
2 3 7 0.008792050852448167
3 1 7 0.004781757090020751
3 2 7 0.005766972502825099
3 3 7 0.008323365542836442
1 1 8 0.006630251849088845
1 2 8 0.006593109666700993
1 3 8 0.006556253767405135
2 1 8 0.0064471384229358095
2 2 8 0.007856693006774397
2 3 8 0.007641713149868379
3 1 8 0.00481382307811815
3 2 8 0.007214759670602036
3 3 8 0.006576661034560299
1 1 9 0.0042941080067616915
1 2 9 0.006780257875154086
1 3 9 0.008883905398576935
2 1 9 0.005588596015976412
2 2 9 0.00715209613441255
2 3 9 0.007505783979158085
3 1 9 0.005746284627300877
3 2 9 0.006328391843378074
3 3 9 0.0040903086074172285
1 1 10 0.00553523644960662
1 2 10 0.006265989190650913
1 3 10 0.005419623755924274
2 1 10 0.0062048137059856475
2 2 10 0.006655425701196369
2 3 10 0.005623864509798225
3 1 10 0.0060946422546562075
3 2 10 0.005348303407274721
3 3 10 0.005258434257036567
1 1 11 0.0048495377328592205
1 2 11 0.005262591995513939
1 3 11 0.005411497934658954
2 1 11 0.005646413911393723
2 2 11 0.005464780508409332
2 3 11 0.005801342415194472
3 1 11 0.006433805124301474
3 2 11 0.00611119440206929
3 3 11 0.0034137776761254345
1 1 12 0.004982189636289181
1 2 12 0.005344256171367944
1 3 12 0.005293008381785601
2 1 12 0.005297575073173987
2 2 12 0.0055443364466162045
2 3 12 0.00449343113661761
3 1 12 0.0041119582151897555
3 2 12 0.004349542988187213
3 3 12 0.003690787938114131
1 1 13 0.006128463261074198
1 2 13 0.004839108840785783
1 3 13 0.0030937729109739116
2 1 13 0.00502815966777348
2 2 13 0.004774670299086114
2 3 13 0.0032088098450673086
3 1 13 0.004106670595989277
3 2 13 0.004888152437728407
3 3 13 0.003515217545053697
1 1 14 0.004180009479709173
1 2 14 0.00488404499066464
1 3 14 0.0030770464772837216
2 1 14 0.003976003076430351
2 2 14 0.004379014222471011
2 3 14 0.003932310964366454
3 1 14 0.004545661550138305
3 2 14 0.004075863467049051
3 3 14 0.0030852690448747258
1 1 15 0.004100034471722347
1 2 15 0.004387871432464283
1 3 15 0.003326183177476885
2 1 15 0.004057927258986188
2 2 15 0.0039175236557513725
2 3 15 0.0030937612279638314
3 1 15 0.0027474042905082535
3 2 15 0.003143246566053669
3 3 15 0.0036848663857447445
1 1 16 0.0039729576774104
1 2 16 0.0037811571668947496
1 3 16 0.0027507374774771833
2 1 16 0.0033606644386796293
2 2 16 0.003632220837427436
2 3 16 0.002673969730156419
3 1 16 0.002811317798138746
3 2 16 0.003480135259747506
3 3 16 0.0028531852503286817
1 1 17 0.002361445217813205
1 2 17 0.0030935751069948152
1 3 17 0.003069769815228976
2 1 17 0.0026456530885134743
2 2 17 0.003369881714122131
2 3 17 0.0028796347856733613
3 1 17 0.0025704690053390856
3 2 17 0.002910786943651482
3 3 17 0.002155003837639301
1 1 18 0.0024817534879672644
1 2 18 0.003362820613260231
1 3 18 0.0025027915988204614
2 1 18 0.002502804676236173
2 2 18 0.00321037635020703
2 3 18 0.0026549972747054854
3 1 18 0.0022189226847272466
3 2 18 0.002690567507239462
3 3 18 0.002293386390976649
1 1 19 0.002413906977501472
1 2 19 0.0032647951501122304
1 3 19 0.002899242544144721
2 1 19 0.0020217026782075537
2 2 19 0.0030777298647835473
2 3 19 0.0023049921942266288
3 1 19 0.0022091558400934735
3 2 19 0.0022735682925006185
3 3 19 0.0019242780029223275
1 1 20 0.0019261503008296103
1 2 20 0.0025009043468777635
1 3 20 0.0032100007632047726
2 1 20 0.002256763495772186
2 2 20 0.0032503833853611574
2 3 20 0.0026749078732512454
3 1 20 0.002299349796046045
3 2 20 0.003198449624580297
3 3 20 0.0015893055240363782
