W: 3.8
num_iter: 0
[-0.93416684 -0.93416684 -0.88381434 -0.88381434 -0.815683   -0.815683
 -0.72952763 -0.72952763 -0.62175805 -0.62175805 -0.48899494 -0.48899494
 -0.32409757 -0.32409757 -0.11218122 -0.11218122  0.11218064  0.11218064
  0.32409736  0.32409736  0.48900126  0.48900126  0.62176104  0.62176104
  0.72951943  0.72951943  0.81568331  0.81568331  0.8838129   0.8838129
  0.93416766  0.93416766]
localization_length: 1.1142742841012232
1.125912608080456
W_list: [3.8]
L_list: [9.007300864643648]
