Norm difference: 1.0
Norm difference: 1.0
1 1
1 2
1 3
2 1
2 2
2 3
3 1
3 2
3 3
1 1
1 2
1 3
2 1
2 2
2 3
3 1
3 2
3 3
1 1
1 2
1 3
2 1
2 2
2 3
3 1
3 2
3 3
1 1
1 2
1 3
2 1
2 2
2 3
3 1
3 2
3 3
1 1
1 2
1 3
2 1
2 2
2 3
3 1
3 2
3 3
1 1
1 2
1 3
2 1
2 2
2 3
3 1
3 2
3 3
1 1
1 2
1 3
2 1
2 2
2 3
3 1
3 2
3 3
1 1
1 2
1 3
2 1
2 2
2 3
3 1
3 2
3 3
1 1
1 2
1 3
2 1
2 2
2 3
3 1
3 2
3 3
1 1
1 2
1 3
2 1
2 2
2 3
3 1
3 2
3 3
1 1
1 2
1 3
2 1
2 2
2 3
3 1
3 2
3 3
1 1
1 2
1 3
2 1
2 2
2 3
3 1
3 2
3 3
1 1
1 2
1 3
2 1
2 2
2 3
3 1
3 2
3 3
1 1
1 2
1 3
2 1
2 2
2 3
3 1
3 2
3 3
1 1
1 2
1 3
2 1
2 2
2 3
3 1
3 2
3 3
1 1
1 2
1 3
2 1
2 2
2 3
3 1
3 2
3 3
1 1
1 2
1 3
2 1
2 2
2 3
3 1
3 2
3 3
1 1
1 2
1 3
2 1
2 2
2 3
3 1
3 2
3 3
1 1
1 2
1 3
2 1
2 2
2 3
3 1
3 2
3 3
1 1
1 2
1 3
2 1
2 2
2 3
3 1
3 2
3 3
1 1 1 0.007555935137028183
1 2 1 0.007505376395577357
1 3 1 0.007431932893484231
2 1 1 0.006089209324971205
2 2 1 0.007597184694480524
2 3 1 0.007924470511104342
3 1 1 0.009038971471717668
3 2 1 0.009327059835996684
3 3 1 0.00861500194665977
1 1 2 0.005886227137820837
1 2 2 0.0060546638118900205
1 3 2 0.006231499648738011
2 1 2 0.005773380895406082
2 2 2 0.0063764490123318935
2 3 2 0.006083203560321765
3 1 2 0.007075643781075594
3 2 2 0.006470355486099391
3 3 2 0.008364188993934494
1 1 3 0.0055025074284505825
1 2 3 0.005961120108722707
1 3 3 0.008103960058344562
2 1 3 0.0044695531074719266
2 2 3 0.0073227600666074906
2 3 3 0.0077670279522535635
3 1 3 0.006259062089500052
3 2 3 0.009089244246029077
3 3 3 0.00787347700140335
1 1 4 0.00418857147268914
1 2 4 0.004923945345540179
1 3 4 0.008335799208834238
2 1 4 0.0054655391136632136
2 2 4 0.005777153435910989
2 3 4 0.00614182743231609
3 1 4 0.008149759003054839
3 2 4 0.007567136438546415
3 3 4 0.0077785234746852085
1 1 5 0.0054705433221655
1 2 5 0.006017197040413565
1 3 5 0.008046897390233714
2 1 5 0.00498658058176272
2 2 5 0.00769254776603297
2 3 5 0.0067853431722288415
3 1 5 0.006528822509866044
3 2 5 0.007152302154725179
3 3 5 0.008363839660915931
1 1 6 0.006835527770419861
1 2 6 0.006275469323232969
1 3 6 0.007748657814940624
2 1 6 0.007399769482940683
2 2 6 0.0067422605381536925
2 3 6 0.0064433172570880545
3 1 6 0.00688207620504204
3 2 6 0.007398161429002631
3 3 6 0.00685231790442698
1 1 7 0.0063397397170409184
1 2 7 0.008966234178035439
1 3 7 0.006507702318040575
2 1 7 0.006160097849989265
2 2 7 0.006988363316429824
2 3 7 0.005992764985819162
3 1 7 0.0076343988476276405
3 2 7 0.009103944967221495
3 3 7 0.009122936380131943
1 1 8 0.0074320672554768225
1 2 8 0.0070504023002335185
1 3 8 0.00602345814655486
2 1 8 0.006526605795462026
2 2 8 0.007887689191294296
2 3 8 0.006555096166155318
3 1 8 0.008067923884285566
3 2 8 0.009179135319126688
3 3 8 0.0064159833752597374
1 1 9 0.007670805190399854
1 2 9 0.008154472616529454
1 3 9 0.006687437484387856
2 1 9 0.006319262193947998
2 2 9 0.006918283680905535
2 3 9 0.005996948903316843
3 1 9 0.007364301547008583
3 2 9 0.008212669596708336
3 3 9 0.007806731107055011
1 1 10 0.007602041310316152
1 2 10 0.007064353042683899
1 3 10 0.00668091127338401
2 1 10 0.006189519640793554
2 2 10 0.007367217091564205
2 3 10 0.0058842772017768125
3 1 10 0.008260020410114482
3 2 10 0.008766248963925801
3 3 10 0.008231333678539789
1 1 11 0.006436181767096735
1 2 11 0.005890345704068861
1 3 11 0.006503037250432423
2 1 11 0.006028184926009043
2 2 11 0.0051787187780363295
2 3 11 0.006009894252543783
3 1 11 0.0074648679751317965
3 2 11 0.007845973873439216
3 3 11 0.009055942388445972
1 1 12 0.005841434835162256
1 2 12 0.00575150840966634
1 3 12 0.004878469004154486
2 1 12 0.0062228955957841165
2 2 12 0.007340057942383044
2 3 12 0.00588996598233432
3 1 12 0.008046960752834028
3 2 12 0.007942494796910827
3 3 12 0.006759324653823737
1 1 13 0.005429350026722757
1 2 13 0.0069892561993416535
1 3 13 0.006923544231649685
2 1 13 0.004289864173956473
2 2 13 0.0060327004401387
2 3 13 0.006275926656465282
3 1 13 0.006896589185581829
3 2 13 0.005613244175514544
3 3 13 0.007387587895195623
1 1 14 0.00553052737834351
1 2 14 0.005569979139523303
1 3 14 0.00614213921574717
2 1 14 0.004845074788118403
2 2 14 0.00757803327143509
2 3 14 0.007067381807367487
3 1 14 0.0067871226268859915
3 2 14 0.008210594289901854
3 3 14 0.00793177064106694
1 1 15 0.005239331050314426
1 2 15 0.0053664026825767114
1 3 15 0.007318489853540271
2 1 15 0.006108778401255685
2 2 15 0.006784796634074009
2 3 15 0.006956660671926103
3 1 15 0.006833119872694577
3 2 15 0.006314580365328473
3 3 15 0.00518586286918339
1 1 16 0.005785930472284683
1 2 16 0.006089623478038932
1 3 16 0.006784522503911051
2 1 16 0.007061676976631216
2 2 16 0.0068895176436769585
2 3 16 0.00732794069137757
3 1 16 0.0062150782708972376
3 2 16 0.007758335142805708
3 3 16 0.007714223775850429
1 1 17 0.006306127924769214
1 2 17 0.006367645472330473
1 3 17 0.006539335749229679
2 1 17 0.006257687809470354
2 2 17 0.006816457774234801
2 3 17 0.005899382451890614
3 1 17 0.008159493013086086
3 2 17 0.0071383131461357175
3 3 17 0.00505104407694098
1 1 18 0.006364281840282031
1 2 18 0.007206926430876405
1 3 18 0.005066797210292873
2 1 18 0.00617152075030076
2 2 18 0.00665877759149173
2 3 18 0.00549383557780527
3 1 18 0.006524391576130222
3 2 18 0.007932267550089751
3 3 18 0.007937637497647353
1 1 19 0.0072786194069731774
1 2 19 0.005645503543560197
1 3 19 0.004924809650086944
2 1 19 0.007938491387971614
2 2 19 0.007886020634834838
2 3 19 0.00666287431430077
3 1 19 0.006795543583950903
3 2 19 0.007040033545239829
3 3 19 0.005940515990462414
1 1 20 0.0061719786629377245
1 2 20 0.006107896679566396
1 3 20 0.00540379980759205
2 1 20 0.0068105624234562024
2 2 20 0.007419384470153658
2 3 20 0.006616701900022273
3 1 20 0.00614353043188059
3 2 20 0.007557287483079507
3 3 20 0.0071181612112317105
