W: 2.0
num_iter: 0
[-0.70494713 -0.70494713 -0.6967994  -0.6967994  -0.68682857 -0.68682857
 -0.67523786 -0.67523786 -0.66274498 -0.66274498 -0.6482751  -0.6482751
 -0.63287606 -0.63287606 -0.61612702 -0.61612702 -0.59827389 -0.59827389
 -0.57943413 -0.57943413 -0.55998181 -0.55998181 -0.53937197 -0.53937197
 -0.51803646 -0.51803646 -0.4964151  -0.4964151  -0.47360815 -0.47360815
 -0.45058717 -0.45058717 -0.4265852  -0.4265852  -0.40193523 -0.40193523
 -0.37685992 -0.37685992 -0.35097018 -0.35097018 -0.32495942 -0.32495942
 -0.29788846 -0.29788846 -0.27021135 -0.27021135 -0.24218812 -0.24218812
 -0.21357548 -0.21357548 -0.18391371 -0.18391371 -0.15445905 -0.15445905
 -0.12443081 -0.12443081 -0.09446635 -0.09446635 -0.06534103 -0.06534103
 -0.03583765 -0.03583765 -0.00747414 -0.00747414  0.00747103  0.00747103
  0.03584105  0.03584105  0.06534168  0.06534168  0.09446774  0.09446774
  0.12442885  0.12442885  0.15445789  0.15445789  0.18391822  0.18391822
  0.21357429  0.21357429  0.24219276  0.24219276  0.27021335  0.27021335
  0.29788443  0.29788443  0.32496132  0.32496132  0.35097155  0.35097155
  0.37685992  0.37685992  0.40193274  0.40193274  0.42658627  0.42658627
  0.45059338  0.45059338  0.47360639  0.47360639  0.49641709  0.49641709
  0.51803999  0.51803999  0.53937276  0.53937276  0.55997652  0.55997652
  0.57943181  0.57943181  0.59827463  0.59827463  0.61612471  0.61612471
  0.63287712  0.63287712  0.64827006  0.64827006  0.66274371  0.66274371
  0.67523601  0.67523601  0.68682343  0.68682343  0.69680288  0.69680288
  0.70494727  0.70494727]
localization_length: 4.182823011553737
4.1442183574105735
W_list: [2.0]
L_list: [132.61498743713835]
