W: 2.4
num_iter: 0
[-0.76423235 -0.76423235 -0.74365869 -0.74365869 -0.71715578 -0.71715578
 -0.68564625 -0.68564625 -0.64970652 -0.64970652 -0.60904719 -0.60904719
 -0.56508393 -0.56508393 -0.51765574 -0.51765574 -0.46651794 -0.46651794
 -0.41254185 -0.41254185 -0.35493165 -0.35493165 -0.29428771 -0.29428771
 -0.22992809 -0.22992809 -0.16297257 -0.16297257 -0.093664   -0.093664
 -0.0208632  -0.0208632   0.02086506  0.02086506  0.09366215  0.09366215
  0.16297378  0.16297378  0.22993245  0.22993245  0.29428531  0.29428531
  0.35492987  0.35492987  0.41254413  0.41254413  0.46651659  0.46651659
  0.51765514  0.51765514  0.56508849  0.56508849  0.60904711  0.60904711
  0.64969874  0.64969874  0.68564543  0.68564543  0.71715893  0.71715893
  0.74365725  0.74365725  0.76423303  0.76423303]
localization_length: 2.995705629158202
3.019466640834717
W_list: [2.4]
L_list: [48.31146625335547]
