W: 3.6
num_iter: 0
[-0.90097953 -0.90097953 -0.8512994  -0.8512994  -0.78386842 -0.78386842
 -0.69804705 -0.69804705 -0.59199337 -0.59199337 -0.46034556 -0.46034556
 -0.30078889 -0.30078889 -0.09796268 -0.09796268  0.09796182  0.09796182
  0.30078748  0.30078748  0.46034703  0.46034703  0.59199125  0.59199125
  0.69805074  0.69805074  0.78386903  0.78386903  0.85129417  0.85129417
  0.90098336  0.90098336]
localization_length: 1.276007265005426
1.2841427635388976
W_list: [3.6]
L_list: [10.27314210831118]
