[-2.41421356 -1.         -1.         -0.41421356  0.41421356  1.
  1.          2.41421356]
W: 4.0
num_iter: 0
[-0.91072798 -0.85292794 -0.78404363 -0.70432787 -0.61082233 -0.50126883
 -0.37374914 -0.21833938  0.21834219  0.37375172  0.50126171  0.61082751
  0.70432957  0.78404372  0.85292035  0.91073033]
localization_length: 0.5725032238861502
0.5743429313446331
W_list: [4.0]
L_list: [0.5743429313446331]
[-2.41421356 -1.         -1.         -0.41421356  0.41421356  1.
  1.          2.41421356]
W: 4.0
num_iter: 0
[-0.91051746 -0.85327627 -0.78492432 -0.70421383 -0.61056364 -0.50297336
 -0.37437462 -0.22000917  0.2200114   0.37436886  0.50297317  0.61056883
  0.70421216  0.78492574  0.8532777   0.9105148 ]
localization_length: 0.5681581415880864
0.5683869666143029
W_list: [4.0]
L_list: [0.5683869666143029]
