Norm difference: 1.0
Norm difference: 1.0
1 1
1 2
2 1
2 2
1 1
1 2
2 1
2 2
1 1
1 2
2 1
2 2
1 1
1 2
2 1
2 2
1 1
1 2
2 1
2 2
1 1
1 2
2 1
2 2
1 1
1 2
2 1
2 2
1 1
1 2
2 1
2 2
1 1
1 2
2 1
2 2
1 1
1 2
2 1
2 2
1 1
1 2
2 1
2 2
1 1
1 2
2 1
2 2
1 1
1 2
2 1
2 2
1 1
1 2
2 1
2 2
1 1
1 2
2 1
2 2
1 1
1 2
2 1
2 2
1 1
1 2
2 1
2 2
1 1
1 2
2 1
2 2
1 1
1 2
2 1
2 2
1 1
1 2
2 1
2 2
1 1 1 0.016735257262389447
1 2 1 0.01658113520406957
2 1 1 0.019287901818556254
2 2 1 0.016297025941972916
1 1 2 0.008439159016224152
1 2 2 0.012219292747311344
2 1 2 0.018363914041286077
2 2 2 0.01367609678107799
1 1 3 0.012063747515094649
1 2 3 0.010845510746475686
2 1 3 0.014940456012460019
2 2 3 0.013436612316405208
1 1 4 0.010110195335167957
1 2 4 0.00855013995570593
2 1 4 0.009063338623419554
2 2 4 0.011566524359137813
1 1 5 0.00835681778424199
1 2 5 0.006794841562873334
2 1 5 0.007486978943236172
2 2 5 0.0055609761165746115
1 1 6 0.008088163264819813
1 2 6 0.00503524173942668
2 1 6 0.008714933100053394
2 2 6 0.005601483998939019
1 1 7 0.005315267029254372
1 2 7 0.004590006292858378
2 1 7 0.004862576404683497
2 2 7 0.006071409912515773
1 1 8 0.004725379475734657
1 2 8 0.005572118586510494
2 1 8 0.003924862979293934
2 2 8 0.004212667852475428
1 1 9 0.004483943652253435
1 2 9 0.004520603216005718
2 1 9 0.005209021175884368
2 2 9 0.0031155916237314207
1 1 10 0.005296450369051407
1 2 10 0.004946167028275123
2 1 10 0.003849667307402408
2 2 10 0.004191593278974895
1 1 11 0.003182229961201638
1 2 11 0.0052760853061369775
2 1 11 0.002565771635748853
2 2 11 0.004528176525620834
1 1 12 0.0034456008820641427
1 2 12 0.0047722881030428915
2 1 12 0.004080463429273466
2 2 12 0.00330719193726551
1 1 13 0.0030345580295314998
1 2 13 0.004010830616314685
2 1 13 0.0025726652248360096
2 2 13 0.004181845753843639
1 1 14 0.004282488220000989
1 2 14 0.0035105909573399465
2 1 14 0.0022721749010068933
2 2 14 0.003899770467442236
1 1 15 0.0030137477689950085
1 2 15 0.0033480898016863487
2 1 15 0.003111868709957398
2 2 15 0.002368319072044166
1 1 16 0.0027281812680303
1 2 16 0.0029398117056703204
2 1 16 0.0035220163876958422
2 2 16 0.0024418218377121456
1 1 17 0.0019384971449981712
1 2 17 0.002336638583822362
2 1 17 0.001378632604168925
2 2 17 0.0031229487823772385
1 1 18 0.0021321024236183334
1 2 18 0.0021030425901934022
2 1 18 0.0014733800661490834
2 2 18 0.0018102082271576141
1 1 19 0.0019265457517452453
1 2 19 0.0020788620402488497
2 1 19 0.001634690747429225
2 2 19 0.0012844916985296718
1 1 20 0.001720971725141495
1 2 20 0.001631472761522331
2 1 20 0.0018165212346325163
2 2 20 0.0015954786745076665
