W: 3.0
num_iter: 0
[-1.01049152 -1.01049152 -0.98326169 -0.98326169 -0.95036185 -0.95036185
 -0.91230743 -0.91230743 -0.86768718 -0.86768718 -0.81788515 -0.81788515
 -0.76274769 -0.76274769 -0.70274823 -0.70274823 -0.63861226 -0.63861226
 -0.56944219 -0.56944219 -0.49568542 -0.49568542 -0.41682516 -0.41682516
 -0.33411502 -0.33411502 -0.24669673 -0.24669673 -0.15444413 -0.15444413
 -0.04960071 -0.04960071  0.04960152  0.04960152  0.15444504  0.15444504
  0.24669815  0.24669815  0.33410836  0.33410836  0.41682941  0.41682941
  0.495687    0.495687    0.5694389   0.5694389   0.63860987  0.63860987
  0.7027437   0.7027437   0.76274898  0.76274898  0.81788764  0.81788764
  0.86769183  0.86769183  0.91230934  0.91230934  0.95036247  0.95036247
  0.98326195  0.98326195  1.01048822  1.01048822]
localization_length: 1.260062721492697
1.2688540765343057
W_list: [3.0]
L_list: [20.30166522454889]
