Norm difference: 1.0
Norm difference: 0.9999999999999999
1 1
1 2
2 1
2 2
1 1
1 2
2 1
2 2
1 1
1 2
2 1
2 2
1 1
1 2
2 1
2 2
1 1
1 2
2 1
2 2
1 1
1 2
2 1
2 2
1 1
1 2
2 1
2 2
1 1
1 2
2 1
2 2
1 1
1 2
2 1
2 2
1 1
1 2
2 1
2 2
1 1
1 2
2 1
2 2
1 1
1 2
2 1
2 2
1 1
1 2
2 1
2 2
1 1
1 2
2 1
2 2
1 1
1 2
2 1
2 2
1 1
1 2
2 1
2 2
1 1
1 2
2 1
2 2
1 1
1 2
2 1
2 2
1 1
1 2
2 1
2 2
1 1
1 2
2 1
2 2
1 1 1 0.0005362048429427564
1 2 1 0.0005829393688312094
2 1 1 0.0004558722957440711
2 2 1 0.0004632931227147634
1 1 2 0.000941502805204409
1 2 2 0.0006524827708430526
2 1 2 0.0004726571242395024
2 2 2 0.0004001760017116978
1 1 3 0.000884728280298097
1 2 3 0.0008194685454625762
2 1 3 0.0007417514012710805
2 2 3 0.0005458712771833939
1 1 4 0.0008033369560639537
1 2 4 0.0008346096341725927
2 1 4 0.0005805210880886277
2 2 4 0.0005061691722229575
1 1 5 0.0008411706728631435
1 2 5 0.0009509366801509382
2 1 5 0.0005469746176573389
2 2 5 0.0006097912604635412
1 1 6 0.0005521522232511938
1 2 6 0.000875986947142171
2 1 6 0.00045146471392223996
2 2 6 0.0005530221332786157
1 1 7 0.0008037035232700482
1 2 7 0.000985924379912874
2 1 7 0.0005350126059775489
2 2 7 0.0006627721760861548
1 1 8 0.0009477214376740668
1 2 8 0.000688409514240662
2 1 8 0.0005315458309589369
2 2 8 0.0004425402283178728
1 1 9 0.0009310388167993282
1 2 9 0.0008585830993884369
2 1 9 0.0007156291601731973
2 2 9 0.000681209683900779
1 1 10 0.0006203189061790539
1 2 10 0.0009922388279754303
2 1 10 0.0005200252933795935
2 2 10 0.0006174651888070859
1 1 11 0.0008733816126914141
1 2 11 0.000727754441401854
2 1 11 0.0005921400128297398
2 2 11 0.0005908347735058716
1 1 12 0.0011040617869600468
1 2 12 0.0005055857599725521
2 1 12 0.000857095061131528
2 2 12 0.000440249940487355
1 1 13 0.0007191669983862687
1 2 13 0.0012363796733161655
2 1 13 0.0006538844581238857
2 2 13 0.0007641299038384566
1 1 14 0.0005399527897809873
1 2 14 0.0019578900814167066
2 1 14 0.0004959609168137499
2 2 14 0.0011586552503747185
1 1 15 0.0021846061324623323
1 2 15 0.0019808262433454967
2 1 15 0.001104727142884856
2 2 15 0.001247811633032571
1 1 16 0.0021030484258566908
1 2 16 0.0022103900146897655
2 1 16 0.0013778195857722625
2 2 16 0.001367228057553544
1 1 17 0.0011914039369052022
1 2 17 0.0024201686483680683
2 1 17 0.0009616361786697833
2 2 17 0.0015599882610347975
1 1 18 0.0014546968089730532
1 2 18 0.0018972915362661723
2 1 18 0.0009699086991435474
2 2 18 0.0014935138228370083
1 1 19 0.0016473834886016464
1 2 19 0.0017009863916252403
2 1 19 0.00122950058678984
2 2 19 0.001406081266991359
1 1 20 0.001245150343493652
1 2 20 0.0014663975842767714
2 1 20 0.0011583699940572842
2 2 20 0.001233122638228932
