W: 3.8
num_iter: 0
[-1.10262372 -1.10262372 -1.07463193 -1.07463193 -1.04245417 -1.04245417
 -1.00497977 -1.00497977 -0.96277995 -0.96277995 -0.91516376 -0.91516376
 -0.86261366 -0.86261366 -0.80509264 -0.80509264 -0.74176489 -0.74176489
 -0.67306997 -0.67306997 -0.59759606 -0.59759606 -0.51457046 -0.51457046
 -0.42436509 -0.42436509 -0.32585102 -0.32585102 -0.21956702 -0.21956702
 -0.0936003  -0.0936003   0.09360338  0.09360338  0.21956438  0.21956438
  0.32584875  0.32584875  0.4243611   0.4243611   0.51457392  0.51457392
  0.59759473  0.59759473  0.67307505  0.67307505  0.74175571  0.74175571
  0.8050959   0.8050959   0.86261016  0.86261016  0.9151665   0.9151665
  0.96279168  0.96279168  1.00497707  1.00497707  1.04244845  1.04244845
  1.07463904  1.07463904  1.10261857  1.10261857]
localization_length: 0.6677328967336787
0.6689903014113672
W_list: [3.8]
L_list: [10.703844822581875]
