W: 3.0
num_iter: 0
[-0.80903254 -0.80903254 -0.80036615 -0.80036615 -0.79072964 -0.79072964
 -0.77961505 -0.77961505 -0.76760496 -0.76760496 -0.75430188 -0.75430188
 -0.74009067 -0.74009067 -0.72486045 -0.72486045 -0.70879315 -0.70879315
 -0.69105306 -0.69105306 -0.67236011 -0.67236011 -0.65293015 -0.65293015
 -0.63201905 -0.63201905 -0.61039346 -0.61039346 -0.58757336 -0.58757336
 -0.56318883 -0.56318883 -0.53861937 -0.53861937 -0.51186037 -0.51186037
 -0.4842965  -0.4842965  -0.45572586 -0.45572586 -0.42546688 -0.42546688
 -0.39373916 -0.39373916 -0.36081774 -0.36081774 -0.32689095 -0.32689095
 -0.29148033 -0.29148033 -0.25527207 -0.25527207 -0.21755144 -0.21755144
 -0.17875941 -0.17875941 -0.13938486 -0.13938486 -0.09955488 -0.09955488
 -0.05866322 -0.05866322 -0.01486949 -0.01486949  0.01486821  0.01486821
  0.05866137  0.05866137  0.09955931  0.09955931  0.13938453  0.13938453
  0.17875969  0.17875969  0.21755137  0.21755137  0.25526877  0.25526877
  0.29147735  0.29147735  0.32689206  0.32689206  0.36081688  0.36081688
  0.39373849  0.39373849  0.42546881  0.42546881  0.45572624  0.45572624
  0.48429819  0.48429819  0.51185501  0.51185501  0.53862178  0.53862178
  0.56318332  0.56318332  0.58757476  0.58757476  0.6103946   0.6103946
  0.63201258  0.63201258  0.65292602  0.65292602  0.672366    0.672366
  0.69106019  0.69106019  0.70879283  0.70879283  0.72486232  0.72486232
  0.7400963   0.7400963   0.75430246  0.75430246  0.76760288  0.76760288
  0.77961858  0.77961858  0.79072743  0.79072743  0.80036561  0.80036561
  0.80903109  0.80903109]
localization_length: 2.1018003467632393
2.0604615918575564
W_list: [3.0]
L_list: [65.9347709394418]
