[-2.41421356 -1.         -1.         -0.41421356  0.41421356  1.
  1.          2.41421356]
W: 2.4
num_iter: 0
[-0.58847429 -0.52649004 -0.46104761 -0.39344607 -0.32195992 -0.2472621
 -0.16980462 -0.08803726  0.08803705  0.16981288  0.24726476  0.32195538
  0.39344591  0.46105113  0.52647718  0.58847762]
localization_length: 1.4198568103253402
1.4417984464456584
W_list: [2.4]
L_list: [1.4417984464456584]
[-2.41421356 -1.         -1.         -0.41421356  0.41421356  1.
  1.          2.41421356]
W: 2.4
num_iter: 0
[-0.58821875 -0.52729393 -0.46247883 -0.39327403 -0.32095445 -0.24769464
 -0.16975441 -0.08724691  0.08725909  0.16974453  0.24769473  0.32096566
  0.39326624  0.46247744  0.5272958   0.58821245]
localization_length: 1.43271550599193
1.4418479507700055
W_list: [2.4]
L_list: [1.4418479507700055]
