W: 2.0
num_iter: 0
[-0.90478002 -0.90478002 -0.89399814 -0.89399814 -0.88194738 -0.88194738
 -0.86776979 -0.86776979 -0.85205857 -0.85205857 -0.83427484 -0.83427484
 -0.8145475  -0.8145475  -0.79314738 -0.79314738 -0.76975066 -0.76975066
 -0.74469358 -0.74469358 -0.71779186 -0.71779186 -0.68920975 -0.68920975
 -0.65922921 -0.65922921 -0.62786582 -0.62786582 -0.59522364 -0.59522364
 -0.56252482 -0.56252482 -0.52877549 -0.52877549 -0.49470096 -0.49470096
 -0.46019212 -0.46019212 -0.42577013 -0.42577013 -0.39042912 -0.39042912
 -0.35534911 -0.35534911 -0.32107679 -0.32107679 -0.28596991 -0.28596991
 -0.25030878 -0.25030878 -0.2156955  -0.2156955  -0.18051349 -0.18051349
 -0.14530645 -0.14530645 -0.11053779 -0.11053779 -0.07667544 -0.07667544
 -0.04326342 -0.04326342 -0.00926379 -0.00926379  0.00925769  0.00925769
  0.0432677   0.0432677   0.07667906  0.07667906  0.11053596  0.11053596
  0.14530651  0.14530651  0.18051194  0.18051194  0.21569389  0.21569389
  0.25030649  0.25030649  0.28596732  0.28596732  0.3210808   0.3210808
  0.35535311  0.35535311  0.39043608  0.39043608  0.42577052  0.42577052
  0.46019929  0.46019929  0.49469997  0.49469997  0.5287729   0.5287729
  0.56251995  0.56251995  0.59521561  0.59521561  0.62786653  0.62786653
  0.65923164  0.65923164  0.68920987  0.68920987  0.71778883  0.71778883
  0.74469747  0.74469747  0.76974636  0.76974636  0.79314322  0.79314322
  0.81454947  0.81454947  0.83428544  0.83428544  0.85205858  0.85205858
  0.86776519  0.86776519  0.88194199  0.88194199  0.89399966  0.89399966
  0.90478224  0.90478224]
localization_length: 3.375573586001878
3.3399405581311297
W_list: [2.0]
L_list: [106.87809786019615]
