Norm difference: 1.0
Norm difference: 1.0
1 1
1 2
1 3
2 1
2 2
2 3
3 1
3 2
3 3
1 1
1 2
1 3
2 1
2 2
2 3
3 1
3 2
3 3
1 1
1 2
1 3
2 1
2 2
2 3
3 1
3 2
3 3
1 1
1 2
1 3
2 1
2 2
2 3
3 1
3 2
3 3
1 1
1 2
1 3
2 1
2 2
2 3
3 1
3 2
3 3
1 1
1 2
1 3
2 1
2 2
2 3
3 1
3 2
3 3
1 1
1 2
1 3
2 1
2 2
2 3
3 1
3 2
3 3
1 1
1 2
1 3
2 1
2 2
2 3
3 1
3 2
3 3
1 1
1 2
1 3
2 1
2 2
2 3
3 1
3 2
3 3
1 1
1 2
1 3
2 1
2 2
2 3
3 1
3 2
3 3
1 1
1 2
1 3
2 1
2 2
2 3
3 1
3 2
3 3
1 1
1 2
1 3
2 1
2 2
2 3
3 1
3 2
3 3
1 1
1 2
1 3
2 1
2 2
2 3
3 1
3 2
3 3
1 1
1 2
1 3
2 1
2 2
2 3
3 1
3 2
3 3
1 1
1 2
1 3
2 1
2 2
2 3
3 1
3 2
3 3
1 1
1 2
1 3
2 1
2 2
2 3
3 1
3 2
3 3
1 1
1 2
1 3
2 1
2 2
2 3
3 1
3 2
3 3
1 1
1 2
1 3
2 1
2 2
2 3
3 1
3 2
3 3
1 1
1 2
1 3
2 1
2 2
2 3
3 1
3 2
3 3
1 1
1 2
1 3
2 1
2 2
2 3
3 1
3 2
3 3
1 1 1 0.001066081588439359
1 2 1 0.0007525452813751783
1 3 1 0.0014640305033140413
2 1 1 0.0012526340924522606
2 2 1 0.0005603010504653547
2 3 1 0.0014970714135478847
3 1 1 0.0011872221118484328
3 2 1 0.0013050064358469914
3 3 1 0.0018968331541576594
1 1 2 0.0008470830974598379
1 2 2 0.001085178440316829
1 3 2 0.0014202311757852955
2 1 2 0.0009035580674996771
2 2 2 0.0007568123552362525
2 3 2 0.0016019551976021562
3 1 2 0.0014981916613722823
3 2 2 0.0009446904554951286
3 3 2 0.002115898809229303
1 1 3 0.0010137041463711793
1 2 3 0.0008055454881014752
1 3 3 0.001937096530901058
2 1 3 0.0008862482705773916
2 2 3 0.0009897579590799521
2 3 3 0.0018163287100217917
3 1 3 0.0015393524025866924
3 2 3 0.0009999108200757472
3 3 3 0.0026772092722194816
1 1 4 0.0011681061682559202
1 2 4 0.0010032273058784471
1 3 4 0.0018197880562933143
2 1 4 0.0012876449609786171
2 2 4 0.0011783491558832841
2 3 4 0.0020310175080855636
3 1 4 0.0013314592531352306
3 2 4 0.0015327394606610748
3 3 4 0.003412812802005684
1 1 5 0.0009300633013220726
1 2 5 0.001200340549507956
1 3 5 0.0021913512718933405
2 1 5 0.0013188785500001378
2 2 5 0.0011624762146697884
2 3 5 0.0020980980122372313
3 1 5 0.0015573613643875199
3 2 5 0.0020334565849417048
3 3 5 0.0036251564755490095
1 1 6 0.001118975370499295
1 2 6 0.001487205529494464
1 3 6 0.0024603212963377123
2 1 6 0.0009407495468621941
2 2 6 0.0016975193518584438
2 3 6 0.002712586657753156
3 1 6 0.0018525252396915902
3 2 6 0.0027213100768620152
3 3 6 0.0028568284121331202
1 1 7 0.0011360325608568548
1 2 7 0.001702925723250831
1 3 7 0.0019352923978720599
2 1 7 0.0012228331014666111
2 2 7 0.001875326394164065
2 3 7 0.0021006721853968403
3 1 7 0.0017103371113359217
3 2 7 0.003246328301437813
3 3 7 0.002610110153610466
1 1 8 0.0013565710439246488
1 2 8 0.0019091841185055474
1 3 8 0.0018680426371581159
2 1 8 0.0014643703663780399
2 2 8 0.002094543675904513
2 3 8 0.0018435950676229454
3 1 8 0.001790395065475723
3 2 8 0.002933522262426552
3 3 8 0.0031337962505840512
1 1 9 0.0013461337984385007
1 2 9 0.002037429671281646
1 3 9 0.002124409148386812
2 1 9 0.0016309191323247568
2 2 9 0.002261068849023624
2 3 9 0.0020863651101761583
3 1 9 0.002105052725605935
3 2 9 0.0030371362866445624
3 3 9 0.0025721319634900404
1 1 10 0.0013850896269567735
1 2 10 0.0020152709185172627
1 3 10 0.0020931941518311788
2 1 10 0.0013552245659514187
2 2 10 0.0023092739179818643
2 3 10 0.0027182635963543837
3 1 10 0.002694602893780313
3 2 10 0.0030149864957751448
3 3 10 0.0025288535261577005
1 1 11 0.0017996001121483706
1 2 11 0.0026530379737168645
1 3 11 0.0019667271811641
2 1 11 0.0019354837446009007
2 2 11 0.00256043273317331
2 3 11 0.0024364270080113105
3 1 11 0.002372366623026257
3 2 11 0.0034129436247723292
3 3 11 0.0037716020708753913
1 1 12 0.0018913054953749186
1 2 12 0.0022254108077023322
1 3 12 0.0025750184802612193
2 1 12 0.0019659550173599352
2 2 12 0.002801690971759831
2 3 12 0.0023885920099954764
3 1 12 0.0024337068733071387
3 2 12 0.004171930816702923
3 3 12 0.003904808298125881
1 1 13 0.0019970404472737452
1 2 13 0.0026835196809491314
1 3 13 0.002701424754477015
2 1 13 0.002237863580142955
2 2 13 0.0025128296046339343
2 3 13 0.0027157062472007894
3 1 13 0.003082147786570677
3 2 13 0.004079282212013092
3 3 13 0.0036748246816596815
1 1 14 0.0019289170603181266
1 2 14 0.002960962859688455
1 3 14 0.0023669726812403434
2 1 14 0.0019518353366334076
2 2 14 0.0029134286677003555
2 3 14 0.002386904946463905
3 1 14 0.003834943433006011
3 2 14 0.0031070399304605344
3 3 14 0.0029794631090377032
1 1 15 0.0027299808086698168
1 2 15 0.002677530163867691
1 3 15 0.0021540657934810237
2 1 15 0.0024657776064431567
2 2 15 0.0028242339349092522
2 3 15 0.002067349186296718
3 1 15 0.0030453725061981548
3 2 15 0.0031381334065985174
3 3 15 0.0025579483392158798
1 1 16 0.0022945120936688538
1 2 16 0.002033105348887526
1 3 16 0.0030677322685184333
2 1 16 0.0027510113981920273
2 2 16 0.0021800733609360816
2 3 16 0.0026366260556286965
3 1 16 0.002672145070924048
3 2 16 0.0040116001180709885
3 3 16 0.00295619087122865
1 1 17 0.0020279189359532095
1 2 17 0.0033151385588031184
1 3 17 0.0022252103174403475
2 1 17 0.001823817997455434
2 2 17 0.0026575001919599776
2 3 17 0.003189709663899926
3 1 17 0.002785777335115176
3 2 17 0.003725788635681809
3 3 17 0.003976626737462679
1 1 18 0.002188231332234063
1 2 18 0.0026378357024459493
1 3 18 0.0030120356944976024
2 1 18 0.001825033382644069
2 2 18 0.003743344028247325
2 3 18 0.0019982969866885842
3 1 18 0.0028236570633920054
3 2 18 0.0034396984811246234
3 3 18 0.005158423283463261
1 1 19 0.0020699474395979903
1 2 19 0.002664580190536656
1 3 19 0.003248592337170581
2 1 19 0.002203217730157135
2 2 19 0.0025731937294735307
2 3 19 0.003172592159742111
3 1 19 0.0024229316541154915
3 2 19 0.004230669845691622
3 3 19 0.0030088213519214157
1 1 20 0.0018765592765962948
1 2 20 0.0030002909495194267
1 3 20 0.0022021395291425354
2 1 20 0.00217186202390359
2 2 20 0.0023516109015839144
2 3 20 0.00223766200713067
3 1 20 0.0027631451744141696
3 2 20 0.0033831217090236365
3 3 20 0.0024720095421220632
