W: 3.4000000000000004
num_iter: 0
[-0.92424136 -0.92424136 -0.90144144 -0.90144144 -0.8736012  -0.8736012
 -0.84123777 -0.84123777 -0.80499991 -0.80499991 -0.76356633 -0.76356633
 -0.71723828 -0.71723828 -0.66717796 -0.66717796 -0.61163376 -0.61163376
 -0.55013839 -0.55013839 -0.48341673 -0.48341673 -0.41145457 -0.41145457
 -0.33209205 -0.33209205 -0.2467876  -0.2467876  -0.15498942 -0.15498942
 -0.05042243 -0.05042243  0.05043201  0.05043201  0.15497784  0.15497784
  0.24678865  0.24678865  0.33209199  0.33209199  0.41145159  0.41145159
  0.48341814  0.48341814  0.55014188  0.55014188  0.61163394  0.61163394
  0.66717334  0.66717334  0.71724167  0.71724167  0.76356732  0.76356732
  0.80500019  0.80500019  0.84124271  0.84124271  0.87360224  0.87360224
  0.90143822  0.90143822  0.92423745  0.92423745]
localization_length: 1.2395277405347762
1.2447264071302746
W_list: [3.4000000000000004]
L_list: [19.915622514084394]
