W: 2.8
num_iter: 0
[-0.76203167 -0.76203167 -0.71488123 -0.71488123 -0.64920232 -0.64920232
 -0.56858476 -0.56858476 -0.47134066 -0.47134066 -0.35478387 -0.35478387
 -0.21734862 -0.21734862 -0.05520991 -0.05520991  0.05521155  0.05521155
  0.21734651  0.21734651  0.35478718  0.35478718  0.47134182  0.47134182
  0.56858738  0.56858738  0.64919507  0.64919507  0.71488105  0.71488105
  0.76203246  0.76203246]
localization_length: 2.2640863898122063
2.296989849293866
W_list: [2.8]
L_list: [18.375918794350927]
