Norm difference: 1.0
Norm difference: 1.0
1 1
1 2
1 3
2 1
2 2
2 3
3 1
3 2
3 3
1 1
1 2
1 3
2 1
2 2
2 3
3 1
3 2
3 3
1 1
1 2
1 3
2 1
2 2
2 3
3 1
3 2
3 3
1 1
1 2
1 3
2 1
2 2
2 3
3 1
3 2
3 3
1 1
1 2
1 3
2 1
2 2
2 3
3 1
3 2
3 3
1 1
1 2
1 3
2 1
2 2
2 3
3 1
3 2
3 3
1 1
1 2
1 3
2 1
2 2
2 3
3 1
3 2
3 3
1 1
1 2
1 3
2 1
2 2
2 3
3 1
3 2
3 3
1 1
1 2
1 3
2 1
2 2
2 3
3 1
3 2
3 3
1 1
1 2
1 3
2 1
2 2
2 3
3 1
3 2
3 3
1 1
1 2
1 3
2 1
2 2
2 3
3 1
3 2
3 3
1 1
1 2
1 3
2 1
2 2
2 3
3 1
3 2
3 3
1 1
1 2
1 3
2 1
2 2
2 3
3 1
3 2
3 3
1 1
1 2
1 3
2 1
2 2
2 3
3 1
3 2
3 3
1 1
1 2
1 3
2 1
2 2
2 3
3 1
3 2
3 3
1 1
1 2
1 3
2 1
2 2
2 3
3 1
3 2
3 3
1 1
1 2
1 3
2 1
2 2
2 3
3 1
3 2
3 3
1 1
1 2
1 3
2 1
2 2
2 3
3 1
3 2
3 3
1 1
1 2
1 3
2 1
2 2
2 3
3 1
3 2
3 3
1 1
1 2
1 3
2 1
2 2
2 3
3 1
3 2
3 3
1 1 1 0.00645151211206918
1 2 1 0.003836896820273357
1 3 1 0.007189870655016989
2 1 1 0.003784468537387177
2 2 1 0.0031819312750157925
2 3 1 0.004786491381967841
3 1 1 0.005015917597433431
3 2 1 0.005178839709561172
3 3 1 0.004704255126386077
1 1 2 0.0038962308479431156
1 2 2 0.0055561873869793615
1 3 2 0.006386744477936931
2 1 2 0.0039054040233932608
2 2 2 0.003880216066721843
2 3 2 0.005696925501987115
3 1 2 0.0031699108065446715
3 2 2 0.003695156640115853
3 3 2 0.006541045683784437
1 1 3 0.0047891363918398655
1 2 3 0.0031512864461433836
1 3 3 0.00395202190261253
2 1 3 0.003621518166687993
2 2 3 0.0027952673968136966
2 3 3 0.003195859638762405
3 1 3 0.004921527956431413
3 2 3 0.003328779263915191
3 3 3 0.004913029615280673
1 1 4 0.004877172351599334
1 2 4 0.0037315541691821537
1 3 4 0.00580060277761463
2 1 4 0.00383329520757864
2 2 4 0.0033549931559699988
2 3 4 0.0043180617430960385
3 1 4 0.005042534512271374
3 2 4 0.004084909187599708
3 3 4 0.003966918087546239
1 1 5 0.003878046280445832
1 2 5 0.0037148568130339803
1 3 5 0.0039470199188299795
2 1 5 0.003465157410986054
2 2 5 0.002764063175050399
2 3 5 0.0029001720622173818
3 1 5 0.005563291535968055
3 2 5 0.002886641592151518
3 3 5 0.003455105669487919
1 1 6 0.002539757308962706
1 2 6 0.004092509658964953
1 3 6 0.003848604219427205
2 1 6 0.0042707062632775464
2 2 6 0.003484192369407272
2 3 6 0.0033574398902364968
3 1 6 0.0052992774736414765
3 2 6 0.0023328270868012238
3 3 6 0.0027014593273267723
1 1 7 0.005068360317287626
1 2 7 0.003516400922959332
1 3 7 0.003181566450582819
2 1 7 0.004139469209836373
2 2 7 0.0022833620163876752
2 3 7 0.003176145262650791
3 1 7 0.004663969365468819
3 2 7 0.0033903189600567067
3 3 7 0.004157885675896534
1 1 8 0.007101782542064877
1 2 8 0.003390366728865985
1 3 8 0.004438032653437093
2 1 8 0.0044924446123688466
2 2 8 0.0031348903586317966
2 3 8 0.0032036850461149265
3 1 8 0.003339119644184161
3 2 8 0.0028555318071217016
3 3 8 0.004246295622176156
1 1 9 0.005570659929624659
1 2 9 0.0028407186190254155
1 3 9 0.00407458662464037
2 1 9 0.00353332618690613
2 2 9 0.0026582341909376587
2 3 9 0.0025436778835177636
3 1 9 0.0027097646711724
3 2 9 0.0028581332788313128
3 3 9 0.0031545972620103994
1 1 10 0.003490844593003313
1 2 10 0.003077646630235069
1 3 10 0.002624380292461622
2 1 10 0.002428028786549934
2 2 10 0.0022649950450423645
2 3 10 0.002239816942965861
3 1 10 0.002291208410139977
3 2 10 0.0038366790515694123
3 3 10 0.002843565218127087
1 1 11 0.0034550136410250515
1 2 11 0.00334120968101604
1 3 11 0.0025289321382404584
2 1 11 0.0025925958887944153
2 2 11 0.0019654266909482345
2 3 11 0.0019157576460211631
3 1 11 0.003492750429838211
3 2 11 0.002020377757634842
3 3 11 0.0023578674093376723
1 1 12 0.0027090427678361103
1 2 12 0.002629674613194335
1 3 12 0.0034082804355718053
2 1 12 0.002197654591110346
2 2 12 0.0022068484807817117
2 3 12 0.0018916161550943482
3 1 12 0.0026333007495900973
3 2 12 0.002479435316171231
3 3 12 0.001974281466582582
1 1 13 0.00221969823836978
1 2 13 0.002961629394676744
1 3 13 0.003744362794143695
2 1 13 0.0020169596256411353
2 2 13 0.0014178016912921622
2 3 13 0.0020462227019859306
3 1 13 0.002478955931258816
3 2 13 0.003042190732469665
3 3 13 0.002499930793809434
1 1 14 0.002333749406783558
1 2 14 0.0025247624208787596
1 3 14 0.003261077913822787
2 1 14 0.001974973116400778
2 2 14 0.0021781594663941844
2 3 14 0.0016416632572825375
3 1 14 0.0032011659170769675
3 2 14 0.003139516667488321
3 3 14 0.0028235417779044793
1 1 15 0.002457876069331277
1 2 15 0.0030222889459327077
1 3 15 0.0020211138249706523
2 1 15 0.0023972581279657307
2 2 15 0.0012053155617497639
2 3 15 0.001583943822371253
3 1 15 0.0021011051458930743
3 2 15 0.002325425647729764
3 3 15 0.0020025252663431426
1 1 16 0.0032571139622406065
1 2 16 0.0029633116048015046
1 3 16 0.0017710545267096585
2 1 16 0.0014070156779198034
2 2 16 0.0013970631020391471
2 3 16 0.0017741250915767875
3 1 16 0.0025101860143112546
3 2 16 0.003138462102818201
3 3 16 0.002473689913432821
1 1 17 0.0039128275075618595
1 2 17 0.0020478643347694456
1 3 17 0.0019312737081070882
2 1 17 0.0019521934377813098
2 2 17 0.0018169892771139555
2 3 17 0.001382467976132063
3 1 17 0.0029549276335964036
3 2 17 0.002147532143311546
3 3 17 0.002250381653938426
1 1 18 0.0025997285601850654
1 2 18 0.0022665198273980414
1 3 18 0.0019256795151842113
2 1 18 0.0022119320499403667
2 2 18 0.0017517504463482373
2 3 18 0.002126706520904187
3 1 18 0.0027379781902131224
3 2 18 0.002254374844153283
3 3 18 0.0025601643071801383
1 1 19 0.002935053772265267
1 2 19 0.0029629805068470748
1 3 19 0.0019012643299021372
2 1 19 0.0021288575467347704
2 2 19 0.0015685937584232275
2 3 19 0.0013032242167280198
3 1 19 0.0027148119863748934
3 2 19 0.0034710074299827754
3 3 19 0.001887338720942503
1 1 20 0.0030646924559195703
1 2 20 0.0025233611145244264
1 3 20 0.0017927875708491023
2 1 20 0.002384794376654069
2 2 20 0.0017808181971293532
2 3 20 0.0017952323407031665
3 1 20 0.0040603090905975345
3 2 20 0.002040096929365769
3 3 20 0.0021272764936764222
