[-2.41421356 -1.         -1.         -0.41421356  0.41421356  1.
  1.          2.41421356]
W: 2.4
num_iter: 0
[-0.5830631  -0.43472021 -0.28186234 -0.14053389  0.14053723  0.28185973
  0.43471971  0.58306287]
localization_length: 1.7789303438368955
1.7691947477089638
num_iter: 1
[-0.58401429 -0.43511496 -0.28092915 -0.14072479  0.1407236   0.28091586
  0.435124    0.58401972]
localization_length: 1.7765320985477329
1.783812199456164
num_iter: 2
[-0.58472858 -0.43516394 -0.28123942 -0.13859061  0.13859647  0.28124092
  0.43515224  0.58473293]
localization_length: 1.80387395690732
1.8139354466901176
W_list: [2.4]
L_list: [1.7889807979517482]
[-2.41421356 -1.         -1.         -0.41421356  0.41421356  1.
  1.          2.41421356]
W: 2.4
num_iter: 0
[-0.585076   -0.43415573 -0.28145853 -0.13963421  0.13965349  0.28144378
  0.43416098  0.58506622]
localization_length: 1.7903921885513288
1.789857795668626
num_iter: 1
[-0.58381812 -0.4346498  -0.28098383 -0.14024126  0.14023815  0.2809821
  0.43465757  0.58381519]
localization_length: 1.7826817607850562
1.7746760692130072
num_iter: 2
[-0.58471471 -0.43525439 -0.28188801 -0.13991837  0.13991699  0.28189643
  0.43524769  0.58471436]
localization_length: 1.786773661051682
1.798631338582725
W_list: [2.4]
L_list: [1.7877217344881196]
