Norm difference: 0.9999999999999999
Norm difference: 1.0
1 1
1 2
1 3
2 1
2 2
2 3
3 1
3 2
3 3
1 1
1 2
1 3
2 1
2 2
2 3
3 1
3 2
3 3
1 1
1 2
1 3
2 1
2 2
2 3
3 1
3 2
3 3
1 1
1 2
1 3
2 1
2 2
2 3
3 1
3 2
3 3
1 1
1 2
1 3
2 1
2 2
2 3
3 1
3 2
3 3
1 1
1 2
1 3
2 1
2 2
2 3
3 1
3 2
3 3
1 1
1 2
1 3
2 1
2 2
2 3
3 1
3 2
3 3
1 1
1 2
1 3
2 1
2 2
2 3
3 1
3 2
3 3
1 1
1 2
1 3
2 1
2 2
2 3
3 1
3 2
3 3
1 1
1 2
1 3
2 1
2 2
2 3
3 1
3 2
3 3
1 1
1 2
1 3
2 1
2 2
2 3
3 1
3 2
3 3
1 1
1 2
1 3
2 1
2 2
2 3
3 1
3 2
3 3
1 1
1 2
1 3
2 1
2 2
2 3
3 1
3 2
3 3
1 1
1 2
1 3
2 1
2 2
2 3
3 1
3 2
3 3
1 1
1 2
1 3
2 1
2 2
2 3
3 1
3 2
3 3
1 1
1 2
1 3
2 1
2 2
2 3
3 1
3 2
3 3
1 1
1 2
1 3
2 1
2 2
2 3
3 1
3 2
3 3
1 1
1 2
1 3
2 1
2 2
2 3
3 1
3 2
3 3
1 1
1 2
1 3
2 1
2 2
2 3
3 1
3 2
3 3
1 1
1 2
1 3
2 1
2 2
2 3
3 1
3 2
3 3
1 1 1 0.02337383393335351
1 2 1 0.019516631284230937
1 3 1 0.021074009006812423
2 1 1 0.01772549852027104
2 2 1 0.016404969854116942
2 3 1 0.012625780251868024
3 1 1 0.021726644625652047
3 2 1 0.009019445549300502
3 3 1 0.012234683308507407
1 1 2 0.02612093972515913
1 2 2 0.01505589993436352
1 3 2 0.01579841186152461
2 1 2 0.016144259463027985
2 2 2 0.011051726818605076
2 3 2 0.014290656099768494
3 1 2 0.016614914947655553
3 2 2 0.016406111373829104
3 3 2 0.0139365186468213
1 1 3 0.021264716163604112
1 2 3 0.016266148834335876
1 3 3 0.015042071943877532
2 1 3 0.015727499233102644
2 2 3 0.014602985921246725
2 3 3 0.013151498821782232
3 1 3 0.00957234632414009
3 2 3 0.014476541627358785
3 3 3 0.018223746601819475
1 1 4 0.019755875188117566
1 2 4 0.017308555792139208
1 3 4 0.01801804602904696
2 1 4 0.01569176389251333
2 2 4 0.014574106931151376
2 3 4 0.010116704576478543
3 1 4 0.014413626268881296
3 2 4 0.008417204733104405
3 3 4 0.018995651663527062
1 1 5 0.019507726439734946
1 2 5 0.009877279370591671
1 3 5 0.015737899970415185
2 1 5 0.013331779564176569
2 2 5 0.008474609843966207
2 3 5 0.011000054893010243
3 1 5 0.017429195798102724
3 2 5 0.011141009729945587
3 3 5 0.013641252973824158
1 1 6 0.01705085726153971
1 2 6 0.01653413184933369
1 3 6 0.012490755050230172
2 1 6 0.0165817959502947
2 2 6 0.00773283262047271
2 3 6 0.01642297635414833
3 1 6 0.01815948745835005
3 2 6 0.010375337915382903
3 3 6 0.0135697834794474
1 1 7 0.01768215342753691
1 2 7 0.013802080577979017
1 3 7 0.01573553075334174
2 1 7 0.012198526449013493
2 2 7 0.011117223746864368
2 3 7 0.011268047997916825
3 1 7 0.013023776404467358
3 2 7 0.010822870338402634
3 3 7 0.01019651739196632
1 1 8 0.015941383703418327
1 2 8 0.011261945464533945
1 3 8 0.012533534912017964
2 1 8 0.008790826457139418
2 2 8 0.010046295287599837
2 3 8 0.008600905899987094
3 1 8 0.013722352565518018
3 2 8 0.008459701732435269
3 3 8 0.01306500187695713
1 1 9 0.016842563047691456
1 2 9 0.012662782611516548
1 3 9 0.010386436809612355
2 1 9 0.009990610866337204
2 2 9 0.007207584028876871
2 3 9 0.011668208610452221
3 1 9 0.012831205202386179
3 2 9 0.009313339736668997
3 3 9 0.008570793719966706
1 1 10 0.0171445362873162
1 2 10 0.010941680198265122
1 3 10 0.0114238338917353
2 1 10 0.012128597752188428
2 2 10 0.00640739146975375
2 3 10 0.01130244105688569
3 1 10 0.009433970305774631
3 2 10 0.009999115807107054
3 3 10 0.008760773863540816
1 1 11 0.012280785353309332
1 2 11 0.011065911731695296
1 3 11 0.014200091982437865
2 1 11 0.01067138767342025
2 2 11 0.005897646706704376
2 3 11 0.004729440873615811
3 1 11 0.00837839318068752
3 2 11 0.008457780666734933
3 3 11 0.008969239806555304
1 1 12 0.012217437369297845
1 2 12 0.009990496574196645
1 3 12 0.012849751438841251
2 1 12 0.00864564373000035
2 2 12 0.005356868929508847
2 3 12 0.007001358340987238
3 1 12 0.009325426771555866
3 2 12 0.006802704404851996
3 3 12 0.008822790234156474
1 1 13 0.010591893323680232
1 2 13 0.007492233927470941
1 3 13 0.009727795862551585
2 1 13 0.008758938123290793
2 2 13 0.005317673939935481
2 3 13 0.009151143766980086
3 1 13 0.007431409903708969
3 2 13 0.006687135948504114
3 3 13 0.005451470550607259
1 1 14 0.011766381258927844
1 2 14 0.006910312155641136
1 3 14 0.009706791853323895
2 1 14 0.005938688479941861
2 2 14 0.003540462085287458
2 3 14 0.0057289455365603864
3 1 14 0.007319846450784715
3 2 14 0.004859967097417549
3 3 14 0.006680413656603596
1 1 15 0.00959920478322624
1 2 15 0.0048886375081452485
1 3 15 0.007875210232998966
2 1 15 0.0089513136682683
2 2 15 0.003786626802392952
2 3 15 0.006023437041772868
3 1 15 0.006494652113427188
3 2 15 0.005119669052004007
3 3 15 0.005817600203223051
1 1 16 0.009570878809162044
1 2 16 0.003855843887230089
1 3 16 0.008421101044392806
2 1 16 0.006488307100198919
2 2 16 0.004726381059346839
2 3 16 0.005997559334058142
3 1 16 0.004729428437419442
3 2 16 0.0033301086183899196
3 3 16 0.0058880032185976115
1 1 17 0.008767670880052413
1 2 17 0.006296860583620338
1 3 17 0.0077446916937416056
2 1 17 0.004714577101762016
2 2 17 0.0024126661884303776
2 3 17 0.005545659836514245
3 1 17 0.006089244542193966
3 2 17 0.003554552743888187
3 3 17 0.005289730061829511
1 1 18 0.006014900119797862
1 2 18 0.004291660354696737
1 3 18 0.007193671374591511
2 1 18 0.004896260585419572
2 2 18 0.002825131710235124
2 3 18 0.005648014879785662
3 1 18 0.004422911493350362
3 2 18 0.003028298864331549
3 3 18 0.0035414081976569375
1 1 19 0.006685314880803312
1 2 19 0.004812577335969041
1 3 19 0.007228214119003056
2 1 19 0.005444261557756501
2 2 19 0.0028106955125882416
2 3 19 0.005098948345315069
3 1 19 0.0033373996302410334
3 2 19 0.002500715005670225
3 3 19 0.003620357548569277
1 1 20 0.0047888902310939075
1 2 20 0.003783436103403348
1 3 20 0.005947944627855481
2 1 20 0.002925319960353324
2 2 20 0.0026769656898845457
2 3 20 0.0034315093796160904
3 1 20 0.004050808249869892
3 2 20 0.0023556259786597215
3 3 20 0.0036319431900748234
