W: 3.8
num_iter: 0
[-0.94705025 -0.94705025 -0.93745622 -0.93745622 -0.92729368 -0.92729368
 -0.91616555 -0.91616555 -0.90334264 -0.90334264 -0.88957385 -0.88957385
 -0.87485568 -0.87485568 -0.8589968  -0.8589968  -0.84221897 -0.84221897
 -0.82436244 -0.82436244 -0.80490463 -0.80490463 -0.7845093  -0.7845093
 -0.76319527 -0.76319527 -0.74024337 -0.74024337 -0.71636187 -0.71636187
 -0.69095928 -0.69095928 -0.66366017 -0.66366017 -0.6356716  -0.6356716
 -0.60598149 -0.60598149 -0.57397427 -0.57397427 -0.54043266 -0.54043266
 -0.50574779 -0.50574779 -0.46862308 -0.46862308 -0.43004697 -0.43004697
 -0.38898398 -0.38898398 -0.34597506 -0.34597506 -0.30138139 -0.30138139
 -0.25479633 -0.25479633 -0.20612986 -0.20612986 -0.15586611 -0.15586611
 -0.10187862 -0.10187862 -0.04096779 -0.04096779  0.04096672  0.04096672
  0.1018795   0.1018795   0.15586671  0.15586671  0.20613511  0.20613511
  0.25479815  0.25479815  0.30138264  0.30138264  0.34596908  0.34596908
  0.38897931  0.38897931  0.43004348  0.43004348  0.46862265  0.46862265
  0.50575216  0.50575216  0.54043044  0.54043044  0.57397683  0.57397683
  0.60598575  0.60598575  0.63566636  0.63566636  0.66365507  0.66365507
  0.69095804  0.69095804  0.71636571  0.71636571  0.74024508  0.74024508
  0.76319348  0.76319348  0.78450851  0.78450851  0.80490634  0.80490634
  0.82435608  0.82435608  0.84222103  0.84222103  0.8589952   0.8589952
  0.87485913  0.87485913  0.88957554  0.88957554  0.90334562  0.90334562
  0.91617307  0.91617307  0.92728979  0.92728979  0.93745539  0.93745539
  0.94704905  0.94704905]
localization_length: 0.7628143649903658
0.7724522273619662
W_list: [3.8]
L_list: [24.718471275582917]
