Norm difference: 1.0
Norm difference: 1.0
1 1
1 2
1 3
2 1
2 2
2 3
3 1
3 2
3 3
1 1
1 2
1 3
2 1
2 2
2 3
3 1
3 2
3 3
1 1
1 2
1 3
2 1
2 2
2 3
3 1
3 2
3 3
1 1
1 2
1 3
2 1
2 2
2 3
3 1
3 2
3 3
1 1
1 2
1 3
2 1
2 2
2 3
3 1
3 2
3 3
1 1
1 2
1 3
2 1
2 2
2 3
3 1
3 2
3 3
1 1
1 2
1 3
2 1
2 2
2 3
3 1
3 2
3 3
1 1
1 2
1 3
2 1
2 2
2 3
3 1
3 2
3 3
1 1
1 2
1 3
2 1
2 2
2 3
3 1
3 2
3 3
1 1
1 2
1 3
2 1
2 2
2 3
3 1
3 2
3 3
1 1
1 2
1 3
2 1
2 2
2 3
3 1
3 2
3 3
1 1
1 2
1 3
2 1
2 2
2 3
3 1
3 2
3 3
1 1
1 2
1 3
2 1
2 2
2 3
3 1
3 2
3 3
1 1
1 2
1 3
2 1
2 2
2 3
3 1
3 2
3 3
1 1
1 2
1 3
2 1
2 2
2 3
3 1
3 2
3 3
1 1
1 2
1 3
2 1
2 2
2 3
3 1
3 2
3 3
1 1
1 2
1 3
2 1
2 2
2 3
3 1
3 2
3 3
1 1
1 2
1 3
2 1
2 2
2 3
3 1
3 2
3 3
1 1
1 2
1 3
2 1
2 2
2 3
3 1
3 2
3 3
1 1
1 2
1 3
2 1
2 2
2 3
3 1
3 2
3 3
1 1 1 0.015174711056745546
1 2 1 0.01974080192885589
1 3 1 0.016484669407920257
2 1 1 0.026291031705728263
2 2 1 0.01683493799638782
2 3 1 0.02212986326051995
3 1 1 0.019377457045159762
3 2 1 0.023332536573029725
3 3 1 0.020860106631182516
1 1 2 0.019074519637016524
1 2 2 0.01824838294275022
1 3 2 0.014104598392978335
2 1 2 0.016663958561990252
2 2 2 0.020838394802592315
2 3 2 0.018480535261645982
3 1 2 0.02025850412890788
3 2 2 0.017826741195439137
3 3 2 0.019044236262807043
1 1 3 0.013159139042482022
1 2 3 0.016170590055928545
1 3 3 0.018678308163165364
2 1 3 0.014562816378441151
2 2 3 0.017687774258365804
2 3 3 0.016305571876188946
3 1 3 0.015747618074156422
3 2 3 0.017873119007526937
3 3 3 0.01642749766632825
1 1 4 0.012063038229555848
1 2 4 0.01485392537887747
1 3 4 0.019559254941067833
2 1 4 0.012487233298900464
2 2 4 0.014223115293567989
2 3 4 0.016827208699644998
3 1 4 0.01297667272452541
3 2 4 0.01656373929322376
3 3 4 0.015585361383600999
1 1 5 0.012825097687649084
1 2 5 0.012936815354047376
1 3 5 0.016012005831477123
2 1 5 0.012002889600950513
2 2 5 0.014565942874225326
2 3 5 0.017628015203738738
3 1 5 0.011472838029691092
3 2 5 0.01303501344810842
3 3 5 0.016866306257626612
1 1 6 0.008085973909440174
1 2 6 0.011160476094746945
1 3 6 0.012642562808857876
2 1 6 0.01772902157375111
2 2 6 0.01116309542762341
2 3 6 0.015230232296435206
3 1 6 0.007922929003529375
3 2 6 0.012113476513152668
3 3 6 0.016464526556093893
1 1 7 0.013769131467028267
1 2 7 0.011007072767391827
1 3 7 0.01021408161347483
2 1 7 0.009153280133732436
2 2 7 0.011053108360242595
2 3 7 0.014260616583922442
3 1 7 0.012192613417552668
3 2 7 0.010709124244423001
3 3 7 0.011811553129480032
1 1 8 0.011734422679755776
1 2 8 0.00846546716570245
1 3 8 0.010202189460295077
2 1 8 0.011717571791876434
2 2 8 0.013785299409399493
2 3 8 0.012129993580079436
3 1 8 0.011463690884369623
3 2 8 0.007526483734573772
3 3 8 0.010398210915896332
1 1 9 0.006968104892081781
1 2 9 0.009910483639127703
1 3 9 0.012260741587921417
2 1 9 0.011860633694146288
2 2 9 0.009409206458979979
2 3 9 0.011001494741694687
3 1 9 0.008532130099851895
3 2 9 0.010217260220200853
3 3 9 0.010539524369061842
1 1 10 0.006222672518784518
1 2 10 0.009455479270195067
1 3 10 0.010221571672272087
2 1 10 0.006888094580161569
2 2 10 0.00971732005032109
2 3 10 0.013523703042214827
3 1 10 0.00893368180382131
3 2 10 0.009884469527055354
3 3 10 0.009054626607569592
1 1 11 0.005646611550869101
1 2 11 0.005996679580838141
1 3 11 0.008950774336010795
2 1 11 0.005068060208784414
2 2 11 0.01082931916812337
2 3 11 0.010740339376142768
3 1 11 0.00672401029586098
3 2 11 0.00765052278737897
3 3 11 0.010557709729922458
1 1 12 0.0041667283188691175
1 2 12 0.006524064293215709
1 3 12 0.006658406377943818
2 1 12 0.004213197721595529
2 2 12 0.006050285545687656
2 3 12 0.008415148624715315
3 1 12 0.005082947473512218
3 2 12 0.007554569640466283
3 3 12 0.010280399680037234
1 1 13 0.0030459588550578332
1 2 13 0.005373847085800337
1 3 13 0.005277111446756612
2 1 13 0.004880186562332793
2 2 13 0.006573021280990361
2 3 13 0.007259323395357004
3 1 13 0.0037385953666392016
3 2 13 0.0062860376288219316
3 3 13 0.00735456907313114
1 1 14 0.0031253155511730803
1 2 14 0.004193879289034072
1 3 14 0.005255143700847716
2 1 14 0.003785060850277748
2 2 14 0.004583480849889796
2 3 14 0.005861893897158489
3 1 14 0.0039506141782901984
3 2 14 0.005159090078024616
3 3 14 0.00659969079488736
1 1 15 0.0038417390711861536
1 2 15 0.0042824038746016434
1 3 15 0.004363721573620166
2 1 15 0.0032593464667261506
2 2 15 0.004598377385933863
2 3 15 0.005084107056135273
3 1 15 0.004459679820445205
3 2 15 0.004981232229543803
3 3 15 0.005562684708105247
1 1 16 0.0026852796396445366
1 2 16 0.0030239759694501178
1 3 16 0.00481439341626347
2 1 16 0.004052106701186964
2 2 16 0.004002697526306521
2 3 16 0.004763262908471283
3 1 16 0.0035257035992116944
3 2 16 0.004921012406955147
3 3 16 0.0041509668463312055
1 1 17 0.002448001179844725
1 2 17 0.0024507069681888507
1 3 17 0.0035317788782887024
2 1 17 0.004102377015098861
2 2 17 0.0032229783345065766
2 3 17 0.004111663389064669
3 1 17 0.002930351054520542
3 2 17 0.004117816479628769
3 3 17 0.004468875835804852
1 1 18 0.003612645145974843
1 2 18 0.002624379646067743
1 3 18 0.003470196978172451
2 1 18 0.0029579312683711504
2 2 18 0.0032265183340618427
2 3 18 0.00331928417020878
3 1 18 0.0038414846588473183
3 2 18 0.00271581213043336
3 3 18 0.0043321204678938635
1 1 19 0.0034639327784431622
1 2 19 0.0028449455827342365
1 3 19 0.0030159468261068455
2 1 19 0.003126754305026504
2 2 19 0.003196440208225406
2 3 19 0.003460959467712396
3 1 19 0.0036353612847221765
3 2 19 0.002799539696859644
3 3 19 0.0033655312077162207
1 1 20 0.00267490959606853
1 2 20 0.004129263467678907
1 3 20 0.0029241602188677706
2 1 20 0.003910768454399316
2 2 20 0.0021939494814703846
2 3 20 0.0036733412214129527
3 1 20 0.0029951410217988967
3 2 20 0.003388035234438396
3 3 20 0.003000041019396515
