[-2.41421356 -1.         -1.         -0.41421356  0.41421356  1.
  1.          2.41421356]
W: 4.2
num_iter: 0
[-0.94517946 -0.88728541 -0.81957784 -0.73827774 -0.64481514 -0.53277874
 -0.40151566 -0.23621061  0.23621271  0.40151531  0.53277941  0.64479321
  0.73828201  0.81959939  0.88727525  0.9451833 ]
localization_length: 0.5291887617861109
0.5326365890385368
W_list: [4.2]
L_list: [0.5326365890385368]
[-2.41421356 -1.         -1.         -0.41421356  0.41421356  1.
  1.          2.41421356]
W: 4.2
num_iter: 0
[-0.94631733 -0.88874077 -0.82033873 -0.73910017 -0.64496867 -0.53514252
 -0.40121284 -0.23819706  0.23820102  0.40120855  0.53515443  0.64496685
  0.73909994  0.82032216  0.88873389  0.94633123]
localization_length: 0.5247755779402091
0.5242007467931615
W_list: [4.2]
L_list: [0.5242007467931615]
