W: 3.8
num_iter: 0
[-1.08999498 -1.08999498 -1.02546638 -1.02546638 -0.94010295 -0.94010295
 -0.83540483 -0.83540483 -0.70900856 -0.70900856 -0.55748987 -0.55748987
 -0.37528634 -0.37528634 -0.14611012 -0.14611012  0.14610976  0.14610976
  0.37528635  0.37528635  0.5574872   0.5574872   0.70901002  0.70901002
  0.83540389  0.83540389  0.94010727  0.94010727  1.02546705  1.02546705
  1.08999247  1.08999247]
localization_length: 0.8555212210816461
0.8585489769147804
W_list: [3.8]
L_list: [6.868391815318243]
