Norm difference: 1.0
Norm difference: 0.9999999999999999
1 1
1 2
2 1
2 2
1 1
1 2
2 1
2 2
1 1
1 2
2 1
2 2
1 1
1 2
2 1
2 2
1 1
1 2
2 1
2 2
1 1
1 2
2 1
2 2
1 1
1 2
2 1
2 2
1 1
1 2
2 1
2 2
1 1
1 2
2 1
2 2
1 1
1 2
2 1
2 2
1 1
1 2
2 1
2 2
1 1
1 2
2 1
2 2
1 1
1 2
2 1
2 2
1 1
1 2
2 1
2 2
1 1
1 2
2 1
2 2
1 1
1 2
2 1
2 2
1 1
1 2
2 1
2 2
1 1
1 2
2 1
2 2
1 1
1 2
2 1
2 2
1 1
1 2
2 1
2 2
1 1 1 0.006476423194421354
1 2 1 0.007630121890093214
2 1 1 0.009309064233900061
2 2 1 0.008367785795012364
1 1 2 0.006578971889451379
1 2 2 0.006334215067371238
2 1 2 0.006933830945837877
2 2 2 0.008899075873078447
1 1 3 0.003740949163280857
1 2 3 0.006001905846117573
2 1 3 0.006485019428603483
2 2 3 0.007658235350255555
1 1 4 0.004200785022714945
1 2 4 0.005146446892840955
2 1 4 0.004899697620173548
2 2 4 0.0056519790111998845
1 1 5 0.004258551779022557
1 2 5 0.0048612361932956535
2 1 5 0.005568218504579133
2 2 5 0.006146035626932911
1 1 6 0.003955936734636573
1 2 6 0.005098519424922396
2 1 6 0.003430060115648499
2 2 6 0.0053520300154088546
1 1 7 0.0044872020339230215
1 2 7 0.0038404904018742025
2 1 7 0.005533490935676227
2 2 7 0.004136607734351672
1 1 8 0.0036719745512433324
1 2 8 0.004079115860989075
2 1 8 0.005050743222130494
2 2 8 0.005253803770273156
1 1 9 0.0054676483656455905
1 2 9 0.003522559842485091
2 1 9 0.006293235667797751
2 2 9 0.0067654020953847715
1 1 10 0.004606350413671041
1 2 10 0.004970450033380674
2 1 10 0.004863556171540506
2 2 10 0.004900099699195923
1 1 11 0.004807083912295033
1 2 11 0.004678589393266722
2 1 11 0.005149939319242744
2 2 11 0.0056188054353692885
1 1 12 0.004393468812157574
1 2 12 0.005223136509697879
2 1 12 0.00655010881053793
2 2 12 0.004714687134591853
1 1 13 0.00430607601602014
1 2 13 0.0029585826237453513
2 1 13 0.004857535226959713
2 2 13 0.004401188288848749
1 1 14 0.005145726995315742
1 2 14 0.0038846736824554038
2 1 14 0.0053411812555084984
2 2 14 0.003850772723686043
1 1 15 0.0044681986299026175
1 2 15 0.003830313279078651
2 1 15 0.00443409935252593
2 2 15 0.003939657561896078
1 1 16 0.004162175568474575
1 2 16 0.0037298731962083958
2 1 16 0.005706771554563268
2 2 16 0.004581796059014192
1 1 17 0.004356367764954686
1 2 17 0.0036068539669206617
2 1 17 0.004045808174116478
2 2 17 0.002406606837829669
1 1 18 0.004055157111412817
1 2 18 0.002229106730528423
2 1 18 0.004062157132904931
2 2 18 0.0038049745653536216
1 1 19 0.0035591699421671464
1 2 19 0.002612464343737149
2 1 19 0.0038642673728831963
2 2 19 0.0026417636294092015
1 1 20 0.002821290289277904
1 2 20 0.002461629037244831
2 1 20 0.0032212716012862373
2 2 20 0.0028046306030610627
