W: 2.2
num_iter: 0
[-0.73622688 -0.73622688 -0.72763707 -0.72763707 -0.7175479  -0.7175479
 -0.70593507 -0.70593507 -0.6929178  -0.6929178  -0.67842003 -0.67842003
 -0.66297219 -0.66297219 -0.64596758 -0.64596758 -0.62820285 -0.62820285
 -0.60915788 -0.60915788 -0.58915236 -0.58915236 -0.56827925 -0.56827925
 -0.54689495 -0.54689495 -0.52458839 -0.52458839 -0.50111843 -0.50111843
 -0.47703636 -0.47703636 -0.45252846 -0.45252846 -0.42709202 -0.42709202
 -0.40131076 -0.40131076 -0.37402119 -0.37402119 -0.34673467 -0.34673467
 -0.31825893 -0.31825893 -0.28944593 -0.28944593 -0.259381   -0.259381
 -0.22900348 -0.22900348 -0.19815162 -0.19815162 -0.16642452 -0.16642452
 -0.13433229 -0.13433229 -0.10272859 -0.10272859 -0.07120613 -0.07120613
 -0.03949521 -0.03949521 -0.00813293 -0.00813293  0.00813149  0.00813149
  0.03949903  0.03949903  0.07120746  0.07120746  0.10272867  0.10272867
  0.13433777  0.13433777  0.16642193  0.16642193  0.19815253  0.19815253
  0.22900447  0.22900447  0.25938146  0.25938146  0.28944899  0.28944899
  0.31825581  0.31825581  0.34672879  0.34672879  0.37402304  0.37402304
  0.40130857  0.40130857  0.42709345  0.42709345  0.45252962  0.45252962
  0.47703184  0.47703184  0.50111925  0.50111925  0.52458824  0.52458824
  0.54688947  0.54688947  0.56828035  0.56828035  0.58915374  0.58915374
  0.60915513  0.60915513  0.62820538  0.62820538  0.64596594  0.64596594
  0.6629736   0.6629736   0.67842073  0.67842073  0.69291904  0.69291904
  0.70593402  0.70593402  0.71754972  0.71754972  0.72763614  0.72763614
  0.73622705  0.73622705]
localization_length: 3.843085322339826
3.8153365711676965
W_list: [2.2]
L_list: [122.09077027736629]
