W: 3.4000000000000004
num_iter: 0
[-1.06221727 -1.06221727 -1.04950252 -1.04950252 -1.03580238 -1.03580238
 -1.02037288 -1.02037288 -1.00414146 -1.00414146 -0.98640473 -0.98640473
 -0.9673431  -0.9673431  -0.94719853 -0.94719853 -0.92538104 -0.92538104
 -0.9026168  -0.9026168  -0.87852253 -0.87852253 -0.85267121 -0.85267121
 -0.82604176 -0.82604176 -0.79779317 -0.79779317 -0.76837411 -0.76837411
 -0.73751169 -0.73751169 -0.70595537 -0.70595537 -0.67248719 -0.67248719
 -0.6379463  -0.6379463  -0.60184766 -0.60184766 -0.56450468 -0.56450468
 -0.52585111 -0.52585111 -0.48487703 -0.48487703 -0.44333443 -0.44333443
 -0.4001331  -0.4001331  -0.35531927 -0.35531927 -0.30855946 -0.30855946
 -0.26040768 -0.26040768 -0.21071078 -0.21071078 -0.15846117 -0.15846117
 -0.10449205 -0.10449205 -0.04217206 -0.04217206  0.04216895  0.04216895
  0.10449086  0.10449086  0.15845875  0.15845875  0.21070921  0.21070921
  0.26041101  0.26041101  0.30856533  0.30856533  0.35532155  0.35532155
  0.40013421  0.40013421  0.4433297   0.4433297   0.48487325  0.48487325
  0.52585326  0.52585326  0.56450735  0.56450735  0.60185258  0.60185258
  0.6379467   0.6379467   0.67248719  0.67248719  0.70595979  0.70595979
  0.73751799  0.73751799  0.76837349  0.76837349  0.79779645  0.79779645
  0.82604194  0.82604194  0.85266624  0.85266624  0.87851879  0.87851879
  0.90261115  0.90261115  0.92537913  0.92537913  0.94719824  0.94719824
  0.96733733  0.96733733  0.9864061   0.9864061   1.00413605  1.00413605
  1.02037646  1.02037646  1.03580624  1.03580624  1.04949833  1.04949833
  1.06222088  1.06222088]
localization_length: 0.7410666046321365
0.7473456663466066
W_list: [3.4000000000000004]
L_list: [23.91506132309141]
