C_list:
0.0006283509652643132 0.2149488794363893
C_list:
0.0006648874261757558 0.23492864669831723
C_list:
0.0006033154555981048 0.23987649364863173
C_list:
0.0006326285254876148 0.2671666030316844
C_list:
0.0006092474228438801 0.27309045880556393
C_list:
0.0006109219827170029 0.27684169359839067
ndim2: 60
W_list: [2.3, 2.4, 2.5, 2.5999999999999996, 2.6999999999999997, 2.8]
L_list: [4.652268960983042, 4.256611588471569, 4.168811978154009, 3.7429828004415877, 3.6617903253514403, 3.6121726716882545]
C_list:
0.0005710006692169976 0.15309952504407254
C_list:
0.0006168582842664828 0.1738157440022915
C_list:
0.0005447020586247834 0.1812209859430651
C_list:
0.0005246468391167525 0.18890393785511322
C_list:
0.0005550811238644821 0.20367507086827008
C_list:
0.0004935914584475667 0.20814777225591735
ndim2: 60
W_list: [2.3, 2.4, 2.5, 2.5999999999999996, 2.6999999999999997, 2.8]
L_list: [6.531698904435736, 5.753218764732938, 5.5181247072244375, 5.293695893025727, 4.909781033766106, 4.804279138623216]
C_list:
0.000509137772122212 0.13217819214810922
C_list:
0.0005317981252358861 0.14229076764529078
C_list:
0.0005059174928558853 0.14769182687842417
C_list:
0.0005361014732000011 0.16369704985900635
C_list:
0.0005048082231818631 0.17927292057840963
C_list:
0.0004820764185256484 0.1810198100639506
ndim2: 60
W_list: [2.3, 2.4, 2.5, 2.5999999999999996, 2.6999999999999997, 2.8]
L_list: [7.5655445406567, 7.0278628511784245, 6.770855375925253, 6.108845583114102, 5.578087291564061, 5.5242572602784215]
