W: 2.6
num_iter: 0
[-0.80032329 -0.80032329 -0.79114505 -0.79114505 -0.78063628 -0.78063628
 -0.76837716 -0.76837716 -0.75528488 -0.75528488 -0.7404653  -0.7404653
 -0.72461961 -0.72461961 -0.70761981 -0.70761981 -0.68955268 -0.68955268
 -0.67020873 -0.67020873 -0.6499846  -0.6499846  -0.62864692 -0.62864692
 -0.6063406  -0.6063406  -0.58278655 -0.58278655 -0.55875335 -0.55875335
 -0.53351833 -0.53351833 -0.50772938 -0.50772938 -0.48050474 -0.48050474
 -0.4526309  -0.4526309  -0.42380679 -0.42380679 -0.3939287  -0.3939287
 -0.36318638 -0.36318638 -0.33144972 -0.33144972 -0.29853464 -0.29853464
 -0.26480806 -0.26480806 -0.23014869 -0.23014869 -0.19502155 -0.19502155
 -0.15856662 -0.15856662 -0.12239578 -0.12239578 -0.08575494 -0.08575494
 -0.04934875 -0.04934875 -0.01148566 -0.01148566  0.01148147  0.01148147
  0.04935369  0.04935369  0.08574963  0.08574963  0.12240329  0.12240329
  0.15856741  0.15856741  0.1950259   0.1950259   0.23015899  0.23015899
  0.2648116   0.2648116   0.29854395  0.29854395  0.3314461   0.3314461
  0.36319045  0.36319045  0.39393056  0.39393056  0.42381015  0.42381015
  0.45263238  0.45263238  0.48050515  0.48050515  0.50773031  0.50773031
  0.53351762  0.53351762  0.55874805  0.55874805  0.58278981  0.58278981
  0.60633809  0.60633809  0.62864699  0.62864699  0.64997879  0.64997879
  0.67020344  0.67020344  0.68954138  0.68954138  0.70761569  0.70761569
  0.72461395  0.72461395  0.7404675   0.7404675   0.75528257  0.75528257
  0.76837668  0.76837668  0.78063629  0.78063629  0.7911458   0.7911458
  0.80032077  0.80032077]
localization_length: 2.7217760930282453
2.7603469089051815
W_list: [2.6]
L_list: [88.33110108496581]
