[-2.41421356 -1.         -1.         -0.41421356  0.41421356  1.
  1.          2.41421356]
W: 3.0
num_iter: 0
[-0.73387786 -0.70630423 -0.677648   -0.64590909 -0.61221838 -0.57619429
 -0.53770912 -0.49936419 -0.45733701 -0.41346687 -0.36764381 -0.31987086
 -0.26777726 -0.21358575 -0.15243186 -0.08405636  0.08405554  0.1524298
  0.21357409  0.26777498  0.31989182  0.36762935  0.4134557   0.45733579
  0.49936884  0.53771287  0.57619627  0.61222023  0.64590794  0.67765911
  0.70630088  0.73388172]
localization_length: 0.7435559486986643
0.7445379171372968
W_list: [3.0]
L_list: [0.7445379171372968]
[-2.41421356 -1.         -1.         -0.41421356  0.41421356  1.
  1.          2.41421356]
W: 3.0
num_iter: 0
[-0.73346393 -0.70621146 -0.67796743 -0.64599073 -0.61193285 -0.57643881
 -0.53828189 -0.49875968 -0.45702611 -0.41329692 -0.3666899  -0.31994469
 -0.26858993 -0.21261146 -0.15421853 -0.08370652  0.08370295  0.15423422
  0.21260047  0.26859463  0.31994729  0.36668248  0.41329777  0.45701936
  0.4987631   0.53827854  0.57644335  0.61193271  0.64598823  0.6779713
  0.70620998  0.73346445]
localization_length: 0.7466881487600819
0.7473900131591412
W_list: [3.0]
L_list: [0.7473900131591412]
