Norm difference: 1.0
Norm difference: 1.0
1 1
1 2
2 1
2 2
1 1
1 2
2 1
2 2
1 1
1 2
2 1
2 2
1 1
1 2
2 1
2 2
1 1
1 2
2 1
2 2
1 1
1 2
2 1
2 2
1 1
1 2
2 1
2 2
1 1
1 2
2 1
2 2
1 1
1 2
2 1
2 2
1 1
1 2
2 1
2 2
1 1
1 2
2 1
2 2
1 1
1 2
2 1
2 2
1 1
1 2
2 1
2 2
1 1
1 2
2 1
2 2
1 1
1 2
2 1
2 2
1 1
1 2
2 1
2 2
1 1
1 2
2 1
2 2
1 1
1 2
2 1
2 2
1 1
1 2
2 1
2 2
1 1
1 2
2 1
2 2
1 1 1 0.007331495511920969
1 2 1 0.0101651118411964
2 1 1 0.010097423995400518
2 2 1 0.011733499829791797
1 1 2 0.006102058670302496
1 2 2 0.0073818401733006965
2 1 2 0.0115801339328424
2 2 2 0.009394882225881451
1 1 3 0.00602637622440969
1 2 3 0.007538624869991101
2 1 3 0.009910933476282968
2 2 3 0.007752098640063638
1 1 4 0.005392204600590751
1 2 4 0.005365814751001796
2 1 4 0.007008886855541701
2 2 4 0.008668420112010434
1 1 5 0.006990814352962439
1 2 5 0.005513099191038735
2 1 5 0.004798273657103632
2 2 5 0.008868459737798016
1 1 6 0.0037078530037498595
1 2 6 0.006872194160406839
2 1 6 0.005771093941180131
2 2 6 0.008330690672493254
1 1 7 0.004600581556092093
1 2 7 0.006080025143763221
2 1 7 0.007419743404542499
2 2 7 0.0063227357912161814
1 1 8 0.005711537272553471
1 2 8 0.0043418503507403035
2 1 8 0.005708824309116106
2 2 8 0.0066952312246349776
1 1 9 0.003494826542412846
1 2 9 0.00456035588854694
2 1 9 0.004791002001812396
2 2 9 0.008011412953671384
1 1 10 0.003829080334957402
1 2 10 0.0025829158409841463
2 1 10 0.0056003053658931785
2 2 10 0.0063255957737713515
1 1 11 0.0025424926595287293
1 2 11 0.0025175818276868063
2 1 11 0.0057084899870140215
2 2 11 0.0029153280248249555
1 1 12 0.001739392476267771
1 2 12 0.0016563590028379892
2 1 12 0.0034716406401442378
2 2 12 0.0027665153417409474
1 1 13 0.0012159922014084899
1 2 13 0.0021441246134686646
2 1 13 0.0018596647936343594
2 2 13 0.0028814982363250794
1 1 14 0.001015981290758534
1 2 14 0.0009550136536285782
2 1 14 0.00168192871042444
2 2 14 0.0022311818644235207
1 1 15 0.0011441600200251677
1 2 15 0.0008855586403592331
2 1 15 0.001643864296664819
2 2 15 0.0016982179072882943
1 1 16 0.0008625721903499212
1 2 16 0.0006988423452248769
2 1 16 0.0013667890178186675
2 2 16 0.0015102643817138989
1 1 17 0.0008138098227895129
1 2 17 0.0006750849234219423
2 1 17 0.0012699475783106641
2 2 17 0.0006796417060936702
1 1 18 0.0006068668534819617
1 2 18 0.00044947252731535064
2 1 18 0.0011907105275578455
2 2 18 0.0006606066772212684
1 1 19 0.00035848170687372135
1 2 19 0.0004092706296933037
2 1 19 0.0008320219393528052
2 2 19 0.0008827645497267254
1 1 20 0.00034160551515012404
1 2 20 0.00024579822671274394
2 1 20 0.0005146161955429378
2 2 20 0.0006612883136630508
