Norm difference: 1.0
Norm difference: 1.0
1 1
1 2
1 3
2 1
2 2
2 3
3 1
3 2
3 3
1 1
1 2
1 3
2 1
2 2
2 3
3 1
3 2
3 3
1 1
1 2
1 3
2 1
2 2
2 3
3 1
3 2
3 3
1 1
1 2
1 3
2 1
2 2
2 3
3 1
3 2
3 3
1 1
1 2
1 3
2 1
2 2
2 3
3 1
3 2
3 3
1 1
1 2
1 3
2 1
2 2
2 3
3 1
3 2
3 3
1 1
1 2
1 3
2 1
2 2
2 3
3 1
3 2
3 3
1 1
1 2
1 3
2 1
2 2
2 3
3 1
3 2
3 3
1 1
1 2
1 3
2 1
2 2
2 3
3 1
3 2
3 3
1 1
1 2
1 3
2 1
2 2
2 3
3 1
3 2
3 3
1 1
1 2
1 3
2 1
2 2
2 3
3 1
3 2
3 3
1 1
1 2
1 3
2 1
2 2
2 3
3 1
3 2
3 3
1 1
1 2
1 3
2 1
2 2
2 3
3 1
3 2
3 3
1 1
1 2
1 3
2 1
2 2
2 3
3 1
3 2
3 3
1 1
1 2
1 3
2 1
2 2
2 3
3 1
3 2
3 3
1 1
1 2
1 3
2 1
2 2
2 3
3 1
3 2
3 3
1 1
1 2
1 3
2 1
2 2
2 3
3 1
3 2
3 3
1 1
1 2
1 3
2 1
2 2
2 3
3 1
3 2
3 3
1 1
1 2
1 3
2 1
2 2
2 3
3 1
3 2
3 3
1 1
1 2
1 3
2 1
2 2
2 3
3 1
3 2
3 3
1 1 1 0.002348162720257954
1 2 1 0.003197137450985825
1 3 1 0.0017274156703958351
2 1 1 0.003266742656765932
2 2 1 0.0020065381368310265
2 3 1 0.002626263438172456
3 1 1 0.0030719259076017807
3 2 1 0.0023207543463640763
3 3 1 0.0016755283920061286
1 1 2 0.002340142597106604
1 2 2 0.003484041532101975
1 3 2 0.002423749980796061
2 1 2 0.0030669788736058376
2 2 2 0.0022200793258735454
2 3 2 0.002939720572786266
3 1 2 0.0026100636523189113
3 2 2 0.0024418354472295974
3 3 2 0.002645502996204664
1 1 3 0.002609369368710563
1 2 3 0.0027981467927939035
1 3 3 0.0026113660226038046
2 1 3 0.003126071425258914
2 2 3 0.0019998472215015466
2 3 3 0.0027645466586917597
3 1 3 0.0024294862567955967
3 2 3 0.002493334909605631
3 3 3 0.002283769193407504
1 1 4 0.0029254238287633716
1 2 4 0.0032268713528972536
1 3 4 0.003265484745651493
2 1 4 0.0027611194113135473
2 2 4 0.0018475925329048903
2 3 4 0.0022809175775712017
3 1 4 0.003095523646087138
3 2 4 0.002672830221549331
3 3 4 0.0017076486953550487
1 1 5 0.002680131033328633
1 2 5 0.0035472887512248536
1 3 5 0.0031089662030861333
2 1 5 0.002283168849167812
2 2 5 0.0020383729623905094
2 3 5 0.0024821971464093684
3 1 5 0.002311226693108866
3 2 5 0.0029595191135928663
3 3 5 0.003299551531125748
1 1 6 0.003174955763057169
1 2 6 0.003364861084561408
1 3 6 0.0030869671620918707
2 1 6 0.0022195707294193445
2 2 6 0.001534955353161668
2 3 6 0.0023073415492342693
3 1 6 0.002345226031429144
3 2 6 0.002832411557990883
3 3 6 0.0029473428070034293
1 1 7 0.0033988952222204355
1 2 7 0.002861986479602259
1 3 7 0.003117867871449859
2 1 7 0.0022341124683759642
2 2 7 0.0019448238103038844
2 3 7 0.002792265907784799
3 1 7 0.003157797534463977
3 2 7 0.002338948851417024
3 3 7 0.0019410371481382797
1 1 8 0.003472680430357607
1 2 8 0.002881799936841264
1 3 8 0.0024693508904270398
2 1 8 0.002341244824810985
2 2 8 0.0013000395789928738
2 3 8 0.0024272606535711656
3 1 8 0.002788385931040706
3 2 8 0.0023608283424410774
3 3 8 0.0024934580057356204
1 1 9 0.0038111579095870436
1 2 9 0.003048310317688245
1 3 9 0.003947116775216943
2 1 9 0.002528716684235945
2 2 9 0.0016244952459406904
2 3 9 0.0020048805302936624
3 1 9 0.0031838370932339793
3 2 9 0.002554658396659893
3 3 9 0.0030461729225037836
1 1 10 0.004225605093913558
1 2 10 0.0022276900835853605
1 3 10 0.004109406168099834
2 1 10 0.0025138275409504842
2 2 10 0.0013657493315184664
2 3 10 0.002835107378390283
3 1 10 0.0028666145280483364
3 2 10 0.0022779307975293187
3 3 10 0.0034260018324435175
1 1 11 0.0038701176751487474
1 2 11 0.0022098466735085837
1 3 11 0.0033012051155713582
2 1 11 0.0023684352568903774
2 2 11 0.0015286896418175266
2 3 11 0.002621699621166681
3 1 11 0.0027842279028826395
3 2 11 0.0017238878138283406
3 3 11 0.0025982190726202576
1 1 12 0.002943610146424838
1 2 12 0.001756411867662187
1 3 12 0.002913091760010452
2 1 12 0.0025341189620617308
2 2 12 0.0015681114691172404
2 3 12 0.0023735350683834226
3 1 12 0.0029878250645673254
3 2 12 0.001940993866398176
3 3 12 0.0026012511260714616
1 1 13 0.0029324615743263447
1 2 13 0.0021443064622441305
1 3 13 0.002953180914915599
2 1 13 0.002376012566986929
2 2 13 0.0014884175624015944
2 3 13 0.002322035909066896
3 1 13 0.0032560275112465597
3 2 13 0.00201567404651934
3 3 13 0.003355792549441433
1 1 14 0.0033301361183422757
1 2 14 0.0021492655003253892
1 3 14 0.003923473452491719
2 1 14 0.0025356394228594997
2 2 14 0.0016514870681502377
2 3 14 0.0027272123490422037
3 1 14 0.003063923471024352
3 2 14 0.0016433056606774785
3 3 14 0.0030591235414589597
1 1 15 0.0036165019133008514
1 2 15 0.0018099876233171378
1 3 15 0.003656688366984856
2 1 15 0.002879280929405517
2 2 15 0.001463782170909839
2 3 15 0.0026191482340177418
3 1 15 0.0024731397152884735
3 2 15 0.001470975880791362
3 3 15 0.002279404897493522
1 1 16 0.0032903840155652972
1 2 16 0.0019697427461740414
1 3 16 0.0033961443982115738
2 1 16 0.0024665507331331155
2 2 16 0.0012004371869524292
2 3 16 0.0022365344040613617
3 1 16 0.00214912272622553
3 2 16 0.001343276358400638
3 3 16 0.002036137842350177
1 1 17 0.002927721688831307
1 2 17 0.0014538216776977693
1 3 17 0.002663577983261996
2 1 17 0.0020222408262346096
2 2 17 0.0011373460125182944
2 3 17 0.0015617045882619501
3 1 17 0.0023091915544739515
3 2 17 0.001400310848955995
3 3 17 0.0023159255769372583
1 1 18 0.0026453460683863606
1 2 18 0.0012771229773609887
1 3 18 0.0018040295676770754
2 1 18 0.0015243127195158006
2 2 18 0.0008486146341522054
2 3 18 0.0013354298032244127
3 1 18 0.002035211843862841
3 2 18 0.000869539744955114
3 3 18 0.0016741312549379886
1 1 19 0.0021368781813990503
1 2 19 0.0013855427733535394
1 3 19 0.0011969739752037607
2 1 19 0.001571907359582655
2 2 19 0.0008436841655971047
2 3 19 0.0012042604064006774
3 1 19 0.0017724125934821706
3 2 19 0.0009021767740688601
3 3 19 0.0009687708113761304
1 1 20 0.0017212235621406314
1 2 20 0.0011231686938272855
1 3 20 0.0014167240002933693
2 1 20 0.001300311148542494
2 2 20 0.0007255991096123856
2 3 20 0.000999494454940737
3 1 20 0.001612550910985111
3 2 20 0.0009133538954897291
3 3 20 0.0013042466839170862
