Norm difference: 0.9999999999999999
Norm difference: 1.0
1 1
1 2
1 3
2 1
2 2
2 3
3 1
3 2
3 3
1 1
1 2
1 3
2 1
2 2
2 3
3 1
3 2
3 3
1 1
1 2
1 3
2 1
2 2
2 3
3 1
3 2
3 3
1 1
1 2
1 3
2 1
2 2
2 3
3 1
3 2
3 3
1 1
1 2
1 3
2 1
2 2
2 3
3 1
3 2
3 3
1 1
1 2
1 3
2 1
2 2
2 3
3 1
3 2
3 3
1 1
1 2
1 3
2 1
2 2
2 3
3 1
3 2
3 3
1 1
1 2
1 3
2 1
2 2
2 3
3 1
3 2
3 3
1 1
1 2
1 3
2 1
2 2
2 3
3 1
3 2
3 3
1 1
1 2
1 3
2 1
2 2
2 3
3 1
3 2
3 3
1 1
1 2
1 3
2 1
2 2
2 3
3 1
3 2
3 3
1 1
1 2
1 3
2 1
2 2
2 3
3 1
3 2
3 3
1 1
1 2
1 3
2 1
2 2
2 3
3 1
3 2
3 3
1 1
1 2
1 3
2 1
2 2
2 3
3 1
3 2
3 3
1 1
1 2
1 3
2 1
2 2
2 3
3 1
3 2
3 3
1 1
1 2
1 3
2 1
2 2
2 3
3 1
3 2
3 3
1 1
1 2
1 3
2 1
2 2
2 3
3 1
3 2
3 3
1 1
1 2
1 3
2 1
2 2
2 3
3 1
3 2
3 3
1 1
1 2
1 3
2 1
2 2
2 3
3 1
3 2
3 3
1 1
1 2
1 3
2 1
2 2
2 3
3 1
3 2
3 3
1 1 1 0.017269055610328
1 2 1 0.016371237303495458
1 3 1 0.02113744559726723
2 1 1 0.01337202171970511
2 2 1 0.0067487195436142875
2 3 1 0.010893958972812827
3 1 1 0.017405146317831653
3 2 1 0.010885984205742353
3 3 1 0.016637020224902783
1 1 2 0.019619666015102906
1 2 2 0.011264289164195765
1 3 2 0.015381059131543626
2 1 2 0.012588244451791103
2 2 2 0.009292383154234366
2 3 2 0.01232401465826315
3 1 2 0.014393339461985715
3 2 2 0.012220874626161242
3 3 2 0.016682410365175843
1 1 3 0.020551015842196617
1 2 3 0.013118026762498574
1 3 3 0.01977510805481397
2 1 3 0.008155892833399401
2 2 3 0.007264940116157475
2 3 3 0.00964949169698311
3 1 3 0.013226055330076475
3 2 3 0.011689877781437024
3 3 3 0.014819918743160474
1 1 4 0.012446312996899928
1 2 4 0.012063735281795954
1 3 4 0.020485620355788856
2 1 4 0.010603177188141567
2 2 4 0.007684918909120086
2 3 4 0.010482288622358654
3 1 4 0.013694220398901946
3 2 4 0.00935974456212021
3 3 4 0.013583585653070487
1 1 5 0.012528047222727753
1 2 5 0.00808599025575488
1 3 5 0.012186998792026959
2 1 5 0.004912126450401496
2 2 5 0.006328413298227175
2 3 5 0.0074494292774527045
3 1 5 0.006689139390357038
3 2 5 0.01072693562225569
3 3 5 0.010800386305960053
1 1 6 0.008143126339650452
1 2 6 0.012402426813564486
1 3 6 0.011332448268087535
2 1 6 0.006628705750903283
2 2 6 0.004965945720153143
2 3 6 0.006411494411167935
3 1 6 0.007782280665362633
3 2 6 0.006551739716972302
3 3 6 0.007741595243839244
1 1 7 0.01011140187172702
1 2 7 0.008485557740249944
1 3 7 0.010673078046614676
2 1 7 0.005440735390078036
2 2 7 0.006039335025250699
2 3 7 0.006377631957249806
3 1 7 0.007463804151546706
3 2 7 0.007786882477920471
3 3 7 0.008491871245095988
1 1 8 0.010621790629243209
1 2 8 0.008846171150329495
1 3 8 0.00945352910318124
2 1 8 0.004725753931271519
2 2 8 0.004220987423651474
2 3 8 0.0040271728312482645
3 1 8 0.005142749412103806
3 2 8 0.0049746339537961705
3 3 8 0.0054846348339254985
1 1 9 0.0047542696813337145
1 2 9 0.006831420487075415
1 3 9 0.00548207377208155
2 1 9 0.004095956089405991
2 2 9 0.003755522239662049
2 3 9 0.003954751238949599
3 1 9 0.005078845069342504
3 2 9 0.004282912105296186
3 3 9 0.005025549672607422
1 1 10 0.006018858169969077
1 2 10 0.004498258463980625
1 3 10 0.005782660786545343
2 1 10 0.0023975207570457375
2 2 10 0.0023643013857331256
2 3 10 0.0026050804194807193
3 1 10 0.00291813017556534
3 2 10 0.003445114144195067
3 3 10 0.004158191159475041
1 1 11 0.004217182802524004
1 2 11 0.005032076113327452
1 3 11 0.005907590729652493
2 1 11 0.002834652351778758
2 2 11 0.0021918084120007555
2 3 11 0.002849671482197834
3 1 11 0.0032587989583082047
3 2 11 0.0029181755495250473
3 3 11 0.0033953799575465204
1 1 12 0.0032719600024018703
1 2 12 0.0031693358255794556
1 3 12 0.0034766117551677223
2 1 12 0.0015500491354086042
2 2 12 0.001775985902500066
2 3 12 0.001950434872340061
3 1 12 0.0024045963053758545
3 2 12 0.001728488495846426
3 3 12 0.0024129456780323895
1 1 13 0.002815676639301501
1 2 13 0.002039892823084771
1 3 13 0.0031363482956200265
2 1 13 0.0015095593131385528
2 2 13 0.0014349210588842747
2 3 13 0.0015982381799442744
3 1 13 0.002099705132536845
3 2 13 0.0014254601743884912
3 3 13 0.0017177890903021706
1 1 14 0.001951733765995813
1 2 14 0.0020383592293856754
1 3 14 0.0023761063519013768
2 1 14 0.0016735998057258266
2 2 14 0.000730998545411403
2 3 14 0.001251907771292342
3 1 14 0.0019641858733329925
3 2 14 0.0010869965599847597
3 3 14 0.0012181283898837164
1 1 15 0.002202224156795095
1 2 15 0.0010555209079280378
1 3 15 0.0012671089733174283
2 1 15 0.0009796262956137944
2 2 15 0.0008782765188681914
2 3 15 0.0007478913200570654
3 1 15 0.0012824519074510449
3 2 15 0.0010055340982583468
3 3 15 0.00107593859191039
1 1 16 0.0016345101206519518
1 2 16 0.0007901420677281279
1 3 16 0.0009894191266096755
2 1 16 0.0011686916067489477
2 2 16 0.00040830709540357865
2 3 16 0.0005106219952544491
3 1 16 0.0016279572451389853
3 2 16 0.0005091869594009835
3 3 16 0.0007022120644182936
1 1 17 0.0016873461853055115
1 2 17 0.0006184952100334769
1 3 17 0.0006525119156425991
2 1 17 0.000781741978644161
2 2 17 0.0005104049470691905
2 3 17 0.0004871027254934737
3 1 17 0.0012347123806393926
3 2 17 0.0006700309148370558
3 3 17 0.0005730457458504621
1 1 18 0.0015552473419942984
1 2 18 0.0009541314508994151
1 3 18 0.0006816592964246054
2 1 18 0.0009370360685395281
2 2 18 0.0005955796375127805
2 3 18 0.00041425693276539303
3 1 18 0.0010261671297336484
3 2 18 0.0008520870807570902
3 3 18 0.0005513160976011436
1 1 19 0.0012759953668073534
1 2 19 0.0009296964562030113
1 3 19 0.0007744427218068139
2 1 19 0.0007939679936201387
2 2 19 0.00033559670982710765
2 3 19 0.0004313761700630872
3 1 19 0.0009161607664075887
3 2 19 0.00040615233540967075
3 3 19 0.0005235047242753291
1 1 20 0.0012881260372762902
1 2 20 0.00032747369844797535
1 3 20 0.0007131023150141222
2 1 20 0.0006078429780194582
2 2 20 0.000526855117503003
2 3 20 0.0004226786962470422
3 1 20 0.0006659395555167096
3 2 20 0.0005930435501470572
3 3 20 0.000458043137371935
