Norm difference: 1.0
Norm difference: 1.0
1 1
1 2
2 1
2 2
1 1
1 2
2 1
2 2
1 1
1 2
2 1
2 2
1 1
1 2
2 1
2 2
1 1
1 2
2 1
2 2
1 1
1 2
2 1
2 2
1 1
1 2
2 1
2 2
1 1
1 2
2 1
2 2
1 1
1 2
2 1
2 2
1 1
1 2
2 1
2 2
1 1
1 2
2 1
2 2
1 1
1 2
2 1
2 2
1 1
1 2
2 1
2 2
1 1
1 2
2 1
2 2
1 1
1 2
2 1
2 2
1 1
1 2
2 1
2 2
1 1
1 2
2 1
2 2
1 1
1 2
2 1
2 2
1 1
1 2
2 1
2 2
1 1
1 2
2 1
2 2
1 1 1 0.008514760086434647
1 2 1 0.016139761831668924
2 1 1 0.020354398267917434
2 2 1 0.02309989923093434
1 1 2 0.010605582568457141
1 2 2 0.01639150565711171
2 1 2 0.01946114812340145
2 2 2 0.02211920158838486
1 1 3 0.008180458302033237
1 2 3 0.01651610883138848
2 1 3 0.0076294096551367705
2 2 3 0.02044438194973167
1 1 4 0.00992040671773081
1 2 4 0.010271488081568757
2 1 4 0.010270509092280031
2 2 4 0.013670301524321322
1 1 5 0.008969832253840989
1 2 5 0.007893799744977746
2 1 5 0.008559490900773405
2 2 5 0.010553261560274363
1 1 6 0.004807667140297253
1 2 6 0.006769475874591912
2 1 6 0.008626899756118704
2 2 6 0.0069233378567975495
1 1 7 0.005423208468862942
1 2 7 0.005023819147022545
2 1 7 0.005858298968175074
2 2 7 0.005092338911950063
1 1 8 0.003001133937458412
1 2 8 0.004513773530541529
2 1 8 0.0052959626592210774
2 2 8 0.005909467592639622
1 1 9 0.004285638899597708
1 2 9 0.005326298315190487
2 1 9 0.005046551121994434
2 2 9 0.003980899555134898
1 1 10 0.004295487312729961
1 2 10 0.0029939413567849804
2 1 10 0.003480747420403753
2 2 10 0.005228664438852696
1 1 11 0.0033201727455451184
1 2 11 0.0035800329745681687
2 1 11 0.004784020722599438
2 2 11 0.004731142208320185
1 1 12 0.0036488177077891896
1 2 12 0.0037532631997097303
2 1 12 0.004230519649646708
2 2 12 0.0033461748295830645
1 1 13 0.0037921626361442752
1 2 13 0.002245732005390021
2 1 13 0.004038731286900981
2 2 13 0.0037805784275556004
1 1 14 0.002799427748405444
1 2 14 0.0029791387101606114
2 1 14 0.0036968541966752506
2 2 14 0.003167436271713388
1 1 15 0.003270797514203343
1 2 15 0.001971724334166354
2 1 15 0.003512139864480352
2 2 15 0.0023709705597064787
1 1 16 0.0023606441136606584
1 2 16 0.0017853281117241986
2 1 16 0.002771174173149728
2 2 16 0.002349928669063036
1 1 17 0.0019443549608880815
1 2 17 0.0017992648055425854
2 1 17 0.002663927919173044
2 2 17 0.0018698809003999041
1 1 18 0.0017615001075578945
1 2 18 0.0011219087173301228
2 1 18 0.0018968857612418817
2 2 18 0.0015594349223257756
1 1 19 0.0013071543218293132
1 2 19 0.001209706132629842
2 1 19 0.001594413774575989
2 2 19 0.0013059640851562694
1 1 20 0.0011037635509577425
1 2 20 0.0007512106977529524
2 1 20 0.00111893642893718
2 2 20 0.0008930606141096633
