Norm difference: 1.0
Norm difference: 1.0
1 1
1 2
1 3
2 1
2 2
2 3
3 1
3 2
3 3
1 1
1 2
1 3
2 1
2 2
2 3
3 1
3 2
3 3
1 1
1 2
1 3
2 1
2 2
2 3
3 1
3 2
3 3
1 1
1 2
1 3
2 1
2 2
2 3
3 1
3 2
3 3
1 1
1 2
1 3
2 1
2 2
2 3
3 1
3 2
3 3
1 1
1 2
1 3
2 1
2 2
2 3
3 1
3 2
3 3
1 1
1 2
1 3
2 1
2 2
2 3
3 1
3 2
3 3
1 1
1 2
1 3
2 1
2 2
2 3
3 1
3 2
3 3
1 1
1 2
1 3
2 1
2 2
2 3
3 1
3 2
3 3
1 1
1 2
1 3
2 1
2 2
2 3
3 1
3 2
3 3
1 1
1 2
1 3
2 1
2 2
2 3
3 1
3 2
3 3
1 1
1 2
1 3
2 1
2 2
2 3
3 1
3 2
3 3
1 1
1 2
1 3
2 1
2 2
2 3
3 1
3 2
3 3
1 1
1 2
1 3
2 1
2 2
2 3
3 1
3 2
3 3
1 1
1 2
1 3
2 1
2 2
2 3
3 1
3 2
3 3
1 1
1 2
1 3
2 1
2 2
2 3
3 1
3 2
3 3
1 1
1 2
1 3
2 1
2 2
2 3
3 1
3 2
3 3
1 1
1 2
1 3
2 1
2 2
2 3
3 1
3 2
3 3
1 1
1 2
1 3
2 1
2 2
2 3
3 1
3 2
3 3
1 1
1 2
1 3
2 1
2 2
2 3
3 1
3 2
3 3
1 1 1 0.008722393832290662
1 2 1 0.008162780078106668
1 3 1 0.011001098002048291
2 1 1 0.008374226995389243
2 2 1 0.007164833307038068
2 3 1 0.009837278721716653
3 1 1 0.010331676483894405
3 2 1 0.011273769265219901
3 3 1 0.013244821679848254
1 1 2 0.009498376964553745
1 2 2 0.008542200353755313
1 3 2 0.0113222158816883
2 1 2 0.009158453851394743
2 2 2 0.0059241544701985555
2 3 2 0.008711112026108282
3 1 2 0.010514242066921945
3 2 2 0.006239403768517504
3 3 2 0.012904389580580471
1 1 3 0.008030208117635216
1 2 3 0.0064713653274311046
1 3 3 0.011415894525822258
2 1 3 0.0083170945074311
2 2 3 0.0066227685150212975
2 3 3 0.009045035244859808
3 1 3 0.013404835076473559
3 2 3 0.00821948608009688
3 3 3 0.012200264708874484
1 1 4 0.007915430630246661
1 2 4 0.006322848908566002
1 3 4 0.009065550873580349
2 1 4 0.0089719233759134
2 2 4 0.0065522416413572055
2 3 4 0.009832179152358766
3 1 4 0.013014624977585574
3 2 4 0.008383519880644764
3 3 4 0.012069805907670827
1 1 5 0.00966738101873818
1 2 5 0.006387639277064076
1 3 5 0.011304438876697095
2 1 5 0.007069506382720879
2 2 5 0.005717802763985871
2 3 5 0.010261488004679784
3 1 5 0.012962831144264855
3 2 5 0.007474504966407713
3 3 5 0.013422451631013063
1 1 6 0.00946241185282876
1 2 6 0.005784109541062047
1 3 6 0.011116236337120772
2 1 6 0.007033992610417266
2 2 6 0.004793675718686436
2 3 6 0.00790908449125005
3 1 6 0.009925007488722628
3 2 6 0.008278063440518397
3 3 6 0.013825491069626694
1 1 7 0.010022363584626767
1 2 7 0.005557402417066312
1 3 7 0.010051685865163255
2 1 7 0.007317610097530787
2 2 7 0.0042980623263042675
2 3 7 0.007922402139796472
3 1 7 0.010990494769155892
3 2 7 0.006618506378414471
3 3 7 0.0115795481798364
1 1 8 0.009908925472246363
1 2 8 0.004802019821121366
1 3 8 0.008430946724364764
2 1 8 0.0078296512889755
2 2 8 0.003909985740359135
2 3 8 0.007561704009279839
3 1 8 0.011012702401213558
3 2 8 0.006880466088061497
3 3 8 0.010184506463111653
1 1 9 0.00943215668715577
1 2 9 0.005810722221604026
1 3 9 0.008276197255360617
2 1 9 0.006362899189456164
2 2 9 0.004456010039700583
2 3 9 0.0073691546390926305
3 1 9 0.010860354302244624
3 2 9 0.0058850596888994165
3 3 9 0.010475538262523405
1 1 10 0.010350541272468136
1 2 10 0.00501830935518794
1 3 10 0.008840874449148894
2 1 10 0.0062808602137504775
2 2 10 0.00327178541979608
2 3 10 0.007895048580083872
3 1 10 0.012271361777731653
3 2 10 0.006752448411128672
3 3 10 0.009411298246333865
1 1 11 0.008234398526985919
1 2 11 0.006367182136532748
1 3 11 0.007767763042856394
2 1 11 0.005458719858279728
2 2 11 0.003716132979285239
2 3 11 0.00760591599182914
3 1 11 0.011427417582895113
3 2 11 0.005986645920019161
3 3 11 0.010438861755142513
1 1 12 0.009281595328244605
1 2 12 0.005520175272819023
1 3 12 0.008054398510928923
2 1 12 0.005718929940164534
2 2 12 0.0037757571552663877
2 3 12 0.005277668539561635
3 1 12 0.01113429597922341
3 2 12 0.006924614823675622
3 3 12 0.00800979982641698
1 1 13 0.009118871643687482
1 2 13 0.0056786811696783535
1 3 13 0.006905559388627044
2 1 13 0.006636807975201548
2 2 13 0.00382323578792741
2 3 13 0.006309178597531452
3 1 13 0.010201582344357255
3 2 13 0.006058166214158249
3 3 13 0.008616212309884956
1 1 14 0.008483745927736857
1 2 14 0.004691986337746879
1 3 14 0.005846372803055949
2 1 14 0.00614426713924089
2 2 14 0.003768813105247639
2 3 14 0.005707997017359018
3 1 14 0.011868070484754927
3 2 14 0.006839298751820639
3 3 14 0.008250937703884482
1 1 15 0.00859647995296131
1 2 15 0.0054237282150560616
1 3 15 0.005512081779002436
2 1 15 0.006111738389654668
2 2 15 0.003601970100640227
2 3 15 0.0038102823385615632
3 1 15 0.009942264730636911
3 2 15 0.006439790254784262
3 3 15 0.007087168175430579
1 1 16 0.006537168776396321
1 2 16 0.0048123025462957075
1 3 16 0.005819058501086014
2 1 16 0.007595933786524606
2 2 16 0.0034764313257260905
2 3 16 0.0046123349545910495
3 1 16 0.01078733954500943
3 2 16 0.006110955875014569
3 3 16 0.007112656508461129
1 1 17 0.009238315312610596
1 2 17 0.004951700242085953
1 3 17 0.005046271959320387
2 1 17 0.00598522084220446
2 2 17 0.0037837813436226455
2 3 17 0.0031052240464267853
3 1 17 0.009237266129117143
3 2 17 0.0062240058031600275
3 3 17 0.0062730666473663
1 1 18 0.006740174984236321
1 2 18 0.005510454808424634
1 3 18 0.004638194394726115
2 1 18 0.005938645284246142
2 2 18 0.0034695413123667336
2 3 18 0.004048479352693813
3 1 18 0.007904474555708495
3 2 18 0.005943805106001507
3 3 18 0.005476834856660487
1 1 19 0.006727860314582586
1 2 19 0.004869274833221885
1 3 19 0.0041584622973480905
2 1 19 0.0058935556347565745
2 2 19 0.0044454581468325
2 3 19 0.002998723124602945
3 1 19 0.008030802298008802
3 2 19 0.005176660815508521
3 3 19 0.005624026939220693
1 1 20 0.00584635729223253
1 2 20 0.0038867780421026044
1 3 20 0.004562809639954901
2 1 20 0.005352996357208947
2 2 20 0.0031794036933645298
2 3 20 0.0036131975439839177
3 1 20 0.007066775447083694
3 2 20 0.005612959983814262
3 3 20 0.005893202556236511
