W: 3.4000000000000004
num_iter: 0
[-0.87880954 -0.87880954 -0.86992558 -0.86992558 -0.85969145 -0.85969145
 -0.84863869 -0.84863869 -0.8362522  -0.8362522  -0.82264332 -0.82264332
 -0.80823672 -0.80823672 -0.79279155 -0.79279155 -0.77594899 -0.77594899
 -0.75822471 -0.75822471 -0.73914527 -0.73914527 -0.71890475 -0.71890475
 -0.69794839 -0.69794839 -0.67517618 -0.67517618 -0.65166584 -0.65166584
 -0.6269724  -0.6269724  -0.60068157 -0.60068157 -0.57288058 -0.57288058
 -0.54410848 -0.54410848 -0.51340007 -0.51340007 -0.48135982 -0.48135982
 -0.4481012  -0.4481012  -0.41306913 -0.41306913 -0.37636623 -0.37636623
 -0.33790698 -0.33790698 -0.29805767 -0.29805767 -0.25659599 -0.25659599
 -0.21431679 -0.21431679 -0.16996276 -0.16996276 -0.12460941 -0.12460941
 -0.07759728 -0.07759728 -0.02460086 -0.02460086  0.02460145  0.02460145
  0.07759752  0.07759752  0.12460666  0.12460666  0.16995904  0.16995904
  0.21431951  0.21431951  0.2565948   0.2565948   0.29805838  0.29805838
  0.33790038  0.33790038  0.37636482  0.37636482  0.41307161  0.41307161
  0.44810106  0.44810106  0.48136578  0.48136578  0.51340402  0.51340402
  0.5441142   0.5441142   0.5728873   0.5728873   0.60068728  0.60068728
  0.62696845  0.62696845  0.651668    0.651668    0.67517829  0.67517829
  0.69794884  0.69794884  0.71890108  0.71890108  0.73914394  0.73914394
  0.75822433  0.75822433  0.77595633  0.77595633  0.79278432  0.79278432
  0.8082359   0.8082359   0.82264205  0.82264205  0.83624217  0.83624217
  0.84863953  0.84863953  0.85968835  0.85968835  0.86992354  0.86992354
  0.87881145  0.87881145]
localization_length: 1.270280810413963
1.262001681043126
W_list: [3.4000000000000004]
L_list: [40.38405379338003]
