[-2.41421356 -1.         -1.         -0.41421356  0.41421356  1.
  1.          2.41421356]
W: 4.0
num_iter: 0
[-0.92675374 -0.89941225 -0.87037864 -0.83908578 -0.80555969 -0.76776301
 -0.72801702 -0.68432915 -0.6376324  -0.58756164 -0.53374585 -0.47350863
 -0.40912423 -0.33845263 -0.25714175 -0.15924765  0.15924751  0.25715417
  0.33845712  0.40913389  0.47349666  0.53373639  0.5875685   0.63762596
  0.68432038  0.72801169  0.76778952  0.80555957  0.83906191  0.87037559
  0.89941946  0.92675574]
localization_length: 0.39247081022825714
0.3925972151283651
W_list: [4.0]
L_list: [0.3925972151283651]
[-2.41421356 -1.         -1.         -0.41421356  0.41421356  1.
  1.          2.41421356]
W: 4.0
num_iter: 0
[-0.92667038 -0.89910777 -0.87103322 -0.83916149 -0.80476519 -0.76803223
 -0.72779655 -0.68372887 -0.63750075 -0.58651755 -0.53248815 -0.47398785
 -0.40957891 -0.33890698 -0.25858502 -0.15871713  0.15871523  0.25858533
  0.33892322  0.40956297  0.47398491  0.53249233  0.58652251  0.63751227
  0.6837262   0.72779393  0.7680306   0.80475904  0.83915601  0.87103768
  0.89910879  0.92666699]
localization_length: 0.3937870400039563
0.39164919660506875
W_list: [4.0]
L_list: [0.39164919660506875]
