W: 2.2
num_iter: 0
[-0.65888822 -0.65888822 -0.61382496 -0.61382496 -0.55387175 -0.55387175
 -0.48059387 -0.48059387 -0.39376455 -0.39376455 -0.29159889 -0.29159889
 -0.17315984 -0.17315984 -0.0380045  -0.0380045   0.03801113  0.03801113
  0.17315966  0.17315966  0.29160027  0.29160027  0.39376548  0.39376548
  0.4805898   0.4805898   0.55387546  0.55387546  0.61381843  0.61381843
  0.65888635  0.65888635]
localization_length: 3.2890841696592865
3.2799459525458396
W_list: [2.2]
L_list: [26.239567620366717]
