Norm difference: 1.0
Norm difference: 0.9999999999999999
1 1
1 2
1 3
2 1
2 2
2 3
3 1
3 2
3 3
1 1
1 2
1 3
2 1
2 2
2 3
3 1
3 2
3 3
1 1
1 2
1 3
2 1
2 2
2 3
3 1
3 2
3 3
1 1
1 2
1 3
2 1
2 2
2 3
3 1
3 2
3 3
1 1
1 2
1 3
2 1
2 2
2 3
3 1
3 2
3 3
1 1
1 2
1 3
2 1
2 2
2 3
3 1
3 2
3 3
1 1
1 2
1 3
2 1
2 2
2 3
3 1
3 2
3 3
1 1
1 2
1 3
2 1
2 2
2 3
3 1
3 2
3 3
1 1
1 2
1 3
2 1
2 2
2 3
3 1
3 2
3 3
1 1
1 2
1 3
2 1
2 2
2 3
3 1
3 2
3 3
1 1
1 2
1 3
2 1
2 2
2 3
3 1
3 2
3 3
1 1
1 2
1 3
2 1
2 2
2 3
3 1
3 2
3 3
1 1
1 2
1 3
2 1
2 2
2 3
3 1
3 2
3 3
1 1
1 2
1 3
2 1
2 2
2 3
3 1
3 2
3 3
1 1
1 2
1 3
2 1
2 2
2 3
3 1
3 2
3 3
1 1
1 2
1 3
2 1
2 2
2 3
3 1
3 2
3 3
1 1
1 2
1 3
2 1
2 2
2 3
3 1
3 2
3 3
1 1
1 2
1 3
2 1
2 2
2 3
3 1
3 2
3 3
1 1
1 2
1 3
2 1
2 2
2 3
3 1
3 2
3 3
1 1
1 2
1 3
2 1
2 2
2 3
3 1
3 2
3 3
1 1 1 0.02508578283078844
1 2 1 0.016052108712883182
1 3 1 0.027980295716197878
2 1 1 0.02141448456563924
2 2 1 0.015612789838540173
2 3 1 0.018812695512249972
3 1 1 0.023535478396368006
3 2 1 0.016812182076160948
3 3 1 0.026550301375933567
1 1 2 0.021439608541774437
1 2 2 0.014373520044750943
1 3 2 0.018402444424576586
2 1 2 0.021548608115622907
2 2 2 0.010550406377721339
2 3 2 0.020070770919453453
3 1 2 0.02153649944359649
3 2 2 0.01700398199898754
3 3 2 0.022736204496541686
1 1 3 0.015750966684836703
1 2 3 0.008934210129019973
1 3 3 0.015518779256612575
2 1 3 0.01644442617389448
2 2 3 0.015854690297478633
2 3 3 0.015798131851332754
3 1 3 0.024949010251038985
3 2 3 0.01590577964237606
3 3 3 0.021190403811931196
1 1 4 0.013742240556929847
1 2 4 0.011757420626884075
1 3 4 0.0169918440837833
2 1 4 0.012665719263297653
2 2 4 0.011044077439843146
2 3 4 0.01055519605445257
3 1 4 0.021727048286243587
3 2 4 0.014797604679050887
3 3 4 0.019663960247570392
1 1 5 0.010790643469924577
1 2 5 0.011484094264230393
1 3 5 0.01341142275005151
2 1 5 0.012357425901781245
2 2 5 0.007101190975240336
2 3 5 0.011092492195869937
3 1 5 0.0214236513504762
3 2 5 0.011998860626771178
3 3 5 0.019408336871371702
1 1 6 0.010761427550077304
1 2 6 0.009672572263163603
1 3 6 0.012562982961980407
2 1 6 0.009693415813879013
2 2 6 0.007627691048416971
2 3 6 0.009481714184004161
3 1 6 0.014200865637482355
3 2 6 0.010306708406658515
3 3 6 0.016870113489302268
1 1 7 0.010259485411411433
1 2 7 0.007527167568815963
1 3 7 0.01236898267870855
2 1 7 0.005953099139288074
2 2 7 0.0076174066878804516
2 3 7 0.006939090000124627
3 1 7 0.01020766178824387
3 2 7 0.009591725828039212
3 3 7 0.01042036290973582
1 1 8 0.010734114027310133
1 2 8 0.00722648710437943
1 3 8 0.009028624648408128
2 1 8 0.006573425972428701
2 2 8 0.004718450977264429
2 3 8 0.005621997735180234
3 1 8 0.008353823586299073
3 2 8 0.007111023530071233
3 3 8 0.008290794172966503
1 1 9 0.009252741048833555
1 2 9 0.0056884035262563
1 3 9 0.007256408571497545
2 1 9 0.005631069934288511
2 2 9 0.004417690438222461
2 3 9 0.005388702326806312
3 1 9 0.010033400842065584
3 2 9 0.0068462758982353366
3 3 9 0.00807600396796223
1 1 10 0.008043531018480146
1 2 10 0.004546520432129062
1 3 10 0.004779066172638112
2 1 10 0.004976089678129448
2 2 10 0.0037210076325370116
2 3 10 0.0038458742145889282
3 1 10 0.00639236003717931
3 2 10 0.005324669228764687
3 3 10 0.00607274315132751
1 1 11 0.00515119554641067
1 2 11 0.003571920579326074
1 3 11 0.003674811361924134
2 1 11 0.004474828789990011
2 2 11 0.0031395052014401873
2 3 11 0.004072119312589578
3 1 11 0.0048204720120394624
3 2 11 0.004044372382074424
3 3 11 0.0049536446724903135
1 1 12 0.004419953957856987
1 2 12 0.002375836963389742
1 3 12 0.0032372325715127035
2 1 12 0.002968301628211863
2 2 12 0.0020697790387677164
2 3 12 0.003161274565338541
3 1 12 0.003931728236662943
3 2 12 0.0023914651001831167
3 3 12 0.00442645658178345
1 1 13 0.00295532598464555
1 2 13 0.0018130772211437003
1 3 13 0.0031858696046628645
2 1 13 0.0030371580891468343
2 2 13 0.0018613510862321946
2 3 13 0.0023932269513499693
3 1 13 0.004157645958297707
3 2 13 0.002971286239973865
3 3 13 0.002819646507443463
1 1 14 0.00245715538479195
1 2 14 0.0022182153230708083
1 3 14 0.0020559171039376592
2 1 14 0.0024596737622448626
2 2 14 0.0018627397829380787
2 3 14 0.0024179349709143646
3 1 14 0.0034563512095621253
3 2 14 0.0031378382761270674
3 3 14 0.0027765666133524824
1 1 15 0.00237835969158372
1 2 15 0.0017856331933746715
1 3 15 0.0023115539130117825
2 1 15 0.0022302573113449813
2 2 15 0.001506106825606191
2 3 15 0.001755449795379338
3 1 15 0.00392671145544852
3 2 15 0.002104866584941182
3 3 15 0.0023270346323668555
1 1 16 0.0022621052130230956
1 2 16 0.0012610468558008402
1 3 16 0.0019720181740363347
2 1 16 0.0023862301413653973
2 2 16 0.0016024532448981024
2 3 16 0.0016179234404590376
3 1 16 0.0024264556735757474
3 2 16 0.0015185202833984588
3 3 16 0.0024942603608184995
1 1 17 0.001789321483289852
1 2 17 0.0011134772666395998
1 3 17 0.0017224874473402464
2 1 17 0.00219634831105137
2 2 17 0.0009561244452685863
2 3 17 0.0020396544558432357
3 1 17 0.00227253402374052
3 2 17 0.0010973324463882084
3 3 17 0.002278945401357991
1 1 18 0.0016214474448529256
1 2 18 0.0011116989307581925
1 3 18 0.0013704376005783717
2 1 18 0.001121010481813269
2 2 18 0.0009392335651273089
2 3 18 0.0013755357199673668
3 1 18 0.0016444695553905313
3 2 18 0.0012463731567798908
3 3 18 0.0018968053940771386
1 1 19 0.0014035034384259721
1 2 19 0.0011116922937569025
1 3 19 0.0009960658189130196
2 1 19 0.0010641062840694286
2 2 19 0.000793855103351149
2 3 19 0.0010726830759081917
3 1 19 0.0012680335914987866
3 2 19 0.0010162018476191233
3 3 19 0.0011830183011865467
1 1 20 0.00101574277050303
1 2 20 0.0009101377204123202
1 3 20 0.0007441887295177769
2 1 20 0.0010914841651045856
2 2 20 0.0007421097353798733
2 3 20 0.0010202677826940379
3 1 20 0.0012223325211680961
3 2 20 0.0009648598201937864
3 3 20 0.0009414982480117002
