W: 2.8
num_iter: 0
[-1.20927057 -1.20927057 -1.19756887 -1.19756887 -1.18434141 -1.18434141
 -1.17055027 -1.17055027 -1.15416485 -1.15416485 -1.1369583  -1.1369583
 -1.1173506  -1.1173506  -1.09630287 -1.09630287 -1.07317159 -1.07317159
 -1.04823504 -1.04823504 -1.02087928 -1.02087928 -0.9910207  -0.9910207
 -0.95935138 -0.95935138 -0.92487411 -0.92487411 -0.88815793 -0.88815793
 -0.84979013 -0.84979013 -0.8091685  -0.8091685  -0.76663714 -0.76663714
 -0.72258715 -0.72258715 -0.67724104 -0.67724104 -0.63135361 -0.63135361
 -0.58374601 -0.58374601 -0.53541026 -0.53541026 -0.4862876  -0.4862876
 -0.43674472 -0.43674472 -0.38636718 -0.38636718 -0.33554684 -0.33554684
 -0.28370837 -0.28370837 -0.23104233 -0.23104233 -0.17606581 -0.17606581
 -0.11888458 -0.11888458 -0.05294769 -0.05294769  0.05295317  0.05295317
  0.11888398  0.11888398  0.176066    0.176066    0.23103409  0.23103409
  0.28370683  0.28370683  0.33554509  0.33554509  0.38637419  0.38637419
  0.43674119  0.43674119  0.48628895  0.48628895  0.5354034   0.5354034
  0.58374107  0.58374107  0.63134449  0.63134449  0.67723311  0.67723311
  0.72258351  0.72258351  0.76663116  0.76663116  0.80918196  0.80918196
  0.84977968  0.84977968  0.88815981  0.88815981  0.92487213  0.92487213
  0.95935364  0.95935364  0.9910131   0.9910131   1.02087311  1.02087311
  1.04824404  1.04824404  1.07317958  1.07317958  1.09630937  1.09630937
  1.11736192  1.11736192  1.13696354  1.13696354  1.15417216  1.15417216
  1.17055318  1.17055318  1.18433983  1.18433983  1.19757613  1.19757613
  1.2092633   1.2092633 ]
localization_length: 0.5902052162126395
0.5930212058287556
W_list: [2.8]
L_list: [18.97667858652018]
