[-2.41421356 -1.         -1.         -0.41421356  0.41421356  1.
  1.          2.41421356]
W: 2.6
num_iter: 0
[-0.62490364 -0.47415948 -0.31287534 -0.15852219  0.15852478  0.31287522
  0.47415917  0.62490149]
localization_length: 1.577066274760122
1.5818500884480717
num_iter: 1
[-0.62422418 -0.47360853 -0.31301377 -0.15846194  0.15846437  0.31301485
  0.47361061  0.6242186 ]
localization_length: 1.5776659183403954
1.5703025907562411
num_iter: 2
[-0.62554912 -0.47474747 -0.3114767  -0.15917755  0.15917658  0.31149148
  0.47473308  0.6255497 ]
localization_length: 1.570582803455479
1.5669183809247698
W_list: [2.6]
L_list: [1.5730236867096945]
[-2.41421356 -1.         -1.         -0.41421356  0.41421356  1.
  1.          2.41421356]
W: 2.6
num_iter: 0
[-0.62472321 -0.47449647 -0.31278161 -0.15757223  0.15757097  0.31278323
  0.47449412  0.6247252 ]
localization_length: 1.5865866665995574
1.5983094635668174
num_iter: 1
[-0.62563842 -0.47363029 -0.31384819 -0.15735564  0.15734391  0.31385787
  0.4736295   0.62564127]
localization_length: 1.588876260925608
1.590390222419063
num_iter: 2
[-0.62528011 -0.47362416 -0.31314966 -0.15737936  0.15738515  0.31314954
  0.473618    0.6252806 ]
localization_length: 1.5885183434099233
1.593138391860239
W_list: [2.6]
L_list: [1.5939460259487062]
