[-2.41421356 -1.         -1.         -0.41421356  0.41421356  1.
  1.          2.41421356]
W: 2.2
num_iter: 0
[-0.54374332 -0.48196325 -0.41616185 -0.35094226 -0.28533533 -0.21779592
 -0.14837956 -0.07474655  0.07474248  0.14838391  0.21780193  0.28533153
  0.35094385  0.4161604   0.48196072  0.54374323]
localization_length: 1.6724090758067596
1.6764816715424422
W_list: [2.2]
L_list: [1.6764816715424422]
[-2.41421356 -1.         -1.         -0.41421356  0.41421356  1.
  1.          2.41421356]
W: 2.2
num_iter: 0
[-0.54193226 -0.48080087 -0.41602724 -0.35168729 -0.28436352 -0.21708918
 -0.14783915 -0.07557785  0.07557834  0.14784016  0.21708742  0.28436289
  0.3516776   0.4160389   0.48079882  0.54193323]
localization_length: 1.6539237769474628
1.6565086892440106
W_list: [2.2]
L_list: [1.6565086892440106]
