Norm difference: 1.0
Norm difference: 1.0
1 1
1 2
2 1
2 2
1 1
1 2
2 1
2 2
1 1
1 2
2 1
2 2
1 1
1 2
2 1
2 2
1 1
1 2
2 1
2 2
1 1
1 2
2 1
2 2
1 1
1 2
2 1
2 2
1 1
1 2
2 1
2 2
1 1
1 2
2 1
2 2
1 1
1 2
2 1
2 2
1 1
1 2
2 1
2 2
1 1
1 2
2 1
2 2
1 1
1 2
2 1
2 2
1 1
1 2
2 1
2 2
1 1
1 2
2 1
2 2
1 1
1 2
2 1
2 2
1 1
1 2
2 1
2 2
1 1
1 2
2 1
2 2
1 1
1 2
2 1
2 2
1 1
1 2
2 1
2 2
1 1 1 0.017450897446297804
1 2 1 0.017883480495675667
2 1 1 0.01758754593726981
2 2 1 0.019345231033644935
1 1 2 0.018731384723653943
1 2 2 0.016366296960386717
2 1 2 0.017605385925366354
2 2 2 0.019373530602661886
1 1 3 0.011751720116768626
1 2 3 0.01691638663657319
2 1 3 0.017090871395955404
2 2 3 0.01009546174566225
1 1 4 0.012612417225321878
1 2 4 0.010791079635669689
2 1 4 0.01468927713875898
2 2 4 0.01199880484028703
1 1 5 0.013697327845862209
1 2 5 0.006759380496693092
2 1 5 0.008309590324685699
2 2 5 0.010883839661002617
1 1 6 0.008588528709190727
1 2 6 0.007582152473591092
2 1 6 0.010519492663744273
2 2 6 0.009021405690556152
1 1 7 0.008115663681811344
1 2 7 0.006991500149872508
2 1 7 0.008764924466092646
2 2 7 0.004947208018420662
1 1 8 0.006951858263844489
1 2 8 0.0071276169351471505
2 1 8 0.00848968690447103
2 2 8 0.0056967427107501
1 1 9 0.00684581528578231
1 2 9 0.005561025012604913
2 1 9 0.007348464246656171
2 2 9 0.005015990793384604
1 1 10 0.007082922310628762
1 2 10 0.004377443707820138
2 1 10 0.0064077789967568865
2 2 10 0.006229576677700616
1 1 11 0.006343444891393763
1 2 11 0.005049835915496617
2 1 11 0.005261695204861831
2 2 11 0.005771598153894787
1 1 12 0.004511718144343853
1 2 12 0.004774447361273202
2 1 12 0.005873080372508484
2 2 12 0.004686790955736578
1 1 13 0.004224534781680526
1 2 13 0.004627734541612696
2 1 13 0.005559825091467091
2 2 13 0.004012019744592239
1 1 14 0.0037355073516748953
1 2 14 0.00349952437109837
2 1 14 0.0036077041640063985
2 2 14 0.0043622343846488314
1 1 15 0.003617119218602469
1 2 15 0.0027020447602043593
2 1 15 0.0026670267091059947
2 2 15 0.0032808777808620558
1 1 16 0.0023045758651512723
1 2 16 0.002449114508442718
2 1 16 0.002488411002275934
2 2 16 0.002494658146556077
1 1 17 0.0015737997888278725
1 2 17 0.002185484584607036
2 1 17 0.002294295091877407
2 2 17 0.0016370228344914522
1 1 18 0.001332964996136107
1 2 18 0.0011808911377638597
2 1 18 0.0014751567061667577
2 2 18 0.0015327096554289205
1 1 19 0.001311284454840847
1 2 19 0.0009602386488924442
2 1 19 0.0011458534475951355
2 2 19 0.0013237781510994548
1 1 20 0.0009526181053825178
1 2 20 0.0008400906089004158
2 1 20 0.0007511992105859838
2 2 20 0.0009478977168766098
