W: 2.2
num_iter: 0
[-0.7359608  -0.7359608  -0.72747468 -0.72747468 -0.71714355 -0.71714355
 -0.70571757 -0.70571757 -0.69276834 -0.69276834 -0.67826033 -0.67826033
 -0.66271078 -0.66271078 -0.64598369 -0.64598369 -0.62815435 -0.62815435
 -0.60930858 -0.60930858 -0.58939315 -0.58939315 -0.56862371 -0.56862371
 -0.54681556 -0.54681556 -0.52419883 -0.52419883 -0.50094383 -0.50094383
 -0.4770681  -0.4770681  -0.45223737 -0.45223737 -0.42695924 -0.42695924
 -0.40099265 -0.40099265 -0.37414895 -0.37414895 -0.34661339 -0.34661339
 -0.31815583 -0.31815583 -0.28867241 -0.28867241 -0.25935314 -0.25935314
 -0.22895273 -0.22895273 -0.19764777 -0.19764777 -0.16653854 -0.16653854
 -0.13436497 -0.13436497 -0.10276394 -0.10276394 -0.07075745 -0.07075745
 -0.03946579 -0.03946579 -0.00806708 -0.00806708  0.00806672  0.00806672
  0.03946486  0.03946486  0.0707589   0.0707589   0.10276358  0.10276358
  0.13436571  0.13436571  0.16653629  0.16653629  0.19764492  0.19764492
  0.22895506  0.22895506  0.25935285  0.25935285  0.28867356  0.28867356
  0.31815752  0.31815752  0.34661479  0.34661479  0.37414904  0.37414904
  0.40099177  0.40099177  0.42695559  0.42695559  0.45223777  0.45223777
  0.4770668   0.4770668   0.5009432   0.5009432   0.52419424  0.52419424
  0.54681625  0.54681625  0.56862654  0.56862654  0.58940376  0.58940376
  0.60930243  0.60930243  0.62815667  0.62815667  0.64598191  0.64598191
  0.66270961  0.66270961  0.67825831  0.67825831  0.69276674  0.69276674
  0.70572127  0.70572127  0.71713911  0.71713911  0.72748096  0.72748096
  0.73596037  0.73596037]
localization_length: 3.873938949759351
3.904072401608182
W_list: [2.2]
L_list: [124.93031685146182]
