W: 3.6
num_iter: 0
[-1.06688564 -1.06688564 -1.00184479 -1.00184479 -0.91617671 -0.91617671
 -0.81045527 -0.81045527 -0.68260908 -0.68260908 -0.53157726 -0.53157726
 -0.35360547 -0.35360547 -0.12969899 -0.12969899  0.12969918  0.12969918
  0.35360393  0.35360393  0.53158301  0.53158301  0.68261415  0.68261415
  0.81045285  0.81045285  0.91617171  0.91617171  1.00184691  1.00184691
  1.06688147  1.06688147]
localization_length: 0.9637700470121955
0.9574681273755882
W_list: [3.6]
L_list: [7.659745019004705]
