W: 1.8
num_iter: 0
[-1.15866171 -1.15866171 -1.14964784 -1.14964784 -1.13997716 -1.13997716
 -1.12860467 -1.12860467 -1.11565058 -1.11565058 -1.10144791 -1.10144791
 -1.08502507 -1.08502507 -1.06711158 -1.06711158 -1.04637267 -1.04637267
 -1.02311893 -1.02311893 -0.99757676 -0.99757676 -0.96824185 -0.96824185
 -0.9365702  -0.9365702  -0.90114691 -0.90114691 -0.86158391 -0.86158391
 -0.81842983 -0.81842983 -0.77182898 -0.77182898 -0.72083065 -0.72083065
 -0.66748451 -0.66748451 -0.6127195  -0.6127195  -0.55601126 -0.55601126
 -0.50054405 -0.50054405 -0.44664513 -0.44664513 -0.3935961  -0.3935961
 -0.34314765 -0.34314765 -0.29469152 -0.29469152 -0.24705131 -0.24705131
 -0.20081629 -0.20081629 -0.1560992  -0.1560992  -0.11147609 -0.11147609
 -0.06697933 -0.06697933 -0.01892276 -0.01892276  0.01892233  0.01892233
  0.06697846  0.06697846  0.11147928  0.11147928  0.15610159  0.15610159
  0.20081521  0.20081521  0.24705819  0.24705819  0.29468674  0.29468674
  0.34314918  0.34314918  0.39359502  0.39359502  0.44664881  0.44664881
  0.50054103  0.50054103  0.55601017  0.55601017  0.61271219  0.61271219
  0.66748598  0.66748598  0.72083207  0.72083207  0.77182365  0.77182365
  0.8184253   0.8184253   0.86158995  0.86158995  0.90114102  0.90114102
  0.93656524  0.93656524  0.9682379   0.9682379   0.99757492  0.99757492
  1.02311272  1.02311272  1.0463775   1.0463775   1.06711425  1.06711425
  1.08502807  1.08502807  1.10145355  1.10145355  1.11565157  1.11565157
  1.12861299  1.12861299  1.13997819  1.13997819  1.14964788  1.14964788
  1.15866094  1.15866094]
localization_length: 1.6514877067427798
1.6352380940633158
W_list: [1.8]
L_list: [52.327619010026105]
