[-2.41421356 -1.         -1.         -0.41421356  0.41421356  1.
  1.          2.41421356]
W: 3.0
num_iter: 0
[-0.71798208 -0.65879015 -0.59086222 -0.51603468 -0.43334094 -0.34264815
 -0.24241014 -0.12912959  0.12912986  0.24240664  0.34265532  0.43332628
  0.51603888  0.59087142  0.65878784  0.71798171]
localization_length: 0.9680198231519256
0.9665483911919087
W_list: [3.0]
L_list: [0.9665483911919087]
[-2.41421356 -1.         -1.         -0.41421356  0.41421356  1.
  1.          2.41421356]
W: 3.0
num_iter: 0
[-0.71875756 -0.65880602 -0.59197618 -0.51600939 -0.43245997 -0.34253154
 -0.24342391 -0.12902176  0.12902575  0.24342524  0.34253757  0.43244721
  0.51601828  0.59197373  0.65880373  0.71875483]
localization_length: 0.9688288312305452
0.9655241665118283
W_list: [3.0]
L_list: [0.9655241665118283]
