W: 1.2
num_iter: 0
[-1.13378358 -1.13378358 -1.12694442 -1.12694442 -1.11891311 -1.11891311
 -1.10944819 -1.10944819 -1.09862738 -1.09862738 -1.08594226 -1.08594226
 -1.07159057 -1.07159057 -1.05517911 -1.05517911 -1.03677077 -1.03677077
 -1.01588827 -1.01588827 -0.99200742 -0.99200742 -0.9653869  -0.9653869
 -0.93512499 -0.93512499 -0.90088686 -0.90088686 -0.8622279  -0.8622279
 -0.819019   -0.819019   -0.77092301 -0.77092301 -0.71759401 -0.71759401
 -0.65963634 -0.65963634 -0.59723174 -0.59723174 -0.53285234 -0.53285234
 -0.46945664 -0.46945664 -0.4081999  -0.4081999  -0.35188185 -0.35188185
 -0.29925881 -0.29925881 -0.25146159 -0.25146159 -0.20636439 -0.20636439
 -0.1646762  -0.1646762  -0.12467374 -0.12467374 -0.08595239 -0.08595239
 -0.04902833 -0.04902833 -0.01110245 -0.01110245  0.01110368  0.01110368
  0.04902753  0.04902753  0.08594473  0.08594473  0.12466885  0.12466885
  0.16467975  0.16467975  0.20636417  0.20636417  0.2514574   0.2514574
  0.29925695  0.29925695  0.35188268  0.35188268  0.40819874  0.40819874
  0.46945557  0.46945557  0.53284642  0.53284642  0.59724184  0.59724184
  0.6596324   0.6596324   0.71758797  0.71758797  0.77092544  0.77092544
  0.81902184  0.81902184  0.86222413  0.86222413  0.90088984  0.90088984
  0.93513168  0.93513168  0.96539468  0.96539468  0.99201048  0.99201048
  1.01589194  1.01589194  1.03676141  1.03676141  1.05518459  1.05518459
  1.07159756  1.07159756  1.0859395   1.0859395   1.09861941  1.09861941
  1.10944904  1.10944904  1.11891385  1.11891385  1.12694712  1.12694712
  1.13378324  1.13378324]
localization_length: 2.8146930701555792
2.840461251945571
W_list: [1.2]
L_list: [90.89476006225827]
