W: 2.6
num_iter: 0
[-0.72751194 -0.72751194 -0.68088501 -0.68088501 -0.61711292 -0.61711292
 -0.53800667 -0.53800667 -0.44329342 -0.44329342 -0.33151525 -0.33151525
 -0.20112167 -0.20112167 -0.04773643 -0.04773643  0.04773718  0.04773718
  0.20111652  0.20111652  0.33151434  0.33151434  0.44329617  0.44329617
  0.53800231  0.53800231  0.61711389  0.61711389  0.68089011  0.68089011
  0.72751278  0.72751278]
localization_length: 2.6185452975515844
2.571310277698908
W_list: [2.6]
L_list: [20.570482221591263]
