W: 3.8
num_iter: 0
[-0.94253711 -0.94253711 -0.92165937 -0.92165937 -0.89678495 -0.89678495
 -0.8672868  -0.8672868  -0.83309288 -0.83309288 -0.79529358 -0.79529358
 -0.75224323 -0.75224323 -0.70367607 -0.70367607 -0.64989941 -0.64989941
 -0.59008085 -0.59008085 -0.52319653 -0.52319653 -0.44956723 -0.44956723
 -0.36715333 -0.36715333 -0.2784272  -0.2784272  -0.18074996 -0.18074996
 -0.06508657 -0.06508657  0.06508423  0.06508423  0.18075174  0.18075174
  0.27843145  0.27843145  0.36715023  0.36715023  0.44955914  0.44955914
  0.5231996   0.5231996   0.59008558  0.59008558  0.64989831  0.64989831
  0.70367298  0.70367298  0.75224573  0.75224573  0.79529565  0.79529565
  0.83309551  0.83309551  0.86728427  0.86728427  0.89678718  0.89678718
  0.9216577   0.9216577   0.94253578  0.94253578]
localization_length: 0.9602940992538126
0.9717696316960058
W_list: [3.8]
L_list: [15.548314107136093]
