[-2.41421356 -1.         -1.         -0.41421356  0.41421356  1.
  1.          2.41421356]
W: 2.2
num_iter: 0
[-0.54196681 -0.39600273 -0.25048866 -0.12245681  0.12245483  0.25048802
  0.39600551  0.54196666]
localization_length: 2.041569186982251
2.051717212692021
num_iter: 1
[-0.54272389 -0.39582529 -0.2495518  -0.1218265   0.12182523  0.24954956
  0.39583122  0.54272147]
localization_length: 2.052120059505331
2.0454407808220294
num_iter: 2
[-0.54354008 -0.39543861 -0.25059911 -0.12217939  0.12218045  0.2505957
  0.39543814  0.5435429 ]
localization_length: 2.046171577379356
2.0518869090733913
W_list: [2.2]
L_list: [2.049681634195814]
[-2.41421356 -1.         -1.         -0.41421356  0.41421356  1.
  1.          2.41421356]
W: 2.2
num_iter: 0
[-0.54281347 -0.39528234 -0.25101207 -0.12129964  0.12130036  0.25100811
  0.39528628  0.54281278]
localization_length: 2.061011818001231
2.069902714469173
num_iter: 1
[-0.54229755 -0.39522815 -0.25008061 -0.12207828  0.12207965  0.25007672
  0.39523098  0.54229725]
localization_length: 2.0478662892348525
2.0370768043364498
num_iter: 2
[-0.54311442 -0.39623888 -0.25034823 -0.12183377  0.12183025  0.2503456
  0.39624287  0.54311658]
localization_length: 2.0520355492112996
2.047659312957564
W_list: [2.2]
L_list: [2.0515462772543955]
