[-2.41421356 -1.         -1.         -0.41421356  0.41421356  1.
  1.          2.41421356]
W: 1.5999999999999999
num_iter: 0
[-0.41930149 -0.40471007 -0.39116439 -0.37671133 -0.36189664 -0.34772149
 -0.33302181 -0.31859997 -0.30449874 -0.29064582 -0.27700713 -0.26355274
 -0.25026152 -0.23716429 -0.22429744 -0.21171473 -0.19923705 -0.18698381
 -0.17450595 -0.16240912 -0.1503979  -0.13829169 -0.12612438 -0.11449752
 -0.10223787 -0.09033764 -0.07801896 -0.06534804 -0.05274452 -0.04023479
 -0.02634579 -0.01336071  0.01335648  0.02635529  0.04023019  0.05274756
  0.06534809  0.0780131   0.09035258  0.10222531  0.11450122  0.12612847
  0.13828854  0.15039361  0.16240444  0.17450338  0.18698653  0.1992315
  0.2117115   0.22428983  0.23717646  0.25026869  0.26356167  0.27700732
  0.29063374  0.30450729  0.31859349  0.33302298  0.34772412  0.36189715
  0.37671276  0.39116447  0.40470943  0.41929814]
localization_length: 2.3396889518033746
2.359248609908547
W_list: [1.5999999999999999]
L_list: [2.359248609908547]
[-2.41421356 -1.         -1.         -0.41421356  0.41421356  1.
  1.          2.41421356]
W: 1.5999999999999999
num_iter: 0
[-0.41889677 -0.40480084 -0.39061274 -0.37598949 -0.36207895 -0.3476788
 -0.33295301 -0.31856904 -0.30449689 -0.29081713 -0.2770637  -0.26340319
 -0.24992514 -0.23746792 -0.2245377  -0.21146259 -0.1994266  -0.18702604
 -0.17494878 -0.16259893 -0.15052267 -0.13864732 -0.1264933  -0.11454588
 -0.10231702 -0.09014175 -0.07839468 -0.06533695 -0.05250355 -0.03986199
 -0.0267924  -0.01364251  0.01364422  0.02679351  0.03985931  0.05250232
  0.06533409  0.07840217  0.09013476  0.10232259  0.11453829  0.12650112
  0.13865072  0.15052242  0.16260483  0.17493929  0.18702284  0.19940812
  0.21147877  0.22453266  0.23745866  0.24993424  0.2634032   0.27706173
  0.29081554  0.30449319  0.31856674  0.33296201  0.34768236  0.36207044
  0.37599562  0.39061967  0.4047962   0.41890265]
localization_length: 2.2906346252114482
2.2747894879515727
W_list: [1.5999999999999999]
L_list: [2.2747894879515727]
