W: 3.0
num_iter: 0
[-0.85119805 -0.85119805 -0.79770246 -0.79770246 -0.72355558 -0.72355558
 -0.63297068 -0.63297068 -0.52488135 -0.52488135 -0.39759951 -0.39759951
 -0.24906109 -0.24906109 -0.06921299 -0.06921299  0.06921417  0.06921417
  0.24906021  0.24906021  0.39759831  0.39759831  0.52488345  0.52488345
  0.63297352  0.63297352  0.72355398  0.72355398  0.79770298  0.79770298
  0.8511951   0.8511951 ]
localization_length: 1.8060193129580595
1.8230453121015864
W_list: [3.0]
L_list: [14.584362496812691]
