Norm difference: 1.0
Norm difference: 1.0
1 1
1 2
1 3
2 1
2 2
2 3
3 1
3 2
3 3
1 1
1 2
1 3
2 1
2 2
2 3
3 1
3 2
3 3
1 1
1 2
1 3
2 1
2 2
2 3
3 1
3 2
3 3
1 1
1 2
1 3
2 1
2 2
2 3
3 1
3 2
3 3
1 1
1 2
1 3
2 1
2 2
2 3
3 1
3 2
3 3
1 1
1 2
1 3
2 1
2 2
2 3
3 1
3 2
3 3
1 1
1 2
1 3
2 1
2 2
2 3
3 1
3 2
3 3
1 1
1 2
1 3
2 1
2 2
2 3
3 1
3 2
3 3
1 1
1 2
1 3
2 1
2 2
2 3
3 1
3 2
3 3
1 1
1 2
1 3
2 1
2 2
2 3
3 1
3 2
3 3
1 1
1 2
1 3
2 1
2 2
2 3
3 1
3 2
3 3
1 1
1 2
1 3
2 1
2 2
2 3
3 1
3 2
3 3
1 1
1 2
1 3
2 1
2 2
2 3
3 1
3 2
3 3
1 1
1 2
1 3
2 1
2 2
2 3
3 1
3 2
3 3
1 1
1 2
1 3
2 1
2 2
2 3
3 1
3 2
3 3
1 1
1 2
1 3
2 1
2 2
2 3
3 1
3 2
3 3
1 1
1 2
1 3
2 1
2 2
2 3
3 1
3 2
3 3
1 1
1 2
1 3
2 1
2 2
2 3
3 1
3 2
3 3
1 1
1 2
1 3
2 1
2 2
2 3
3 1
3 2
3 3
1 1
1 2
1 3
2 1
2 2
2 3
3 1
3 2
3 3
1 1 1 0.012238530493475905
1 2 1 0.007243425555679169
1 3 1 0.011373675983662932
2 1 1 0.00756008835183859
2 2 1 0.004379114669605352
2 3 1 0.006517320198687353
3 1 1 0.010973429518909344
3 2 1 0.006425061322724831
3 3 1 0.00819257544690178
1 1 2 0.011974087646494578
1 2 2 0.005887870730292588
1 3 2 0.009133312731192497
2 1 2 0.006621968857713535
2 2 2 0.004587099825992749
2 3 2 0.005974842033075762
3 1 2 0.00914038098119634
3 2 2 0.004943193060145963
3 3 2 0.006840460523069669
1 1 3 0.011033523823171335
1 2 3 0.005762107648987296
1 3 3 0.007963250020060125
2 1 3 0.005417071479483615
2 2 3 0.0040102063568710185
2 3 3 0.004357407120392084
3 1 3 0.006857310703653574
3 2 3 0.0035782775444398855
3 3 3 0.006033207732260322
1 1 4 0.008510317770856634
1 2 4 0.005164578614007575
1 3 4 0.006954160189140707
2 1 4 0.0043144737239142
2 2 4 0.00407327203245122
2 3 4 0.004724883497276899
3 1 4 0.005374572022776815
3 2 4 0.0037921977749905524
3 3 4 0.0048354551144464755
1 1 5 0.0074341009449821974
1 2 5 0.0034784118430455624
1 3 5 0.004438982256801427
2 1 5 0.003795297907285797
2 2 5 0.0029922119516436535
2 3 5 0.0043264717348185325
3 1 5 0.00606762206276689
3 2 5 0.0030077156455523843
3 3 5 0.004461315420144779
1 1 6 0.006548259589064973
1 2 6 0.003022613447343245
1 3 6 0.006089431168181394
2 1 6 0.003928555911425791
2 2 6 0.0030137280346885756
2 3 6 0.0038623262758797515
3 1 6 0.005334479415290797
3 2 6 0.0027995912726191683
3 3 6 0.0043624466965204705
1 1 7 0.004897579205013651
1 2 7 0.003348669329098075
1 3 7 0.005507158565720824
2 1 7 0.003386190442624078
2 2 7 0.0023019386115927633
2 3 7 0.0025859273244667525
3 1 7 0.0035446493158673618
3 2 7 0.0022301643445470196
3 3 7 0.0038022187692349128
1 1 8 0.0029651161614923463
1 2 8 0.004243852013765224
1 3 8 0.004521837669709581
2 1 8 0.0030738497502734996
2 2 8 0.002326532881232044
2 3 8 0.002517438096157851
3 1 8 0.003187644601675028
3 2 8 0.0025400336173954066
3 3 8 0.003519137652028645
1 1 9 0.0023498269301016382
1 2 9 0.0032302665340846895
1 3 9 0.003706246174207308
2 1 9 0.002979600467669202
2 2 9 0.0020323217330776885
2 3 9 0.0021692866265690678
3 1 9 0.0029782530813863674
3 2 9 0.0023682579897610937
3 3 9 0.003472180844978701
1 1 10 0.0035723870176979943
1 2 10 0.002994185762569578
1 3 10 0.0035924677412464317
2 1 10 0.0030955465225215193
2 2 10 0.002732601251228412
2 3 10 0.002090726696679192
3 1 10 0.0019424236471437925
3 2 10 0.002706544771042612
3 3 10 0.0028585877167118775
1 1 11 0.0038306295294549646
1 2 11 0.0027653736840892217
1 3 11 0.003237714497978713
2 1 11 0.002247706359856029
2 2 11 0.001942590797383224
2 3 11 0.002484685592426814
3 1 11 0.0019253200774738237
3 2 11 0.0018349917613947986
3 3 11 0.0023028798896180345
1 1 12 0.003511192576984584
1 2 12 0.0023054543283870573
1 3 12 0.0022192747335888657
2 1 12 0.002362724677843736
2 2 12 0.0022151522845630057
2 3 12 0.0024148154085613873
3 1 12 0.0021540056928240495
3 2 12 0.00228004383344505
3 3 12 0.002531217887609036
1 1 13 0.0017965190039115988
1 2 13 0.0026394266890224184
1 3 13 0.002987985227349308
2 1 13 0.0028369664051921257
2 2 13 0.0012334373521105297
2 3 13 0.0020054592805739814
3 1 13 0.0030095377394523956
3 2 13 0.0019329491358816484
3 3 13 0.0013285998851597365
1 1 14 0.0025797551165064997
1 2 14 0.0026134349829484227
1 3 14 0.002617736889681862
2 1 14 0.0018911084617941835
2 2 14 0.0017731599430025019
2 3 14 0.0015826732274010357
3 1 14 0.0024799645855179617
3 2 14 0.0019979520079281073
3 3 14 0.0017823602880939285
1 1 15 0.0026345044380621497
1 2 15 0.0026130372061762826
1 3 15 0.00256505749445621
2 1 15 0.0012991485113893566
2 2 15 0.0013351437398868107
2 3 15 0.001801410801960858
3 1 15 0.0017780245195904987
3 2 15 0.002314745026166513
3 3 15 0.0018194735573900563
1 1 16 0.002159422924007962
1 2 16 0.0026391044000674624
1 3 16 0.001756201949292663
2 1 16 0.0010019031054758114
2 2 16 0.0017875868882840946
2 3 16 0.0018474930269750916
3 1 16 0.0018644052676525448
3 2 16 0.0019302225358608393
3 3 16 0.0024477245083027194
1 1 17 0.002683356559420767
1 2 17 0.0018612101387540576
1 3 17 0.002812579969710652
2 1 17 0.0009402998310932508
2 2 17 0.0016791593985881867
2 3 17 0.002119711048066543
3 1 17 0.001668611832576403
3 2 17 0.001809880656087317
3 3 17 0.002390369552406965
1 1 18 0.0018840124022933356
1 2 18 0.001499569518904955
1 3 18 0.002732152405032065
2 1 18 0.0016825342939533756
2 2 18 0.0016421918538220663
2 3 18 0.0017474591581510106
3 1 18 0.001689751075367093
3 2 18 0.0013493010976866602
3 3 18 0.0016705063741910824
1 1 19 0.0011203532294445072
1 2 19 0.0018401918439996002
1 3 19 0.0017475303855442694
2 1 19 0.0017298952764100435
2 2 19 0.0016686884595992415
2 3 19 0.0011001588459225433
3 1 19 0.0020101447636233297
3 2 19 0.0012992706405310587
3 3 19 0.001915672689103868
1 1 20 0.0020251472982123165
1 2 20 0.0013535230574786654
1 3 20 0.002306098771186256
2 1 20 0.0018762156725026838
2 2 20 0.0011974094356753348
2 3 20 0.000988386005123287
3 1 20 0.0014278175787780373
3 2 20 0.0010308447374402384
3 3 20 0.001634889488286254
