C_list:
0.000663328018132362 0.21483666438049717
C_list:
0.0006126572394964192 0.2274409807478936
C_list:
0.0006639531523449764 0.2357035275747025
C_list:
0.0006388133240091665 0.25475005772111886
C_list:
0.0005696159537452305 0.2716823191948296
C_list:
0.000655574934360167 0.2857260691845601
ndim2: 60
W_list: [2.3, 2.4, 2.5, 2.5999999999999996, 2.6999999999999997, 2.8]
L_list: [4.6546989680909405, 4.396745022430446, 4.242617878016551, 3.925416186145577, 3.680769521416214, 3.4998556584420943]
C_list:
0.0005402524319805877 0.15309667756443832
C_list:
0.0005526365970958088 0.16634765987564254
C_list:
0.0005227330892344223 0.18425406478313777
C_list:
0.0006233736729902163 0.19576158028640953
C_list:
0.0005352248126272888 0.20404683600194068
C_list:
0.0005297727814316786 0.21545448649347848
ndim2: 60
W_list: [2.3, 2.4, 2.5, 2.5999999999999996, 2.6999999999999997, 2.8]
L_list: [6.531820388976766, 6.011506267942547, 5.427288679774712, 5.108254635751035, 4.900835610067921, 4.641351481117886]
C_list:
0.0005041698070633596 0.1292723554132744
C_list:
0.0005497063279934083 0.15049123991835062
C_list:
0.00048750211111806994 0.15379451182281276
C_list:
0.0004936126853540822 0.1655849005889811
C_list:
0.0005458996491502927 0.1746607021219174
C_list:
0.0004999853865221368 0.18615558733368548
ndim2: 60
W_list: [2.3, 2.4, 2.5, 2.5999999999999996, 2.6999999999999997, 2.8]
L_list: [7.735605936807388, 6.644905049241088, 6.502182608129111, 6.039197997178647, 5.7253863510864385, 5.371850581135077]
