Norm difference: 1.0
Norm difference: 1.0
1 1
1 2
1 3
2 1
2 2
2 3
3 1
3 2
3 3
1 1
1 2
1 3
2 1
2 2
2 3
3 1
3 2
3 3
1 1
1 2
1 3
2 1
2 2
2 3
3 1
3 2
3 3
1 1
1 2
1 3
2 1
2 2
2 3
3 1
3 2
3 3
1 1
1 2
1 3
2 1
2 2
2 3
3 1
3 2
3 3
1 1
1 2
1 3
2 1
2 2
2 3
3 1
3 2
3 3
1 1
1 2
1 3
2 1
2 2
2 3
3 1
3 2
3 3
1 1
1 2
1 3
2 1
2 2
2 3
3 1
3 2
3 3
1 1
1 2
1 3
2 1
2 2
2 3
3 1
3 2
3 3
1 1
1 2
1 3
2 1
2 2
2 3
3 1
3 2
3 3
1 1
1 2
1 3
2 1
2 2
2 3
3 1
3 2
3 3
1 1
1 2
1 3
2 1
2 2
2 3
3 1
3 2
3 3
1 1
1 2
1 3
2 1
2 2
2 3
3 1
3 2
3 3
1 1
1 2
1 3
2 1
2 2
2 3
3 1
3 2
3 3
1 1
1 2
1 3
2 1
2 2
2 3
3 1
3 2
3 3
1 1
1 2
1 3
2 1
2 2
2 3
3 1
3 2
3 3
1 1
1 2
1 3
2 1
2 2
2 3
3 1
3 2
3 3
1 1
1 2
1 3
2 1
2 2
2 3
3 1
3 2
3 3
1 1
1 2
1 3
2 1
2 2
2 3
3 1
3 2
3 3
1 1
1 2
1 3
2 1
2 2
2 3
3 1
3 2
3 3
1 1 1 0.003407351271168483
1 2 1 0.0037455201359100866
1 3 1 0.004816226411448787
2 1 1 0.0031473260598169467
2 2 1 0.0016997628733697785
2 3 1 0.0039821418791666984
3 1 1 0.0021054834074496296
3 2 1 0.003093035874545415
3 3 1 0.004490216277124712
1 1 2 0.004013345280196282
1 2 2 0.003721463706362449
1 3 2 0.00592696327354497
2 1 2 0.0028117217373836885
2 2 2 0.0019719552338342493
2 3 2 0.0036132674745629804
3 1 2 0.0020833886791155635
3 2 2 0.0021948344284088792
3 3 2 0.004968109354335577
1 1 3 0.0033174104159769333
1 2 3 0.0032418557381479556
1 3 3 0.008907492606713316
2 1 3 0.002193653699317499
2 2 3 0.0013422441059252404
2 3 3 0.004189706781916273
3 1 3 0.0028226190709752775
3 2 3 0.003377312612360658
3 3 3 0.006702815967921366
1 1 4 0.0036197406220540088
1 2 4 0.00455087079636311
1 3 4 0.00806280740517647
2 1 4 0.002682306154607168
2 2 4 0.0027171806945836454
2 3 4 0.0038401691264486467
3 1 4 0.003873566999896146
3 2 4 0.004723663655760363
3 3 4 0.006392564693207638
1 1 5 0.0027485578936566448
1 2 5 0.003721117773462363
1 3 5 0.007368289595922324
2 1 5 0.0024461589607811533
2 2 5 0.00250505651456153
2 3 5 0.00441654545170618
3 1 5 0.004111915209591333
3 2 5 0.003316588502883198
3 3 5 0.005511460415544322
1 1 6 0.002630746873259378
1 2 6 0.003984308772539819
1 3 6 0.006471245614903996
2 1 6 0.0021231385296484103
2 2 6 0.002150995920677805
2 3 6 0.003510631454236868
3 1 6 0.002867324963698009
3 2 6 0.002257031636942504
3 3 6 0.005734609797054209
1 1 7 0.003341885129803561
1 2 7 0.0034998398060491613
1 3 7 0.007303900803943669
2 1 7 0.0014294291950843283
2 2 7 0.0017778618313377473
2 3 7 0.004531382392037847
3 1 7 0.003106335240487704
3 2 7 0.002496007076593555
3 3 7 0.005904311757593152
1 1 8 0.003597267719746302
1 2 8 0.0024484187634401825
1 3 8 0.005526846126605884
2 1 8 0.002138868573885649
2 2 8 0.0019367760166067367
2 3 8 0.004096124894694947
3 1 8 0.002917335816131886
3 2 8 0.0024331547904150853
3 3 8 0.005099926796977844
1 1 9 0.003066846355352876
1 2 9 0.001815577965478516
1 3 9 0.0049380134515589775
2 1 9 0.0015856410370921593
2 2 9 0.0026970715101550394
2 3 9 0.003970013924989335
3 1 9 0.0029010667924362103
3 2 9 0.002428443783734012
3 3 9 0.004972521193602792
1 1 10 0.003935025176174263
1 2 10 0.0015320598007792512
1 3 10 0.004522326693727243
2 1 10 0.002849677251337087
2 2 10 0.0018515045502134082
2 3 10 0.0035236684876755672
3 1 10 0.003287075862752456
3 2 10 0.0025892142526562916
3 3 10 0.004854904187623311
1 1 11 0.0030541008214410173
1 2 11 0.0020099271646144994
1 3 11 0.003542227097396912
2 1 11 0.0019424457693551756
2 2 11 0.0016594862550210732
2 3 11 0.0029387718093227553
3 1 11 0.0030929125012791325
3 2 11 0.0024181351969257228
3 3 11 0.004593866811146129
1 1 12 0.0036278317591413437
1 2 12 0.00253488060168039
1 3 12 0.004470096472134542
2 1 12 0.002585212241908518
2 2 12 0.0019026881622333795
2 3 12 0.0025971009130790626
3 1 12 0.002184322263037681
3 2 12 0.0029987039957447906
3 3 12 0.0043057899500096265
1 1 13 0.0048716488765991675
1 2 13 0.002187969938312745
1 3 13 0.005220916338068466
2 1 13 0.0027522506851816973
2 2 13 0.0019883664564614746
2 3 13 0.003318324100413121
3 1 13 0.004019630858719178
3 2 13 0.002362479934214199
3 3 13 0.005528806668742518
1 1 14 0.004533424971514705
1 2 14 0.0032961583105207575
1 3 14 0.004095123267553143
2 1 14 0.0033137013604515333
2 2 14 0.0017488955922196916
2 3 14 0.003662190606477772
3 1 14 0.0039377022372338024
3 2 14 0.002288174971507338
3 3 14 0.00451757306227228
1 1 15 0.004382312266431274
1 2 15 0.003480831868127666
1 3 15 0.004721435964606625
2 1 15 0.002505675683731054
2 2 15 0.001808484690397268
2 3 15 0.0026201060113280007
3 1 15 0.002984820562692854
3 2 15 0.0026272621122807017
3 3 15 0.003985738657222309
1 1 16 0.0038024552065343818
1 2 16 0.002986325361309781
1 3 16 0.005222736834929418
2 1 16 0.0019070235426281563
2 2 16 0.0019459789223273977
2 3 16 0.0021962033227063446
3 1 16 0.0032324059053128887
3 2 16 0.002426851536164947
3 3 16 0.0041646788490094675
1 1 17 0.004532778313205236
1 2 17 0.0027027533104934517
1 3 17 0.003705385132593562
2 1 17 0.0028008180785862994
2 2 17 0.0017618772170802277
2 3 17 0.002732497497404083
3 1 17 0.003942360304850764
3 2 17 0.002555634757658486
3 3 17 0.0033695685860028633
1 1 18 0.0030422986136810493
1 2 18 0.0023365295497377895
1 3 18 0.0037775883171647165
2 1 18 0.002335808559958209
2 2 18 0.0015899767222676002
2 3 18 0.0024335749457435937
3 1 18 0.003813756910737774
3 2 18 0.0023236925563843254
3 3 18 0.002985661788105338
1 1 19 0.002724471467414028
1 2 19 0.0024235064649162944
1 3 19 0.0032978954701510426
2 1 19 0.001865543915551228
2 2 19 0.0014622622464117337
2 3 19 0.0021205902167841053
3 1 19 0.002370645040899735
3 2 19 0.001992421149171541
3 3 19 0.003168314991911918
1 1 20 0.002565243607158547
1 2 20 0.0018121908008621537
1 3 20 0.002743369458939957
2 1 20 0.0013120129144025446
2 2 20 0.0012120049120829418
2 3 20 0.0020113523711953554
3 1 20 0.002495699982921768
3 2 20 0.0017310738038697968
3 3 20 0.0024679033669447433
