[-2.41421356 -1.         -1.         -0.41421356  0.41421356  1.
  1.          2.41421356]
W: 3.8000000000000003
num_iter: 0
[-0.89806596 -0.88431039 -0.87100812 -0.85770846 -0.84271124 -0.82718261
 -0.81198313 -0.79544775 -0.77813092 -0.7600364  -0.74176058 -0.7227026
 -0.70263813 -0.68220107 -0.66076386 -0.63784244 -0.61520299 -0.59134269
 -0.56685214 -0.54111153 -0.51465547 -0.48677154 -0.45791194 -0.42817978
 -0.39721736 -0.36460737 -0.33094605 -0.29403701 -0.25567544 -0.21314304
 -0.16566969 -0.1098386   0.10983914  0.16566937  0.21314135  0.2556766
  0.29404171  0.33094103  0.36461222  0.39722846  0.42818071  0.45791044
  0.48676608  0.51465241  0.54110523  0.56686511  0.59133491  0.6152008
  0.63782518  0.66077789  0.68221041  0.70264002  0.72270272  0.74176139
  0.76002407  0.77813327  0.79544193  0.81198487  0.82717918  0.84272131
  0.85768697  0.87102994  0.88431152  0.89806009]
localization_length: 0.2845083635647901
0.287286806068119
W_list: [3.8000000000000003]
L_list: [0.287286806068119]
[-2.41421356 -1.         -1.         -0.41421356  0.41421356  1.
  1.          2.41421356]
W: 3.8000000000000003
num_iter: 0
[-0.89799556 -0.88418517 -0.87049916 -0.85615818 -0.8421328  -0.82718881
 -0.81104525 -0.79510574 -0.77774831 -0.75996586 -0.74156344 -0.72224748
 -0.70238096 -0.68154801 -0.66052849 -0.63819565 -0.61524561 -0.59116756
 -0.56670288 -0.54043989 -0.51408783 -0.48742523 -0.45896135 -0.42892941
 -0.39775589 -0.36409662 -0.33115494 -0.29481692 -0.2551778  -0.21354294
 -0.16627551 -0.10888745  0.10888849  0.16627499  0.21353705  0.2551789
  0.29480504  0.33115623  0.36411952  0.39776524  0.42893132  0.45896516
  0.48742131  0.51407252  0.54045317  0.56669532  0.59117339  0.61524366
  0.638187    0.66052233  0.68156288  0.70237771  0.72224178  0.74156235
  0.75995478  0.77774734  0.79510493  0.81104859  0.82718599  0.84212306
  0.85616777  0.87049961  0.88418897  0.89800029]
localization_length: 0.2869935818271463
0.2851050775693685
W_list: [3.8000000000000003]
L_list: [0.2851050775693685]
