Norm difference: 1.0
Norm difference: 1.0
1 1
1 2
2 1
2 2
1 1
1 2
2 1
2 2
1 1
1 2
2 1
2 2
1 1
1 2
2 1
2 2
1 1
1 2
2 1
2 2
1 1
1 2
2 1
2 2
1 1
1 2
2 1
2 2
1 1
1 2
2 1
2 2
1 1
1 2
2 1
2 2
1 1
1 2
2 1
2 2
1 1
1 2
2 1
2 2
1 1
1 2
2 1
2 2
1 1
1 2
2 1
2 2
1 1
1 2
2 1
2 2
1 1
1 2
2 1
2 2
1 1
1 2
2 1
2 2
1 1
1 2
2 1
2 2
1 1
1 2
2 1
2 2
1 1
1 2
2 1
2 2
1 1
1 2
2 1
2 2
1 1 1 0.008129313577797751
1 2 1 0.0115596261663993
2 1 1 0.009548699856841905
2 2 1 0.00704659335629299
1 1 2 0.007362481625620991
1 2 2 0.013212347928621356
2 1 2 0.006857994543675057
2 2 2 0.0048732163897065575
1 1 3 0.010096001576007459
1 2 3 0.009326950058398823
2 1 3 0.0065021410364460965
2 2 3 0.005101637219106014
1 1 4 0.009028639812387051
1 2 4 0.0074228993949554
2 1 4 0.00521363444471461
2 2 4 0.007846650186158707
1 1 5 0.006633425853471748
1 2 5 0.005733305584651045
2 1 5 0.00523808238956551
2 2 5 0.006917015490139325
1 1 6 0.004429845501307699
1 2 6 0.008257857075752443
2 1 6 0.005305541294668902
2 2 6 0.005886965911583894
1 1 7 0.004902602717254467
1 2 7 0.0054508229954473
2 1 7 0.004039066905749766
2 2 7 0.005746241315375634
1 1 8 0.006117463940874405
1 2 8 0.005272158101579556
2 1 8 0.00421364671932647
2 2 8 0.0035786880100869083
1 1 9 0.004057164844926087
1 2 9 0.005149222558975592
2 1 9 0.004023462603190537
2 2 9 0.003461065204810347
1 1 10 0.0036171924207028467
1 2 10 0.0029037232388421175
2 1 10 0.0033184346388927233
2 2 10 0.0032379911380067605
1 1 11 0.0027594822017729284
1 2 11 0.002804543907373295
2 1 11 0.002669371583837135
2 2 11 0.00246413314161307
1 1 12 0.0024211466645552957
1 2 12 0.0025897204241015657
2 1 12 0.001941617189839161
2 2 12 0.0016915508368250363
1 1 13 0.002216270363705834
1 2 13 0.002467904677174971
2 1 13 0.0015523524982591014
2 2 13 0.0016229362827156948
1 1 14 0.0020485540636516154
1 2 14 0.0018978749900254767
2 1 14 0.0011789826628352006
2 2 14 0.0017486943516336379
1 1 15 0.0017468602395172643
1 2 15 0.0016563449479953744
2 1 15 0.0014816798537427693
2 2 15 0.0011017583751606681
1 1 16 0.0013548450399772714
1 2 16 0.0021098840887601475
2 1 16 0.0013283929530179778
2 2 16 0.001262903708120492
1 1 17 0.0015161426902136027
1 2 17 0.0012300442409419392
2 1 17 0.0009661468531629288
2 2 17 0.0013637388008325055
1 1 18 0.0014396034598229504
1 2 18 0.0009035859822881555
2 1 18 0.0010541836803892157
2 2 18 0.0009175413731770908
1 1 19 0.0009150889032897959
1 2 19 0.0009824224825416132
2 1 19 0.0009067623889415767
2 2 19 0.0007502389917362355
1 1 20 0.0007541486701343745
1 2 20 0.0007528937598474123
2 1 20 0.0007459724417218595
2 2 20 0.0007094928020168994
