W: 2.0
num_iter: 0
[-0.63424787 -0.63424787 -0.62744101 -0.62744101 -0.61867425 -0.61867425
 -0.60910153 -0.60910153 -0.59818368 -0.59818368 -0.58625764 -0.58625764
 -0.57337736 -0.57337736 -0.55981667 -0.55981667 -0.54531881 -0.54531881
 -0.53004545 -0.53004545 -0.51394572 -0.51394572 -0.49758338 -0.49758338
 -0.47975289 -0.47975289 -0.46152984 -0.46152984 -0.44262961 -0.44262961
 -0.42303534 -0.42303534 -0.40246268 -0.40246268 -0.38116571 -0.38116571
 -0.35903471 -0.35903471 -0.3359334  -0.3359334  -0.3117846  -0.3117846
 -0.28689376 -0.28689376 -0.26117042 -0.26117042 -0.23451902 -0.23451902
 -0.20709286 -0.20709286 -0.17936077 -0.17936077 -0.15044983 -0.15044983
 -0.12173399 -0.12173399 -0.0925426  -0.0925426  -0.06376162 -0.06376162
 -0.03517156 -0.03517156 -0.00734522 -0.00734522  0.00734334  0.00734334
  0.03517569  0.03517569  0.06375644  0.06375644  0.09254597  0.09254597
  0.12173483  0.12173483  0.15044925  0.15044925  0.17936089  0.17936089
  0.20709744  0.20709744  0.23452022  0.23452022  0.26116745  0.26116745
  0.28689846  0.28689846  0.31179126  0.31179126  0.33593224  0.33593224
  0.35903593  0.35903593  0.38116674  0.38116674  0.40245896  0.40245896
  0.42303879  0.42303879  0.44262462  0.44262462  0.46153236  0.46153236
  0.47974941  0.47974941  0.49757917  0.49757917  0.51394463  0.51394463
  0.53004227  0.53004227  0.54531957  0.54531957  0.559815    0.559815
  0.57337686  0.57337686  0.58625877  0.58625877  0.59818408  0.59818408
  0.60910382  0.60910382  0.61867134  0.61867134  0.62744078  0.62744078
  0.63424723  0.63424723]
localization_length: 4.255557346036467
4.2503981739939745
W_list: [2.0]
L_list: [136.01274156780718]
