W: 3.0
num_iter: 0
[-0.86468545 -0.86468545 -0.8550066  -0.8550066  -0.8439471  -0.8439471
 -0.83160557 -0.83160557 -0.81821339 -0.81821339 -0.80331933 -0.80331933
 -0.78715431 -0.78715431 -0.77025847 -0.77025847 -0.75179637 -0.75179637
 -0.73231359 -0.73231359 -0.71188981 -0.71188981 -0.69020433 -0.69020433
 -0.6675927  -0.6675927  -0.64340583 -0.64340583 -0.61903145 -0.61903145
 -0.59288351 -0.59288351 -0.56589885 -0.56589885 -0.53763669 -0.53763669
 -0.50820324 -0.50820324 -0.47776317 -0.47776317 -0.44590843 -0.44590843
 -0.41284662 -0.41284662 -0.37882282 -0.37882282 -0.34281339 -0.34281339
 -0.30608799 -0.30608799 -0.26799233 -0.26799233 -0.22890995 -0.22890995
 -0.18925217 -0.18925217 -0.14840714 -0.14840714 -0.10612106 -0.10612106
 -0.06400128 -0.06400128 -0.01724478 -0.01724478  0.01724441  0.01724441
  0.06400243  0.06400243  0.10612329  0.10612329  0.14840229  0.14840229
  0.1892524   0.1892524   0.22891448  0.22891448  0.26799141  0.26799141
  0.30609348  0.30609348  0.34281174  0.34281174  0.37882316  0.37882316
  0.41284671  0.41284671  0.44591128  0.44591128  0.47776244  0.47776244
  0.50819968  0.50819968  0.53762855  0.53762855  0.56590059  0.56590059
  0.59287233  0.59287233  0.6190321   0.6190321   0.64340767  0.64340767
  0.66760354  0.66760354  0.69020051  0.69020051  0.71189071  0.71189071
  0.73232265  0.73232265  0.75179829  0.75179829  0.7702577   0.7702577
  0.78715269  0.78715269  0.80331406  0.80331406  0.81822182  0.81822182
  0.83160788  0.83160788  0.84394275  0.84394275  0.85500371  0.85500371
  0.86468099  0.86468099]
localization_length: 1.8121812578887084
1.7559594195709727
W_list: [3.0]
L_list: [56.190701426271126]
