Norm difference: 1.0
Norm difference: 1.0
1 1
1 2
1 3
2 1
2 2
2 3
3 1
3 2
3 3
1 1
1 2
1 3
2 1
2 2
2 3
3 1
3 2
3 3
1 1
1 2
1 3
2 1
2 2
2 3
3 1
3 2
3 3
1 1
1 2
1 3
2 1
2 2
2 3
3 1
3 2
3 3
1 1
1 2
1 3
2 1
2 2
2 3
3 1
3 2
3 3
1 1
1 2
1 3
2 1
2 2
2 3
3 1
3 2
3 3
1 1
1 2
1 3
2 1
2 2
2 3
3 1
3 2
3 3
1 1
1 2
1 3
2 1
2 2
2 3
3 1
3 2
3 3
1 1
1 2
1 3
2 1
2 2
2 3
3 1
3 2
3 3
1 1
1 2
1 3
2 1
2 2
2 3
3 1
3 2
3 3
1 1
1 2
1 3
2 1
2 2
2 3
3 1
3 2
3 3
1 1
1 2
1 3
2 1
2 2
2 3
3 1
3 2
3 3
1 1
1 2
1 3
2 1
2 2
2 3
3 1
3 2
3 3
1 1
1 2
1 3
2 1
2 2
2 3
3 1
3 2
3 3
1 1
1 2
1 3
2 1
2 2
2 3
3 1
3 2
3 3
1 1
1 2
1 3
2 1
2 2
2 3
3 1
3 2
3 3
1 1
1 2
1 3
2 1
2 2
2 3
3 1
3 2
3 3
1 1
1 2
1 3
2 1
2 2
2 3
3 1
3 2
3 3
1 1
1 2
1 3
2 1
2 2
2 3
3 1
3 2
3 3
1 1
1 2
1 3
2 1
2 2
2 3
3 1
3 2
3 3
1 1 1 0.015131240605175003
1 2 1 0.013885438902282226
1 3 1 0.014035157895756567
2 1 1 0.01151761259167944
2 2 1 0.009106965443869519
2 3 1 0.01645943084574681
3 1 1 0.014497574955345982
3 2 1 0.012168250601020319
3 3 1 0.017611635718959184
1 1 2 0.01240844509969875
1 2 2 0.010325920972403226
1 3 2 0.016887165950407707
2 1 2 0.009475220917581803
2 2 2 0.012125028692598344
2 3 2 0.016396786278335136
3 1 2 0.01664764980177423
3 2 2 0.016424795379848846
3 3 2 0.019880423860348044
1 1 3 0.009231105380594235
1 2 3 0.014562719494139375
1 3 3 0.015125488281041266
2 1 3 0.008129378167966664
2 2 3 0.010769511363567765
2 3 3 0.014127501158528677
3 1 3 0.01387202330465063
3 2 3 0.014081977053586974
3 3 3 0.018607938555149937
1 1 4 0.007219608102302782
1 2 4 0.011159071657337798
1 3 4 0.014669510117209855
2 1 4 0.010469870482346783
2 2 4 0.012821454930144091
2 3 4 0.016271617534848782
3 1 4 0.012894810304875257
3 2 4 0.014202113112462514
3 3 4 0.019106936015727896
1 1 5 0.007476194277423627
1 2 5 0.008785298005897692
1 3 5 0.016378636938189042
2 1 5 0.010294875006601398
2 2 5 0.012734855743045698
2 3 5 0.013864135599849827
3 1 5 0.010095889501647606
3 2 5 0.012177503427927259
3 3 5 0.018986937181442783
1 1 6 0.007622666230274066
1 2 6 0.008300436072982292
1 3 6 0.015183524260765604
2 1 6 0.008491803657909879
2 2 6 0.009143518970533598
2 3 6 0.01543138957269789
3 1 6 0.010466325619036841
3 2 6 0.015612602607500567
3 3 6 0.015220676682354606
1 1 7 0.008630508913669888
1 2 7 0.011384610096585108
1 3 7 0.012809055238748479
2 1 7 0.011499170965111688
2 2 7 0.010338629670412915
2 3 7 0.014183433689303105
3 1 7 0.009116836988552467
3 2 7 0.01261329734888727
3 3 7 0.01445105873903621
1 1 8 0.010932608777964852
1 2 8 0.010925959808277824
1 3 8 0.00980783660171345
2 1 8 0.01052085615114655
2 2 8 0.009792566898424112
2 3 8 0.009942315991084787
3 1 8 0.009208164295433793
3 2 8 0.008481543419273431
3 3 8 0.012732751715634585
1 1 9 0.012031090303749948
1 2 9 0.009876679669754621
1 3 9 0.010823737847085495
2 1 9 0.008279963909646476
2 2 9 0.009635505373745325
2 3 9 0.010550125296267462
3 1 9 0.00868514373509778
3 2 9 0.011394021911084231
3 3 9 0.010005439157116453
1 1 10 0.010601863805868302
1 2 10 0.011324046894380314
1 3 10 0.009631992009097114
2 1 10 0.009656795963291493
2 2 10 0.007330442100049808
2 3 10 0.009376190440247683
3 1 10 0.009947135762263706
3 2 10 0.008025398768893757
3 3 10 0.009708539949571656
1 1 11 0.008215644295164741
1 2 11 0.008845094645950864
1 3 11 0.008379843060697476
2 1 11 0.007970166991174484
2 2 11 0.0070240573760002156
2 3 11 0.010033614246257417
3 1 11 0.012272911177628455
3 2 11 0.009053089594097364
3 3 11 0.010478448039130051
1 1 12 0.006852945438692419
1 2 12 0.007463765885002865
1 3 12 0.010132118886039088
2 1 12 0.006626447051775339
2 2 12 0.007021300808985112
2 3 12 0.009031513992421341
3 1 12 0.00989489139997379
3 2 12 0.008816422298963317
3 3 12 0.009093746121413684
1 1 13 0.006248736400983739
1 2 13 0.007683964969706869
1 3 13 0.010197630753438729
2 1 13 0.006823630207829707
2 2 13 0.007977237400311902
2 3 13 0.006722810078624368
3 1 13 0.009356310862602073
3 2 13 0.0102235970374615
3 3 13 0.00880254342904676
1 1 14 0.005916538118131384
1 2 14 0.007292347764087678
1 3 14 0.009780188697920602
2 1 14 0.004450528826084543
2 2 14 0.0059267202459309335
2 3 14 0.006636748426888666
3 1 14 0.007149595907121611
3 2 14 0.008053436629264448
3 3 14 0.007384865629431395
1 1 15 0.004982800166749405
1 2 15 0.006538452645459479
1 3 15 0.007953812005787143
2 1 15 0.0069801677011165405
2 2 15 0.005867535029755663
2 3 15 0.006147980476804753
3 1 15 0.007301886676606893
3 2 15 0.008649705377206225
3 3 15 0.008324928244235417
1 1 16 0.005838435044403965
1 2 16 0.006795495686200766
1 3 16 0.007220879037384888
2 1 16 0.005648391830260672
2 2 16 0.0049414960513104785
2 3 16 0.005537186634071736
3 1 16 0.004702248093899233
3 2 16 0.0055783808893852425
3 3 16 0.008044338871172046
1 1 17 0.0057356268270469385
1 2 17 0.00530606090498885
1 3 17 0.005618723095458239
2 1 17 0.0045586408655005255
2 2 17 0.005111155091526649
2 3 17 0.00403270233738705
3 1 17 0.006144472953928338
3 2 17 0.005801921178674373
3 3 17 0.006937919152184298
1 1 18 0.006072848223935218
1 2 18 0.006256326073129602
1 3 18 0.004931813619799195
2 1 18 0.004589457567416054
2 2 18 0.0054001475130192
2 3 18 0.003984990793224423
3 1 18 0.004833458431299127
3 2 18 0.005515489807090488
3 3 18 0.0060927819411384625
1 1 19 0.005500774469024167
1 2 19 0.004744815800500857
1 3 19 0.00393663065605873
2 1 19 0.004837565073664745
2 2 19 0.003682421446446629
2 3 19 0.004251258803295604
3 1 19 0.004649120125278893
3 2 19 0.006207728734364923
3 3 19 0.005418078896462566
1 1 20 0.005496727896702782
1 2 20 0.004542345483838749
1 3 20 0.0042123822614052375
2 1 20 0.005023309800289438
2 2 20 0.003777633148219308
2 3 20 0.004056891138081031
3 1 20 0.00533654514714096
3 2 20 0.005434448463498827
3 3 20 0.00423017911586456
