W: 2.8
num_iter: 0
[-1.19237903 -1.19237903 -1.12823527 -1.12823527 -1.03615716 -1.03615716
 -0.90916609 -0.90916609 -0.74703343 -0.74703343 -0.56044854 -0.56044854
 -0.36129915 -0.36129915 -0.13081119 -0.13081119  0.13081026  0.13081026
  0.36129402  0.36129402  0.56044556  0.56044556  0.74702596  0.74702596
  0.90917105  0.90917105  1.03616518  1.03616518  1.12823575  1.12823575
  1.19238206  1.19238206]
localization_length: 0.9555825064845194
0.9618049896839309
W_list: [2.8]
L_list: [7.694439917471447]
