Norm difference: 1.0
Norm difference: 1.0
1 1
1 2
1 3
2 1
2 2
2 3
3 1
3 2
3 3
1 1
1 2
1 3
2 1
2 2
2 3
3 1
3 2
3 3
1 1
1 2
1 3
2 1
2 2
2 3
3 1
3 2
3 3
1 1
1 2
1 3
2 1
2 2
2 3
3 1
3 2
3 3
1 1
1 2
1 3
2 1
2 2
2 3
3 1
3 2
3 3
1 1
1 2
1 3
2 1
2 2
2 3
3 1
3 2
3 3
1 1
1 2
1 3
2 1
2 2
2 3
3 1
3 2
3 3
1 1
1 2
1 3
2 1
2 2
2 3
3 1
3 2
3 3
1 1
1 2
1 3
2 1
2 2
2 3
3 1
3 2
3 3
1 1
1 2
1 3
2 1
2 2
2 3
3 1
3 2
3 3
1 1
1 2
1 3
2 1
2 2
2 3
3 1
3 2
3 3
1 1
1 2
1 3
2 1
2 2
2 3
3 1
3 2
3 3
1 1
1 2
1 3
2 1
2 2
2 3
3 1
3 2
3 3
1 1
1 2
1 3
2 1
2 2
2 3
3 1
3 2
3 3
1 1
1 2
1 3
2 1
2 2
2 3
3 1
3 2
3 3
1 1
1 2
1 3
2 1
2 2
2 3
3 1
3 2
3 3
1 1
1 2
1 3
2 1
2 2
2 3
3 1
3 2
3 3
1 1
1 2
1 3
2 1
2 2
2 3
3 1
3 2
3 3
1 1
1 2
1 3
2 1
2 2
2 3
3 1
3 2
3 3
1 1
1 2
1 3
2 1
2 2
2 3
3 1
3 2
3 3
1 1 1 0.000607203879631682
1 2 1 0.000607267108731524
1 3 1 0.0006484220274724889
2 1 1 0.0005171126040210041
2 2 1 0.0005694856284334943
2 3 1 0.00041646680750494837
3 1 1 0.0004909569184219605
3 2 1 0.0004888545608488281
3 3 1 0.0006739583805765809
1 1 2 0.0005976900050012245
1 2 2 0.0004914930756363429
1 3 2 0.0006527003994427552
2 1 2 0.0006298363542869751
2 2 2 0.0005131801890592739
2 3 2 0.0006343171286691533
3 1 2 0.0007007674579690958
3 2 2 0.0006455281603613627
3 3 2 0.000515089928352145
1 1 3 0.0004078896929439792
1 2 3 0.000787413588410039
1 3 3 0.0006635928322472664
2 1 3 0.0005915289433512676
2 2 3 0.0005180813559966422
2 3 3 0.0006353911434447675
3 1 3 0.0008973356840589828
3 2 3 0.0006246059310028394
3 3 3 0.00046107739003774473
1 1 4 0.000615587169263865
1 2 4 0.0007607684292242098
1 3 4 0.0008073773864488481
2 1 4 0.0006692423617892494
2 2 4 0.0005318024974867712
2 3 4 0.0005831022892245649
3 1 4 0.0009574398600650984
3 2 4 0.0009581333011229994
3 3 4 0.0006353679381421
1 1 5 0.000744694732873317
1 2 5 0.000500114424217501
1 3 5 0.0007866514413222634
2 1 5 0.0007368451582930063
2 2 5 0.000571902293442952
2 3 5 0.00043411040719863405
3 1 5 0.0007750650150088208
3 2 5 0.0008904213103050722
3 3 5 0.0007639644863448534
1 1 6 0.0008074952060048133
1 2 6 0.0007026203724105326
1 3 6 0.0005950739864780433
2 1 6 0.0005407329840410783
2 2 6 0.0007125991456702473
2 3 6 0.0008660078149721389
3 1 6 0.0005044311214801535
3 2 6 0.0008568575656582493
3 3 6 0.001191647013900525
1 1 7 0.0009001954939712415
1 2 7 0.0009872422310711428
1 3 7 0.0005424009305060139
2 1 7 0.0006178409507722934
2 2 7 0.00047162357212309077
2 3 7 0.0007330008585128614
3 1 7 0.0005856070985825136
3 2 7 0.0007545575890276973
3 3 7 0.0010590388050754898
1 1 8 0.0008582054924667762
1 2 8 0.0009030270311319386
1 3 8 0.0007452379520654596
2 1 8 0.0005170864139407508
2 2 8 0.0007044791340008715
2 3 8 0.001040268899849608
3 1 8 0.0006718238496288966
3 2 8 0.0007116219705979032
3 3 8 0.0009767020027151025
1 1 9 0.0009112107834363829
1 2 9 0.0005945624040377964
1 3 9 0.0009416121430586193
2 1 9 0.0006778285587385839
2 2 9 0.0006060185476302252
2 3 9 0.0005346778583964773
3 1 9 0.0010000598579119867
3 2 9 0.0007063605308243296
3 3 9 0.0007085401039306592
1 1 10 0.0009164433101546328
1 2 10 0.0009624974167884498
1 3 10 0.0010927528294691902
2 1 10 0.0006928205371362646
2 2 10 0.0008946794839623402
2 3 10 0.0007925693238972416
3 1 10 0.0009426712505550338
3 2 10 0.0010687237119392627
3 3 10 0.0007061346460469633
1 1 11 0.0007553303745993344
1 2 11 0.0007518110355573178
1 3 11 0.0011000349957993704
2 1 11 0.000844855424055942
2 2 11 0.0007673580114787885
2 3 11 0.0005465182867878942
3 1 11 0.0008217439921622417
3 2 11 0.0010038316537543386
3 3 11 0.0007913933588489395
1 1 12 0.0007915011120141243
1 2 12 0.0009434417429404288
1 3 12 0.001089905799427997
2 1 12 0.0006265620071106952
2 2 12 0.00105601230405104
2 3 12 0.0009319739965882289
3 1 12 0.0008239062141837302
3 2 12 0.0011822956749359915
3 3 12 0.0011691445293038796
1 1 13 0.0007009173139821684
1 2 13 0.0007137302749216785
1 3 13 0.001007773245045447
2 1 13 0.000824374863291236
2 2 13 0.0006241059555922026
2 3 13 0.0008511221011150615
3 1 13 0.0006246326976249523
3 2 13 0.0006733133318948442
3 3 13 0.0011022844801431184
1 1 14 0.0007184340439180352
1 2 14 0.0007599165813238081
1 3 14 0.0008988932340386425
2 1 14 0.0007138158000457924
2 2 14 0.001153515240670227
2 3 14 0.001136513190144039
3 1 14 0.0009606045572995922
3 2 14 0.0009466801256515729
3 3 14 0.0010851639652676066
1 1 15 0.0008617056433370306
1 2 15 0.0008595084071328713
1 3 15 0.0006199702053847544
2 1 15 0.0008480846576403755
2 2 15 0.0006463020644576767
2 3 15 0.0007340440918726208
3 1 15 0.0009933311435426663
3 2 15 0.0009456880260064837
3 3 15 0.0008870455094807837
1 1 16 0.000962555812806082
1 2 16 0.0011104292566889845
1 3 16 0.0007068672593580456
2 1 16 0.000818738145812145
2 2 16 0.0009834009836103947
2 3 16 0.0011386309440457993
3 1 16 0.0008778674468774555
3 2 16 0.0008053559447213255
3 3 16 0.000992106266763102
1 1 17 0.0009217892236662133
1 2 17 0.0009959925207056793
1 3 17 0.0008321459353758373
2 1 17 0.0008014343525014741
2 2 17 0.000669816622601274
2 3 17 0.0006800793350623267
3 1 17 0.000907781755243508
3 2 17 0.0007994235857419596
3 3 17 0.0010976433224268735
1 1 18 0.0008709195644719381
1 2 18 0.0010316648917714868
1 3 18 0.0013239414545489264
2 1 18 0.001045740383764604
2 2 18 0.0011112133134882375
2 3 18 0.0008385104290452167
3 1 18 0.0010020203372646335
3 2 18 0.0008888187133773616
3 3 18 0.0008107325654728474
1 1 19 0.0010010578517821397
1 2 19 0.001065052927935128
1 3 19 0.0010378386047253574
2 1 19 0.0009101375358016143
2 2 19 0.000697515771271189
2 3 19 0.0008046923367404007
3 1 19 0.0009990077317206425
3 2 19 0.0008043178645083641
3 3 19 0.0007053897440311459
1 1 20 0.0013561969819606348
1 2 20 0.0010790740243875683
1 3 20 0.0009489252089473256
2 1 20 0.0008264676888835488
2 2 20 0.0010997271983923368
2 3 20 0.0010913787428938194
3 1 20 0.0009554552147400409
3 2 20 0.0009237578432076843
3 3 20 0.001032910490152091
