W: 3.6
num_iter: 0
[-0.9601791  -0.9601791  -0.94974346 -0.94974346 -0.93793307 -0.93793307
 -0.9251515  -0.9251515  -0.91165271 -0.91165271 -0.89678148 -0.89678148
 -0.880541   -0.880541   -0.86336654 -0.86336654 -0.84492081 -0.84492081
 -0.82544524 -0.82544524 -0.80475061 -0.80475061 -0.78307424 -0.78307424
 -0.76001724 -0.76001724 -0.73591344 -0.73591344 -0.71055457 -0.71055457
 -0.68406623 -0.68406623 -0.65581264 -0.65581264 -0.6262552  -0.6262552
 -0.59609662 -0.59609662 -0.56356145 -0.56356145 -0.52964231 -0.52964231
 -0.49368034 -0.49368034 -0.45681649 -0.45681649 -0.41780778 -0.41780778
 -0.37723891 -0.37723891 -0.33503182 -0.33503182 -0.29037972 -0.29037972
 -0.24444216 -0.24444216 -0.19686    -0.19686    -0.14725201 -0.14725201
 -0.09531559 -0.09531559 -0.03580469 -0.03580469  0.03580891  0.03580891
  0.09531192  0.09531192  0.14724548  0.14724548  0.19686206  0.19686206
  0.24444596  0.24444596  0.29037965  0.29037965  0.33503069  0.33503069
  0.37724326  0.37724326  0.4178057   0.4178057   0.4568225   0.4568225
  0.4936826   0.4936826   0.52964644  0.52964644  0.56356144  0.56356144
  0.59609734  0.59609734  0.62625752  0.62625752  0.65581239  0.65581239
  0.68406205  0.68406205  0.71055325  0.71055325  0.73591389  0.73591389
  0.76001661  0.76001661  0.78307549  0.78307549  0.8047516   0.8047516
  0.82544906  0.82544906  0.84491188  0.84491188  0.86336335  0.86336335
  0.88054352  0.88054352  0.89678176  0.89678176  0.91164953  0.91164953
  0.92515147  0.92515147  0.93793085  0.93793085  0.94974157  0.94974157
  0.96017922  0.96017922]
localization_length: 0.8727907424365028
0.8633533131293875
W_list: [3.6]
L_list: [27.6273060201404]
