[-0.22594067 -0.20054812 -0.20054812 -0.20054812 -0.20054812 -0.18012507
 -0.18012507 -0.18012507 -0.18012507 -0.15729949 -0.15729949 -0.15729949
 -0.15729949 -0.14429838 -0.14429838 -0.14429838 -0.14429838 -0.14429838
 -0.14429838 -0.14429838 -0.14429838 -0.12914296 -0.12914296 -0.12914296
 -0.12914296 -0.12018957 -0.12018957 -0.12018957 -0.12018957 -0.12018957
 -0.12018957 -0.12018957 -0.12018957 -0.12018957 -0.12018957 -0.12018957
 -0.12018957 -0.12018957 -0.12018957 -0.11238267 -0.11238267 -0.11238267
 -0.11238267 -0.1029111  -0.1029111  -0.1029111  -0.1029111  -0.1029111
 -0.1029111  -0.1029111  -0.1029111  -0.09711458 -0.09711458 -0.09711458
 -0.09711458 -0.08994125 -0.08994125 -0.08994125 -0.08994125 -0.08547238
 -0.08547238 -0.08547238 -0.08547238 -0.08142378  4.42594067  4.98633455
  4.98633455  4.98633455  4.98633455  5.55169795  5.55169795  5.55169795
  5.55169795  6.35729949  6.35729949  6.35729949  6.35729949  6.93008482
  6.93008482  6.93008482  6.93008482  6.93008482  6.93008482  6.93008482
  6.93008482  7.74335652  7.74335652  7.74335652  7.74335652  8.32018957
  8.32018957  8.32018957  8.32018957  8.32018957  8.32018957  8.32018957
  8.32018957  8.32018957  8.32018957  8.32018957  8.32018957  8.32018957
  8.32018957  8.89816911  8.89816911  8.89816911  8.89816911  9.71712466
  9.71712466  9.71712466  9.71712466  9.71712466  9.71712466  9.71712466
  9.71712466 10.29711458 10.29711458 10.29711458 10.29711458 11.11836838
 11.11836838 11.11836838 11.11836838 11.69968594 11.69968594 11.69968594
 11.69968594 12.28142378]
W: 5
num_iter: 0
EF_list: [8.2]
L_list: [1.1896250516907898]
