[-2.41421356 -1.         -1.         -0.41421356  0.41421356  1.
  1.          2.41421356]
W: 1.7999999999999998
num_iter: 0
[-0.4614977  -0.43222225 -0.40362186 -0.37443205 -0.34419321 -0.31456496
 -0.28612901 -0.25735187 -0.2293466  -0.20154033 -0.17386867 -0.14561842
 -0.11767598 -0.08913974 -0.06065163 -0.02988098  0.02987682  0.06065503
  0.08913593  0.11767504  0.14562892  0.17385172  0.20155245  0.22934714
  0.25735867  0.28613589  0.31455655  0.34418984  0.37443648  0.40361212
  0.43222115  0.46150154]
localization_length: 2.091922559287459
2.105100157831211
W_list: [1.7999999999999998]
L_list: [2.105100157831211]
[-2.41421356 -1.         -1.         -0.41421356  0.41421356  1.
  1.          2.41421356]
W: 1.7999999999999998
num_iter: 0
[-0.46009216 -0.43245493 -0.40346407 -0.37306952 -0.34369    -0.31437006
 -0.28596138 -0.25739929 -0.2289505  -0.20099247 -0.17380846 -0.14603582
 -0.11768682 -0.08935819 -0.06001293 -0.02997336  0.02996976  0.06001837
  0.08935364  0.11768228  0.14603962  0.17381436  0.20099144  0.22895037
  0.2573893   0.28596554  0.31436884  0.34369035  0.37307331  0.40345294
  0.43246417  0.46009568]
localization_length: 2.085435527039621
2.059650378007517
W_list: [1.7999999999999998]
L_list: [2.059650378007517]
