Norm difference: 1.0
Norm difference: 1.0
1 1
1 2
2 1
2 2
1 1
1 2
2 1
2 2
1 1
1 2
2 1
2 2
1 1
1 2
2 1
2 2
1 1
1 2
2 1
2 2
1 1
1 2
2 1
2 2
1 1
1 2
2 1
2 2
1 1
1 2
2 1
2 2
1 1
1 2
2 1
2 2
1 1
1 2
2 1
2 2
1 1
1 2
2 1
2 2
1 1
1 2
2 1
2 2
1 1
1 2
2 1
2 2
1 1
1 2
2 1
2 2
1 1
1 2
2 1
2 2
1 1
1 2
2 1
2 2
1 1
1 2
2 1
2 2
1 1
1 2
2 1
2 2
1 1
1 2
2 1
2 2
1 1
1 2
2 1
2 2
1 1 1 0.00037554750569404117
1 2 1 0.00022936869993438053
2 1 1 0.00046160129350566336
2 2 1 0.00020377235957309974
1 1 2 0.00031742675608064427
1 2 2 0.0002974807631110652
2 1 2 0.0002905226995820414
2 2 2 0.00018834081256187066
1 1 3 0.0002083278873336542
1 2 3 0.0003226784151904521
2 1 3 0.00020917322891887653
2 2 3 0.0002240870112587614
1 1 4 0.00027956186156697835
1 2 4 0.00021892059515941478
2 1 4 0.00018475518851205288
2 2 4 0.0001915688789037235
1 1 5 0.0001916988772037334
1 2 5 0.00014082383969551103
2 1 5 0.00017150983695042436
2 2 5 0.0001391058117668622
1 1 6 0.00017366703113181104
1 2 6 0.0001303826481977791
2 1 6 0.00010188353741751536
2 2 6 0.00011974087345349863
1 1 7 0.00012334079542594177
1 2 7 0.0001436411079589911
2 1 7 0.00012345045711602013
2 2 7 0.00011091270530518178
1 1 8 0.00016202073015883332
1 2 8 0.00011375533947468371
2 1 8 0.00012885822976038808
2 2 8 8.226919160767772e-5
1 1 9 0.0001045243994806974
1 2 9 8.648669923057258e-5
2 1 9 0.0001080125132179983
2 2 9 7.735053960200118e-5
1 1 10 0.00010123042851927754
1 2 10 7.81079793686274e-5
2 1 10 8.040667852046002e-5
2 2 10 9.568709300195142e-5
1 1 11 9.893100788592819e-5
1 2 11 7.337566216967328e-5
2 1 11 6.055385566936314e-5
2 2 11 6.462439583990808e-5
1 1 12 6.542593385143691e-5
1 2 12 9.054012860222953e-5
2 1 12 6.757913357633994e-5
2 2 12 5.0008829178398035e-5
1 1 13 7.62533831273072e-5
1 2 13 8.969640045136843e-5
2 1 13 5.6681246812360075e-5
2 2 13 6.247526035188435e-5
1 1 14 5.563902039422405e-5
1 2 14 6.150004221822827e-5
2 1 14 4.6865204723622765e-5
2 2 14 6.273903460960725e-5
1 1 15 6.775970082419458e-5
1 2 15 6.214064515139055e-5
2 1 15 4.775992800790486e-5
2 2 15 4.524778613894916e-5
1 1 16 5.329681076652237e-5
1 2 16 5.513070249575128e-5
2 1 16 3.3427016620260564e-5
2 2 16 5.936201565997244e-5
1 1 17 5.722199216530082e-5
1 2 17 6.456135285788711e-5
2 1 17 4.2025325741136035e-5
2 2 17 4.6906547010707754e-5
1 1 18 3.5918074986499985e-5
1 2 18 4.991908291985206e-5
2 1 18 4.195074273865187e-5
2 2 18 2.8800090879199906e-5
1 1 19 4.374496610064616e-5
1 2 19 6.147288302513277e-5
2 1 19 3.908813884493216e-5
2 2 19 4.034970131592724e-5
1 1 20 3.405933172659288e-5
1 2 20 4.1264538558486805e-5
2 1 20 2.3467954790555132e-5
2 2 20 3.811016712303784e-5
