W: 3.4000000000000004
num_iter: 0
[-0.86661549 -0.86661549 -0.81707879 -0.81707879 -0.75009465 -0.75009465
 -0.66549824 -0.66549824 -0.56026861 -0.56026861 -0.43245005 -0.43245005
 -0.27739015 -0.27739015 -0.08432088 -0.08432088  0.08431984  0.08431984
  0.27738981  0.27738981  0.43245016  0.43245016  0.56026381  0.56026381
  0.66550427  0.66550427  0.75009232  0.75009232  0.81707989  0.81707989
  0.86661677  0.86661677]
localization_length: 1.4824506153829564
1.4915418300018466
W_list: [3.4000000000000004]
L_list: [11.932334640014773]
