[-0.32046505 -0.2732928  -0.2732928  -0.2732928  -0.2732928  -0.23757763
 -0.23757763 -0.23757763 -0.23757763 -0.2        -0.2        -0.2
 -0.2        -0.17967948 -0.17967948 -0.17967948 -0.17967948 -0.17967948
 -0.17967948 -0.17967948 -0.17967948 -0.15695703 -0.15695703 -0.15695703
 -0.15695703 -0.14400903 -0.14400903 -0.14400903 -0.14400903 -0.14400903
 -0.14400903 -0.14400903 -0.14400903 -0.14400903 -0.14400903 -0.14400903
 -0.14400903 -0.14400903 -0.14400903 -0.13300018 -0.13300018 -0.13300018
 -0.13300018 -0.11998751 -0.11998751 -0.11998751 -0.11998751 -0.11998751
 -0.11998751 -0.11998751 -0.11998751 -0.11220567 -0.11220567 -0.11220567
 -0.11220567 -0.10276236 -0.10276236 -0.10276236 -0.10276236 -0.09698196
 -0.09698196 -0.09698196 -0.09698196 -0.09181209  3.12046505  3.65907924
  3.65907924  3.65907924  3.65907924  4.2091505   4.2091505   4.2091505
  4.2091505   5.          5.          5.          5.          5.56546591
  5.56546591  5.56546591  5.56546591  5.56546591  5.56546591  5.56546591
  5.56546591  6.37117059  6.37117059  6.37117059  6.37117059  6.94400903
  6.94400903  6.94400903  6.94400903  6.94400903  6.94400903  6.94400903
  6.94400903  6.94400903  6.94400903  6.94400903  6.94400903  6.94400903
  6.94400903  7.51878662  7.51878662  7.51878662  7.51878662  8.33420107
  8.33420107  8.33420107  8.33420107  8.33420107  8.33420107  8.33420107
  8.33420107  8.91220567  8.91220567  8.91220567  8.91220567  9.73118949
  9.73118949  9.73118949  9.73118949 10.31119553 10.31119553 10.31119553
 10.31119553 10.89181209]
W: 5
num_iter: 0
EF_list: [6.8]
L_list: [8.77899492666668]
