W: 3.4000000000000004
num_iter: 0
[-0.92844807 -0.92844807 -0.91851785 -0.91851785 -0.90717192 -0.90717192
 -0.8944196  -0.8944196  -0.88089056 -0.88089056 -0.8658942  -0.8658942
 -0.84964921 -0.84964921 -0.83295039 -0.83295039 -0.81407689 -0.81407689
 -0.79482405 -0.79482405 -0.77424527 -0.77424527 -0.75223097 -0.75223097
 -0.72949183 -0.72949183 -0.70544219 -0.70544219 -0.67997304 -0.67997304
 -0.65358178 -0.65358178 -0.62584663 -0.62584663 -0.59667994 -0.59667994
 -0.56606517 -0.56606517 -0.53476629 -0.53476629 -0.50115757 -0.50115757
 -0.46660304 -0.46660304 -0.43002087 -0.43002087 -0.39215999 -0.39215999
 -0.35236489 -0.35236489 -0.31143164 -0.31143164 -0.26891965 -0.26891965
 -0.22442656 -0.22442656 -0.17875649 -0.17875649 -0.13239403 -0.13239403
 -0.08361831 -0.08361831 -0.0279379  -0.0279379   0.02794019  0.02794019
  0.08361492  0.08361492  0.13239724  0.13239724  0.17876221  0.17876221
  0.22442156  0.22442156  0.26892911  0.26892911  0.31143256  0.31143256
  0.35236435  0.35236435  0.39215988  0.39215988  0.43002745  0.43002745
  0.46659847  0.46659847  0.5011615   0.5011615   0.53476356  0.53476356
  0.56606885  0.56606885  0.59668341  0.59668341  0.62585029  0.62585029
  0.65357425  0.65357425  0.67997509  0.67997509  0.70544344  0.70544344
  0.72948597  0.72948597  0.75222524  0.75222524  0.77423918  0.77423918
  0.79482302  0.79482302  0.81407301  0.81407301  0.83295039  0.83295039
  0.8496468   0.8496468   0.86589469  0.86589469  0.88088676  0.88088676
  0.89442138  0.89442138  0.9071739   0.9071739   0.91851462  0.91851462
  0.92845353  0.92845353]
localization_length: 1.1185523708574392
1.1354898356074292
W_list: [3.4000000000000004]
L_list: [36.335674739437735]
