Norm difference: 1.0000000000000002
Norm difference: 1.0
1 1
1 2
1 3
2 1
2 2
2 3
3 1
3 2
3 3
1 1
1 2
1 3
2 1
2 2
2 3
3 1
3 2
3 3
1 1
1 2
1 3
2 1
2 2
2 3
3 1
3 2
3 3
1 1
1 2
1 3
2 1
2 2
2 3
3 1
3 2
3 3
1 1
1 2
1 3
2 1
2 2
2 3
3 1
3 2
3 3
1 1
1 2
1 3
2 1
2 2
2 3
3 1
3 2
3 3
1 1
1 2
1 3
2 1
2 2
2 3
3 1
3 2
3 3
1 1
1 2
1 3
2 1
2 2
2 3
3 1
3 2
3 3
1 1
1 2
1 3
2 1
2 2
2 3
3 1
3 2
3 3
1 1
1 2
1 3
2 1
2 2
2 3
3 1
3 2
3 3
1 1
1 2
1 3
2 1
2 2
2 3
3 1
3 2
3 3
1 1
1 2
1 3
2 1
2 2
2 3
3 1
3 2
3 3
1 1
1 2
1 3
2 1
2 2
2 3
3 1
3 2
3 3
1 1
1 2
1 3
2 1
2 2
2 3
3 1
3 2
3 3
1 1
1 2
1 3
2 1
2 2
2 3
3 1
3 2
3 3
1 1
1 2
1 3
2 1
2 2
2 3
3 1
3 2
3 3
1 1
1 2
1 3
2 1
2 2
2 3
3 1
3 2
3 3
1 1
1 2
1 3
2 1
2 2
2 3
3 1
3 2
3 3
1 1
1 2
1 3
2 1
2 2
2 3
3 1
3 2
3 3
1 1
1 2
1 3
2 1
2 2
2 3
3 1
3 2
3 3
1 1 1 0.02675215577546341
1 2 1 0.01623764753544194
1 3 1 0.014945545549570755
2 1 1 0.018473776969821477
2 2 1 0.01195890060403081
2 3 1 0.012025816960646193
3 1 1 0.017293424814073387
3 2 1 0.014573779047573624
3 3 1 0.012457305091017496
1 1 2 0.023773367345585224
1 2 2 0.014311136561158044
1 3 2 0.022312046018538322
2 1 2 0.013578790021782704
2 2 2 0.009768683968163609
2 3 2 0.010092928585840127
3 1 2 0.022429211016067072
3 2 2 0.009610680134214063
3 3 2 0.012053577713231336
1 1 3 0.018997047804801406
1 2 3 0.015464243559996671
1 3 3 0.020789545219222362
2 1 3 0.015600816879605631
2 2 3 0.008683472849442037
2 3 3 0.01160778996583921
3 1 3 0.014708897194523531
3 2 3 0.011845456997909945
3 3 3 0.010149539015795496
1 1 4 0.022670154254426034
1 2 4 0.017276622844580036
1 3 4 0.014114056362712976
2 1 4 0.014832057644498284
2 2 4 0.00959289105087042
2 3 4 0.011407873713250603
3 1 4 0.01473085081862031
3 2 4 0.009150324740617012
3 3 4 0.012472089815669508
1 1 5 0.02254572977096086
1 2 5 0.01302111167699414
1 3 5 0.01745344336503617
2 1 5 0.011831777289654666
2 2 5 0.009825201205167743
2 3 5 0.009408159938493404
3 1 5 0.014996326064288152
3 2 5 0.010427894195002646
3 3 5 0.016211874642451753
1 1 6 0.019435303702572532
1 2 6 0.013465199807339914
1 3 6 0.01614878901431571
2 1 6 0.012804832127368198
2 2 6 0.008092185985574962
2 3 6 0.01518224599799201
3 1 6 0.014037137446818185
3 2 6 0.013337674962809562
3 3 6 0.01043403378858912
1 1 7 0.018318651794079384
1 2 7 0.013901477337885586
1 3 7 0.01801407841183323
2 1 7 0.01067504451622241
2 2 7 0.009718208145792575
2 3 7 0.011777933389976295
3 1 7 0.01533692308597016
3 2 7 0.010191973961076775
3 3 7 0.012457034596431
1 1 8 0.015366542766389074
1 2 8 0.013423672619195448
1 3 8 0.019116849556795795
2 1 8 0.011252528772564451
2 2 8 0.009110895046749919
2 3 8 0.011263971618459616
3 1 8 0.011767338055760863
3 2 8 0.009196585718099747
3 3 8 0.01405541026204589
1 1 9 0.016193297105678725
1 2 9 0.012775337920613741
1 3 9 0.013904776884895947
2 1 9 0.009796289370981811
2 2 9 0.007722699702098233
2 3 9 0.012663815434977724
3 1 9 0.010607593293447064
3 2 9 0.01171550167583916
3 3 9 0.011731958231036045
1 1 10 0.01546564399373894
1 2 10 0.01115919876154187
1 3 10 0.013239214996781188
2 1 10 0.010244320168548968
2 2 10 0.007915175911632209
2 3 10 0.007540646541149868
3 1 10 0.01139105045414101
3 2 10 0.007996623603290728
3 3 10 0.01401163158908465
1 1 11 0.012968971721391174
1 2 11 0.01038443038125669
1 3 11 0.01439001061133903
2 1 11 0.00863445046317026
2 2 11 0.007755252756067077
2 3 11 0.008210433681079092
3 1 11 0.01014025479947555
3 2 11 0.008568742731327295
3 3 11 0.008389612953446464
1 1 12 0.012651795053992452
1 2 12 0.009275483717199929
1 3 12 0.015924942342530172
2 1 12 0.006592518109885444
2 2 12 0.007647039134585006
2 3 12 0.01011309219279622
3 1 12 0.011015958353740838
3 2 12 0.007811111850431525
3 3 12 0.007414169543803401
1 1 13 0.010797555462808724
1 2 13 0.009399511530920132
1 3 13 0.013784253290076789
2 1 13 0.009914789634590828
2 2 13 0.006069628854411138
2 3 13 0.009096172603725158
3 1 13 0.008518232146518014
3 2 13 0.006078526487541418
3 3 13 0.011256761805013938
1 1 14 0.008849279489120163
1 2 14 0.008945713228365645
1 3 14 0.00897259781415189
2 1 14 0.007855456857565942
2 2 14 0.005714707195148659
2 3 14 0.005188265161710551
3 1 14 0.007098916081408983
3 2 14 0.006881296329610311
3 3 14 0.009014500798572076
1 1 15 0.00868644508356895
1 2 15 0.00782346857389638
1 3 15 0.010414874086134252
2 1 15 0.005290822167742786
2 2 15 0.0069764531913753605
2 3 15 0.005023405815619879
3 1 15 0.00710023466482664
3 2 15 0.006182325870533375
3 3 15 0.010081038216007159
1 1 16 0.007981145933353482
1 2 16 0.005615782741608276
1 3 16 0.010663633088942883
2 1 16 0.006286978155260405
2 2 16 0.004517544449438779
2 3 16 0.0101680785220989
3 1 16 0.004808146057664773
3 2 16 0.005740611943472867
3 3 16 0.007695941440489663
1 1 17 0.006470464154333713
1 2 17 0.006300795530338426
1 3 17 0.008570911117492133
2 1 17 0.004421900208852936
2 2 17 0.00473149771586215
2 3 17 0.007179542929582576
3 1 17 0.004644886786788783
3 2 17 0.005264058998460828
3 3 17 0.006289337079877208
1 1 18 0.005947237366108163
1 2 18 0.004754261425378831
1 3 18 0.006999884236312583
2 1 18 0.003632416864269062
2 2 18 0.005509703128730877
2 3 18 0.0042364482088057265
3 1 18 0.004395036240747262
3 2 18 0.003684749714401541
3 3 18 0.0074534992470505395
1 1 19 0.004624453028162806
1 2 19 0.00536879804246507
1 3 19 0.0048712356008006
2 1 19 0.0029614880915722315
2 2 19 0.00392443960762829
2 3 19 0.0067901833553189695
3 1 19 0.003765238246376084
3 2 19 0.0030023682080968384
3 3 19 0.004588507472830088
1 1 20 0.0050687229707749816
1 2 20 0.0033447511747590345
1 3 20 0.005873119511258955
2 1 20 0.0038477868206095228
2 2 20 0.0025602364117156555
2 3 20 0.004942068856651506
3 1 20 0.0028249379862846573
3 2 20 0.0031149914784742785
3 3 20 0.00330470676120855
