Norm difference: 1.0
Norm difference: 1.0
1 1
1 2
1 3
2 1
2 2
2 3
3 1
3 2
3 3
1 1
1 2
1 3
2 1
2 2
2 3
3 1
3 2
3 3
1 1
1 2
1 3
2 1
2 2
2 3
3 1
3 2
3 3
1 1
1 2
1 3
2 1
2 2
2 3
3 1
3 2
3 3
1 1
1 2
1 3
2 1
2 2
2 3
3 1
3 2
3 3
1 1
1 2
1 3
2 1
2 2
2 3
3 1
3 2
3 3
1 1
1 2
1 3
2 1
2 2
2 3
3 1
3 2
3 3
1 1
1 2
1 3
2 1
2 2
2 3
3 1
3 2
3 3
1 1
1 2
1 3
2 1
2 2
2 3
3 1
3 2
3 3
1 1
1 2
1 3
2 1
2 2
2 3
3 1
3 2
3 3
1 1
1 2
1 3
2 1
2 2
2 3
3 1
3 2
3 3
1 1
1 2
1 3
2 1
2 2
2 3
3 1
3 2
3 3
1 1
1 2
1 3
2 1
2 2
2 3
3 1
3 2
3 3
1 1
1 2
1 3
2 1
2 2
2 3
3 1
3 2
3 3
1 1
1 2
1 3
2 1
2 2
2 3
3 1
3 2
3 3
1 1
1 2
1 3
2 1
2 2
2 3
3 1
3 2
3 3
1 1
1 2
1 3
2 1
2 2
2 3
3 1
3 2
3 3
1 1
1 2
1 3
2 1
2 2
2 3
3 1
3 2
3 3
1 1
1 2
1 3
2 1
2 2
2 3
3 1
3 2
3 3
1 1
1 2
1 3
2 1
2 2
2 3
3 1
3 2
3 3
1 1 1 0.0062504440307070645
1 2 1 0.0056379034935296985
1 3 1 0.007380290627193235
2 1 1 0.007545502601853406
2 2 1 0.005515977851283165
2 3 1 0.005684799011407088
3 1 1 0.007078638928958653
3 2 1 0.006340324356557006
3 3 1 0.008656769886516771
1 1 2 0.007229939860123128
1 2 2 0.007143187933115533
1 3 2 0.008685504814386286
2 1 2 0.005067363232731688
2 2 2 0.007833976256924816
2 3 2 0.009546352594885388
3 1 2 0.006508518250713832
3 2 2 0.008947790653913615
3 3 2 0.009720881195881026
1 1 3 0.006941834824874276
1 2 3 0.006905827390040704
1 3 3 0.007790662600253945
2 1 3 0.00716500464358563
2 2 3 0.006584183363627099
2 3 3 0.006679775616936096
3 1 3 0.007126860156798307
3 2 3 0.006685896533576337
3 3 3 0.0074149145373538
1 1 4 0.004971586608137153
1 2 4 0.0063501956023387564
1 3 4 0.007340327902226787
2 1 4 0.005098634350727586
2 2 4 0.006908428282403829
2 3 4 0.0073773773280576506
3 1 4 0.006001145338798286
3 2 4 0.007891073362664874
3 3 4 0.007714416972868597
1 1 5 0.005143404250733142
1 2 5 0.008992078001463778
1 3 5 0.008215886716915076
2 1 5 0.0056123405100925155
2 2 5 0.007572563004835562
2 3 5 0.007513545535551622
3 1 5 0.005964299600675804
3 2 5 0.008105795956249138
3 3 5 0.007716502343455664
1 1 6 0.007321813014138613
1 2 6 0.005026382946373644
1 3 6 0.006054174362563603
2 1 6 0.005605806583697036
2 2 6 0.008059945462080149
2 3 6 0.007795363455994288
3 1 6 0.005321882367304262
3 2 6 0.00831694883621565
3 3 6 0.006896537165125586
1 1 7 0.005848859139975682
1 2 7 0.00804648406101179
1 3 7 0.006531613156501442
2 1 7 0.007377698083551444
2 2 7 0.007950748157516315
2 3 7 0.007376536980322072
3 1 7 0.007863736783039987
3 2 7 0.007501592778918818
3 3 7 0.008008746370781798
1 1 8 0.006939394029689817
1 2 8 0.00597767990376738
1 3 8 0.006240957118444782
2 1 8 0.004873281414602498
2 2 8 0.00802248576537935
2 3 8 0.006876754092331287
3 1 8 0.006027035533437118
3 2 8 0.00843950018400465
3 3 8 0.008212087041001542
1 1 9 0.006156691122435566
1 2 9 0.00626233905832326
1 3 9 0.004834769383499018
2 1 9 0.008767165584947174
2 2 9 0.006533345818720589
2 3 9 0.006910516992129528
3 1 9 0.008306784481932138
3 2 9 0.007925015739072776
3 3 9 0.008369722101299406
1 1 10 0.0044733187711497435
1 2 10 0.006798079950430509
1 3 10 0.00716588884666274
2 1 10 0.006492981099296408
2 2 10 0.008292328879938879
2 3 10 0.0055089399630936
3 1 10 0.006505892761454563
3 2 10 0.008620318918201508
3 3 10 0.00706934146934835
1 1 11 0.00564177079374909
1 2 11 0.007050231514156738
1 3 11 0.005277185378122509
2 1 11 0.006313559253790691
2 2 11 0.008053925829906819
2 3 11 0.007307014350757364
3 1 11 0.007753742638811398
3 2 11 0.0077510861290083066
3 3 11 0.007852494159604397
1 1 12 0.005134795597095412
1 2 12 0.006381429955933321
1 3 12 0.005716684314038477
2 1 12 0.0053519447910925794
2 2 12 0.007954516902125893
2 3 12 0.006170815889644745
3 1 12 0.007675518929571067
3 2 12 0.009048398350208502
3 3 12 0.006891475577493321
1 1 13 0.0047304732327560165
1 2 13 0.008369146211172986
1 3 13 0.005853581427128112
2 1 13 0.006072537028985865
2 2 13 0.008313781655021744
2 3 13 0.008637292453279412
3 1 13 0.006457883722650754
3 2 13 0.007449571483090121
3 3 13 0.008461430156151247
1 1 14 0.0059806421568362215
1 2 14 0.005310188566501599
1 3 14 0.006305635628777696
2 1 14 0.005590267758191781
2 2 14 0.008973766714069128
2 3 14 0.0057398079319715845
3 1 14 0.005083935174603978
3 2 14 0.008950866930950065
3 3 14 0.0060680644760151845
1 1 15 0.005420755154502139
1 2 15 0.007800209205879841
1 3 15 0.006742208297943411
2 1 15 0.006729632277187261
2 2 15 0.006519642778378483
2 3 15 0.008162458801628207
3 1 15 0.006685166653812941
3 2 15 0.008376862045952189
3 3 15 0.008667792415389336
1 1 16 0.006106008818795665
1 2 16 0.005617443263471638
1 3 16 0.005914563881930551
2 1 16 0.006721749639443736
2 2 16 0.008743497746792863
2 3 16 0.0054278025879836884
3 1 16 0.0059154687716285554
3 2 16 0.008364777366671298
3 3 16 0.0056024396012481935
1 1 17 0.005226062177030375
1 2 17 0.006881700350305375
1 3 17 0.006033260174565155
2 1 17 0.004948523548368779
2 2 17 0.00738882522373535
2 3 17 0.007493877275976701
3 1 17 0.006055616442698803
3 2 17 0.007840784672298253
3 3 17 0.007652043290385197
1 1 18 0.0045848468633016785
1 2 18 0.00497598095306595
1 3 18 0.004595240774623586
2 1 18 0.004718435067395138
2 2 18 0.006955791445860245
2 3 18 0.005400692514785347
3 1 18 0.006549952783705008
3 2 18 0.007575712228372172
3 3 18 0.005981707825995804
1 1 19 0.0038387618184430065
1 2 19 0.005947365671749869
1 3 19 0.005546412201364259
2 1 19 0.0056827056927009015
2 2 19 0.006107387081945531
2 3 19 0.005955083230026364
3 1 19 0.005052721285225864
3 2 19 0.006634867359555052
3 3 19 0.005419731771718971
1 1 20 0.005017506782402965
1 2 20 0.004830694743443182
1 3 20 0.0036339669625734595
2 1 20 0.0051125301167724065
2 2 20 0.007046173558579258
2 3 20 0.00484998512223065
3 1 20 0.005638300036258178
3 2 20 0.007420286415049865
3 3 20 0.005616718604332546
