[-2.41421356 -1.         -1.         -0.41421356  0.41421356  1.
  1.          2.41421356]
W: 2.6
num_iter: 0
[-0.62611018 -0.47360626 -0.3132836  -0.15751506  0.15751183  0.31327562
  0.47361215  0.6261155 ]
localization_length: 1.5871823690283804
1.5804369063314416
num_iter: 1
[-0.62525563 -0.47345808 -0.31170553 -0.15647648  0.1564774   0.31170656
  0.47346036  0.62525139]
localization_length: 1.5976842341089648
1.5964325727835051
num_iter: 2
[-0.62487291 -0.47470091 -0.31368887 -0.15785111  0.1578505   0.31368843
  0.47470163  0.62487325]
localization_length: 1.5837770086504162
1.5789560912956024
W_list: [2.6]
L_list: [1.58527519013685]
[-2.41421356 -1.         -1.         -0.41421356  0.41421356  1.
  1.          2.41421356]
W: 2.6
num_iter: 0
[-0.62468106 -0.47507391 -0.31297283 -0.15857794  0.15857746  0.31296816
  0.47508132  0.62467879]
localization_length: 1.5765166029905335
1.5636937514691407
num_iter: 1
[-0.62527656 -0.47397682 -0.31325328 -0.15701924  0.15702459  0.31325643
  0.47396792  0.62527695]
localization_length: 1.5921615880367728
1.5947620201252852
num_iter: 2
[-0.62523818 -0.47341352 -0.31301264 -0.15745121  0.15745537  0.31300325
  0.47341602  0.62524092]
localization_length: 1.5877934339219857
1.6001367145753924
W_list: [2.6]
L_list: [1.5861974953899396]
