[-2.41421356 -1.         -1.         -0.41421356  0.41421356  1.
  1.          2.41421356]
W: 3.6
num_iter: 0
[-0.8367039  -0.77840304 -0.71089671 -0.63099751 -0.54010783 -0.43845117
 -0.31990078 -0.17984464  0.17984249  0.31991198  0.43844094  0.54010123
  0.6310116   0.71089509  0.77839464  0.8367076 ]
localization_length: 0.6950526678050384
0.6923172233615719
W_list: [3.6]
L_list: [0.6923172233615719]
[-2.41421356 -1.         -1.         -0.41421356  0.41421356  1.
  1.          2.41421356]
W: 3.6
num_iter: 0
[-0.83766729 -0.77973663 -0.71100686 -0.63105367 -0.54168253 -0.43854115
 -0.32097182 -0.181711    0.18171517  0.32097196  0.43852354  0.54168723
  0.63106773  0.71100955  0.77973134  0.83766442]
localization_length: 0.6879055282713162
0.688313532779556
W_list: [3.6]
L_list: [0.688313532779556]
