Norm difference: 1.0
Norm difference: 1.0
1 1
1 2
2 1
2 2
1 1
1 2
2 1
2 2
1 1
1 2
2 1
2 2
1 1
1 2
2 1
2 2
1 1
1 2
2 1
2 2
1 1
1 2
2 1
2 2
1 1
1 2
2 1
2 2
1 1
1 2
2 1
2 2
1 1
1 2
2 1
2 2
1 1
1 2
2 1
2 2
1 1
1 2
2 1
2 2
1 1
1 2
2 1
2 2
1 1
1 2
2 1
2 2
1 1
1 2
2 1
2 2
1 1
1 2
2 1
2 2
1 1
1 2
2 1
2 2
1 1
1 2
2 1
2 2
1 1
1 2
2 1
2 2
1 1
1 2
2 1
2 2
1 1
1 2
2 1
2 2
1 1 1 0.011722553538756847
1 2 1 0.006896240023319231
2 1 1 0.011321893806284703
2 2 1 0.008163140679212023
1 1 2 0.00994886343840114
1 2 2 0.006299542968844345
2 1 2 0.009152193773241026
2 2 2 0.006698434099059643
1 1 3 0.00812102743367265
1 2 3 0.0064816486983374525
2 1 3 0.00722120371503583
2 2 3 0.003570967847608494
1 1 4 0.005559965476266001
1 2 4 0.004418915273455715
2 1 4 0.0048379296438948085
2 2 4 0.0034830500453594806
1 1 5 0.004092760334625653
1 2 5 0.002844775785849259
2 1 5 0.003686225271576139
2 2 5 0.0035352143297886995
1 1 6 0.0028481783381913107
1 2 6 0.002738604344509691
2 1 6 0.003255471060926507
2 2 6 0.0027504903879500622
1 1 7 0.002530442656409736
1 2 7 0.0026410338710064754
2 1 7 0.0020505145865055883
2 2 7 0.0025322180434810327
1 1 8 0.0023883742990800493
1 2 8 0.003383922976983626
2 1 8 0.0023419903490340724
2 2 8 0.0020895426751504783
1 1 9 0.0023935249084434296
1 2 9 0.00310471886197545
2 1 9 0.0019038807636590504
2 2 9 0.0015831281204346144
1 1 10 0.003153858589723444
1 2 10 0.002238529718425297
2 1 10 0.002142961544870302
2 2 10 0.002459563049100084
1 1 11 0.0032154334560860636
1 2 11 0.0021212083100790903
2 1 11 0.0018434737549083951
2 2 11 0.002382191271572483
1 1 12 0.002586923058267925
1 2 12 0.0026003822694916426
2 1 12 0.0022132235771277595
2 2 12 0.0018566800337627971
1 1 13 0.0025767542468217706
1 2 13 0.002655749508398904
2 1 13 0.0019212862324403898
2 2 13 0.001244683174958103
1 1 14 0.0023236250665023732
1 2 14 0.0016554476966738666
2 1 14 0.001647890223240718
2 2 14 0.0012787720877685683
1 1 15 0.0020104099468650103
1 2 15 0.0014565791618401927
2 1 15 0.0014634887268628746
2 2 15 0.0013411454605104151
1 1 16 0.002102842302277025
1 2 16 0.00155304813142223
2 1 16 0.0013665505029724447
2 2 16 0.0010630720435820056
1 1 17 0.0014914826329013697
1 2 17 0.0013159499658914637
2 1 17 0.001284904254320522
2 2 17 0.0011959746249887043
1 1 18 0.0012760571460502146
1 2 18 0.0015755868528517416
2 1 18 0.001206678416961008
2 2 18 0.000920740884559588
1 1 19 0.0013297207240470896
1 2 19 0.0010456801135738133
2 1 19 0.0007437002435215899
2 2 19 0.0010332983889071597
1 1 20 0.0009481537109286245
1 2 20 0.0010798032562089287
2 1 20 0.0008506996444682035
2 2 20 0.000748707985169752
