[-2.41421356 -1.         -1.         -0.41421356  0.41421356  1.
  1.          2.41421356]
W: 2.0
num_iter: 0
[-0.51727681 -0.50383464 -0.48982544 -0.47534065 -0.46062942 -0.4452584
 -0.43074746 -0.41472562 -0.39958189 -0.38392181 -0.36869038 -0.35255527
 -0.33732849 -0.3215791  -0.30637687 -0.29080086 -0.27504884 -0.25938201
 -0.2434897  -0.22838663 -0.21231782 -0.1968364  -0.18042254 -0.16482867
 -0.14862158 -0.13167054 -0.11487438 -0.09727907 -0.07964533 -0.06144012
 -0.04174497 -0.02144587  0.02143601  0.04174275  0.06144033  0.07964889
  0.09728369  0.11486854  0.13166815  0.14862687  0.16483768  0.18042073
  0.19683469  0.21231822  0.22837501  0.24348648  0.2593871   0.27505463
  0.29080456  0.3063786   0.32156701  0.33732552  0.35255204  0.36869982
  0.38392203  0.39958562  0.41473269  0.43074936  0.44525523  0.46062575
  0.47534431  0.48981365  0.50383784  0.5172838 ]
localization_length: 1.4578270159270126
1.4776019374404834
W_list: [2.0]
L_list: [1.4776019374404834]
[-2.41421356 -1.         -1.         -0.41421356  0.41421356  1.
  1.          2.41421356]
W: 2.0
num_iter: 0
[-0.51758493 -0.50355079 -0.4898627  -0.47539807 -0.46080557 -0.44568602
 -0.43026582 -0.4152813  -0.39986004 -0.38347449 -0.36824803 -0.35336731
 -0.33723336 -0.32193418 -0.30629446 -0.29064138 -0.27498324 -0.25876814
 -0.24339502 -0.22806521 -0.21237616 -0.19661202 -0.18036607 -0.16447154
 -0.14848667 -0.13175258 -0.1147453  -0.09728632 -0.07995325 -0.06115993
 -0.0422011  -0.02122729  0.0212226   0.04220265  0.0611505   0.07995918
  0.09728511  0.11475297  0.1317514   0.14848911  0.16447383  0.18036421
  0.1966092   0.21236628  0.22808289  0.24338823  0.25876293  0.27498058
  0.29065822  0.30629105  0.32193102  0.33723484  0.35336688  0.36824819
  0.38347356  0.39986301  0.41527048  0.430268    0.44568396  0.4608083
  0.47539531  0.48986502  0.50355823  0.51758056]
localization_length: 1.4724867940228274
1.5117542513197406
W_list: [2.0]
L_list: [1.5117542513197406]
