Norm difference: 0.9999999999999999
Norm difference: 1.0
1 1
1 2
1 3
2 1
2 2
2 3
3 1
3 2
3 3
1 1
1 2
1 3
2 1
2 2
2 3
3 1
3 2
3 3
1 1
1 2
1 3
2 1
2 2
2 3
3 1
3 2
3 3
1 1
1 2
1 3
2 1
2 2
2 3
3 1
3 2
3 3
1 1
1 2
1 3
2 1
2 2
2 3
3 1
3 2
3 3
1 1
1 2
1 3
2 1
2 2
2 3
3 1
3 2
3 3
1 1
1 2
1 3
2 1
2 2
2 3
3 1
3 2
3 3
1 1
1 2
1 3
2 1
2 2
2 3
3 1
3 2
3 3
1 1
1 2
1 3
2 1
2 2
2 3
3 1
3 2
3 3
1 1
1 2
1 3
2 1
2 2
2 3
3 1
3 2
3 3
1 1
1 2
1 3
2 1
2 2
2 3
3 1
3 2
3 3
1 1
1 2
1 3
2 1
2 2
2 3
3 1
3 2
3 3
1 1
1 2
1 3
2 1
2 2
2 3
3 1
3 2
3 3
1 1
1 2
1 3
2 1
2 2
2 3
3 1
3 2
3 3
1 1
1 2
1 3
2 1
2 2
2 3
3 1
3 2
3 3
1 1
1 2
1 3
2 1
2 2
2 3
3 1
3 2
3 3
1 1
1 2
1 3
2 1
2 2
2 3
3 1
3 2
3 3
1 1
1 2
1 3
2 1
2 2
2 3
3 1
3 2
3 3
1 1
1 2
1 3
2 1
2 2
2 3
3 1
3 2
3 3
1 1
1 2
1 3
2 1
2 2
2 3
3 1
3 2
3 3
1 1 1 0.002665029478502813
1 2 1 0.003206745652308632
1 3 1 0.0037821444777537544
2 1 1 0.0026242723810263073
2 2 1 0.001999465437645118
2 3 1 0.0028416249193582307
3 1 1 0.00235626635344375
3 2 1 0.004154562886075206
3 3 1 0.003828796658616909
1 1 2 0.002333047343473679
1 2 2 0.00279973185518829
1 3 2 0.002665035672008858
2 1 2 0.0018006656603932261
2 2 2 0.002831582050691787
2 3 2 0.0029610800947379246
3 1 2 0.002293243667800838
3 2 2 0.003221875391911788
3 3 2 0.004243906807114563
1 1 3 0.0019116982292606826
1 2 3 0.002511496802131593
1 3 3 0.0033155056081635146
2 1 3 0.0015712913339834833
2 2 3 0.0017431746748730798
2 3 3 0.002649564221790489
3 1 3 0.0021321307721713307
3 2 3 0.0027381067588773942
3 3 3 0.0032485974309556256
1 1 4 0.0021576866324470494
1 2 4 0.0022760024609862054
1 3 4 0.0032153975517350843
2 1 4 0.0020882521543438897
2 2 4 0.0019617273147382514
2 3 4 0.0026193808611808637
3 1 4 0.003665076616580667
3 2 4 0.0028485761065159105
3 3 4 0.0028628846029426095
1 1 5 0.001720798682056009
1 2 5 0.0018430415628599476
1 3 5 0.0022545849816486226
2 1 5 0.001693510823313773
2 2 5 0.0013256084384507473
2 3 5 0.0019417670848455456
3 1 5 0.003047489603191817
3 2 5 0.0022998536506210468
3 3 5 0.002748133523061618
1 1 6 0.002268770084794048
1 2 6 0.0014864238788458773
1 3 6 0.0015645562334752911
2 1 6 0.0031732530914476953
2 2 6 0.0017124206674099865
2 3 6 0.002075132172233975
3 1 6 0.00568400777746009
3 2 6 0.002311578494634542
3 3 6 0.0021934202170759655
1 1 7 0.002533079028153721
1 2 7 0.001594262363742697
1 3 7 0.0012836354236724057
2 1 7 0.0031054787013040765
2 2 7 0.0017992062957690926
2 3 7 0.002111312757129233
3 1 7 0.0023093452002728334
3 2 7 0.0033597399234414475
3 3 7 0.002486337026182498
1 1 8 0.0019335515769077563
1 2 8 0.0016471649533086516
1 3 8 0.0015156724289175267
2 1 8 0.0028312314861841494
2 2 8 0.0023282275698578232
2 3 8 0.0021134400679598763
3 1 8 0.00369649274289542
3 2 8 0.0029586991502080625
3 3 8 0.0016577721381509983
1 1 9 0.003071256581019121
1 2 9 0.0012982311061157437
1 3 9 0.001812929150944825
2 1 9 0.002422358946198053
2 2 9 0.0023521248383987087
2 3 9 0.002309893003708916
3 1 9 0.0035030030105584406
3 2 9 0.002449239441553618
3 3 9 0.004206182458855851
1 1 10 0.0019654091327676038
1 2 10 0.0020452621520217302
1 3 10 0.003574708556035616
2 1 10 0.002697933726800211
2 2 10 0.0020824424906085433
2 3 10 0.004978188014172576
3 1 10 0.003706440120285811
3 2 10 0.002802750966708634
3 3 10 0.009193396041627899
1 1 11 0.002046216113567411
1 2 11 0.003445290741871371
1 3 11 0.0030805883138770385
2 1 11 0.002605402016504052
2 2 11 0.003548513073277934
2 3 11 0.005826933147303675
3 1 11 0.003348345076914246
3 2 11 0.008383303036149176
3 3 11 0.004671929924802612
1 1 12 0.0033391645289993594
1 2 12 0.0026781009634139637
1 3 12 0.0030888627897474865
2 1 12 0.003830188220543508
2 2 12 0.004027950955344441
2 3 12 0.0051247992209231975
3 1 12 0.008387699648077432
3 2 12 0.0023685299856588725
3 3 12 0.005991159566125447
1 1 13 0.0033844664091408822
1 2 13 0.001632145162168064
1 3 13 0.006059748353851763
2 1 13 0.004700003323187492
2 2 13 0.0033514136095988975
2 3 13 0.0037482995971944676
3 1 13 0.004319383388219675
3 2 13 0.004891686246308759
3 3 13 0.00545423741372456
1 1 14 0.002568405414285172
1 2 14 0.004731312389766909
1 3 14 0.00431635241796908
2 1 14 0.0047490986237071564
2 2 14 0.002698976963441794
2 3 14 0.0034085908576476876
3 1 14 0.005814276320321931
3 2 14 0.0045653495988719995
3 3 14 0.005038345410265711
1 1 15 0.004634134263488122
1 2 15 0.003248709451361071
1 3 15 0.003101414865379008
2 1 15 0.0032920768568421056
2 2 15 0.0030649952236338636
2 3 15 0.002888261214113422
3 1 15 0.004338115714794924
3 2 15 0.0032558730912523996
3 3 15 0.0052777841738134
1 1 16 0.003885229371582803
1 2 16 0.0016510180599894296
1 3 16 0.003278919429174605
2 1 16 0.0029932516831697687
2 2 16 0.002258438316034038
2 3 16 0.0034730398633647276
3 1 16 0.004359282054227058
3 2 16 0.004472088877108693
3 3 16 0.005098224847024897
1 1 17 0.0022394817845389327
1 2 17 0.002937405103511607
1 3 17 0.002578735179697857
2 1 17 0.0020131916047674463
2 2 17 0.002570162299591251
2 3 17 0.0033967968652843573
3 1 17 0.0034892502986741064
3 2 17 0.0023715528696015183
3 3 17 0.003210886907697723
1 1 18 0.0020887305943993306
1 2 18 0.001979695073026216
1 3 18 0.003086635652448852
2 1 18 0.002060943167329419
2 2 18 0.002312647386481458
2 3 18 0.0033986457042797834
3 1 18 0.0030301809294684683
3 2 18 0.004621564451371315
3 3 18 0.004076910769003701
1 1 19 0.0019263001444301945
1 2 19 0.0026034996579331485
1 3 19 0.003002193208250223
2 1 19 0.001797575884078445
2 2 19 0.0030195332024624427
2 3 19 0.0024622664375270682
3 1 19 0.003417064648858649
3 2 19 0.002249635711238882
3 3 19 0.003156328844785608
1 1 20 0.00272733146237597
1 2 20 0.0017050527629792985
1 3 20 0.0022388707557337052
2 1 20 0.0034641820481826117
2 2 20 0.0021130960499912087
2 3 20 0.0025370578076562428
3 1 20 0.00436966611837219
3 2 20 0.00394218791478431
3 3 20 0.003884164095152122
