W: 2.6
num_iter: 0
[-0.79998053 -0.79998053 -0.79076118 -0.79076118 -0.78033823 -0.78033823
 -0.76821256 -0.76821256 -0.75483392 -0.75483392 -0.74011373 -0.74011373
 -0.72438232 -0.72438232 -0.70744216 -0.70744216 -0.68921537 -0.68921537
 -0.66988955 -0.66988955 -0.64987449 -0.64987449 -0.62842042 -0.62842042
 -0.60584968 -0.60584968 -0.58298357 -0.58298357 -0.55857125 -0.55857125
 -0.53329965 -0.53329965 -0.50718848 -0.50718848 -0.4803011  -0.4803011
 -0.45265877 -0.45265877 -0.42375373 -0.42375373 -0.39405521 -0.39405521
 -0.36312398 -0.36312398 -0.33126349 -0.33126349 -0.2983437  -0.2983437
 -0.2653276  -0.2653276  -0.23055549 -0.23055549 -0.19463779 -0.19463779
 -0.15888874 -0.15888874 -0.12215047 -0.12215047 -0.08594684 -0.08594684
 -0.04928845 -0.04928845 -0.01108487 -0.01108487  0.01108518  0.01108518
  0.04929075  0.04929075  0.08594662  0.08594662  0.12215561  0.12215561
  0.15889362  0.15889362  0.19463634  0.19463634  0.23054749  0.23054749
  0.26531645  0.26531645  0.29834188  0.29834188  0.33125785  0.33125785
  0.36312203  0.36312203  0.39405712  0.39405712  0.42375157  0.42375157
  0.45266234  0.45266234  0.48029782  0.48029782  0.50718918  0.50718918
  0.53330299  0.53330299  0.55856765  0.55856765  0.58298496  0.58298496
  0.60585226  0.60585226  0.62842255  0.62842255  0.64988051  0.64988051
  0.66989218  0.66989218  0.68922056  0.68922056  0.70744237  0.70744237
  0.72438362  0.72438362  0.74011398  0.74011398  0.75482998  0.75482998
  0.76821429  0.76821429  0.78033138  0.78033138  0.7907654   0.7907654
  0.79998077  0.79998077]
localization_length: 2.8191584443629645
2.895836328550921
W_list: [2.6]
L_list: [92.66676251362948]
