Norm difference: 1.0
Norm difference: 1.0000000000000002
1 1
1 2
1 3
2 1
2 2
2 3
3 1
3 2
3 3
1 1
1 2
1 3
2 1
2 2
2 3
3 1
3 2
3 3
1 1
1 2
1 3
2 1
2 2
2 3
3 1
3 2
3 3
1 1
1 2
1 3
2 1
2 2
2 3
3 1
3 2
3 3
1 1
1 2
1 3
2 1
2 2
2 3
3 1
3 2
3 3
1 1
1 2
1 3
2 1
2 2
2 3
3 1
3 2
3 3
1 1
1 2
1 3
2 1
2 2
2 3
3 1
3 2
3 3
1 1
1 2
1 3
2 1
2 2
2 3
3 1
3 2
3 3
1 1
1 2
1 3
2 1
2 2
2 3
3 1
3 2
3 3
1 1
1 2
1 3
2 1
2 2
2 3
3 1
3 2
3 3
1 1
1 2
1 3
2 1
2 2
2 3
3 1
3 2
3 3
1 1
1 2
1 3
2 1
2 2
2 3
3 1
3 2
3 3
1 1
1 2
1 3
2 1
2 2
2 3
3 1
3 2
3 3
1 1
1 2
1 3
2 1
2 2
2 3
3 1
3 2
3 3
1 1
1 2
1 3
2 1
2 2
2 3
3 1
3 2
3 3
1 1
1 2
1 3
2 1
2 2
2 3
3 1
3 2
3 3
1 1
1 2
1 3
2 1
2 2
2 3
3 1
3 2
3 3
1 1
1 2
1 3
2 1
2 2
2 3
3 1
3 2
3 3
1 1
1 2
1 3
2 1
2 2
2 3
3 1
3 2
3 3
1 1
1 2
1 3
2 1
2 2
2 3
3 1
3 2
3 3
1 1 1 0.008123223040435293
1 2 1 0.005896591960267874
1 3 1 0.006075845915624695
2 1 1 0.005622882883062284
2 2 1 0.0045292381337704605
2 3 1 0.00567753229553416
3 1 1 0.0081099008401916
3 2 1 0.005469018699255632
3 3 1 0.0072648291423416805
1 1 2 0.006741492360599499
1 2 2 0.005493088930675833
1 3 2 0.008473448676711896
2 1 2 0.004547887911972832
2 2 2 0.004042707078232155
2 3 2 0.006358658673103382
3 1 2 0.00622589288121458
3 2 2 0.005821086187394135
3 3 2 0.008716312795434531
1 1 3 0.0066851400783459565
1 2 3 0.004839263980545585
1 3 3 0.007776802848765673
2 1 3 0.004626466822551127
2 2 3 0.0034553451710979794
2 3 3 0.005549040159698889
3 1 3 0.006642076870863947
3 2 3 0.006285834760214308
3 3 3 0.0072625836073815665
1 1 4 0.0060960345881563745
1 2 4 0.0046269427462012165
1 3 4 0.007224153894805298
2 1 4 0.005436705399855693
2 2 4 0.003710518715076951
2 3 4 0.004680346893612877
3 1 4 0.007750745205981629
3 2 4 0.0055900409077781705
3 3 4 0.00758852356943638
1 1 5 0.006097310455433451
1 2 5 0.005223453480049637
1 3 5 0.005587567895132117
2 1 5 0.004561902070323092
2 2 5 0.003619449545615875
2 3 5 0.005114812995431259
3 1 5 0.007495124066031145
3 2 5 0.005825119805680862
3 3 5 0.007293883739436397
1 1 6 0.005400728870348237
1 2 6 0.004915186623176351
1 3 6 0.00529281420427037
2 1 6 0.005891679279611356
2 2 6 0.004087620375038711
2 3 6 0.004640937634321961
3 1 6 0.0067713837186931065
3 2 6 0.005991930484093215
3 3 6 0.0061365509904654225
1 1 7 0.005654921700772865
1 2 7 0.004954250124426998
1 3 7 0.0057112969724248085
2 1 7 0.006037825570659988
2 2 7 0.0028457841621473494
2 3 7 0.004803008597923717
3 1 7 0.007213063613966087
3 2 7 0.004687356183849665
3 3 7 0.00745498898927058
1 1 8 0.006044989181983885
1 2 8 0.004138070219939183
1 3 8 0.005292111567188315
2 1 8 0.0048260892701101656
2 2 8 0.003416646997823355
2 3 8 0.004133426642978752
3 1 8 0.006607823183327102
3 2 8 0.005142369464612576
3 3 8 0.006625764864277478
1 1 9 0.0051128806146828855
1 2 9 0.004632057592909471
1 3 9 0.004838835105157086
2 1 9 0.005438376029566908
2 2 9 0.0027688530656639386
2 3 9 0.0054494549613865765
3 1 9 0.007238446168881811
3 2 9 0.004202096341566141
3 3 9 0.005347324209267778
1 1 10 0.005874359473062233
1 2 10 0.00448706218571326
1 3 10 0.0053258292526027675
2 1 10 0.004843527127570304
2 2 10 0.0030985391725025925
2 3 10 0.004844206757850507
3 1 10 0.006298269808512955
3 2 10 0.005043324771344233
3 3 10 0.005369885561558941
1 1 11 0.005881522590888128
1 2 11 0.003786556188229543
1 3 11 0.005125757550700114
2 1 11 0.004522595746360816
2 2 11 0.0029839511620031816
2 3 11 0.004198856213830485
3 1 11 0.006022718036715051
3 2 11 0.0044075199256164935
3 3 11 0.0052154896464844235
1 1 12 0.005386484206936064
1 2 12 0.003710124207633097
1 3 12 0.004801131692218646
2 1 12 0.005251913377729638
2 2 12 0.0030440094838503026
2 3 12 0.004143949434324171
3 1 12 0.006431680821412459
3 2 12 0.004128706911059681
3 3 12 0.00536221104888602
1 1 13 0.0059762703588387995
1 2 13 0.0033739796010352693
1 3 13 0.0052401078716781055
2 1 13 0.004302924038672921
2 2 13 0.0025829711144144713
2 3 13 0.003828673537307525
3 1 13 0.0053238844695353525
3 2 13 0.004510020388516266
3 3 13 0.005730348334560357
1 1 14 0.005739372338146835
1 2 14 0.0026741348445597554
1 3 14 0.004834520798506865
2 1 14 0.0045948738014489465
2 2 14 0.0026898255069125994
2 3 14 0.003663166030585882
3 1 14 0.005488604642190475
3 2 14 0.003451426585300775
3 3 14 0.00550082543260489
1 1 15 0.005203114697472129
1 2 15 0.002570421576623006
1 3 15 0.004544674073801222
2 1 15 0.004550190792955801
2 2 15 0.0024079813498313163
2 3 15 0.0043514631552516725
3 1 15 0.006436968237725459
3 2 15 0.0037061793463438854
3 3 15 0.005831447104026897
1 1 16 0.00637064395090355
1 2 16 0.0024999088511658764
1 3 16 0.004560522818991796
2 1 16 0.004226609702537181
2 2 16 0.002738458090500582
2 3 16 0.00392387597882485
3 1 16 0.005765541895551704
3 2 16 0.003440895842719123
3 3 16 0.004691019333036931
1 1 17 0.005827261105141674
1 2 17 0.003146274812790526
1 3 17 0.005219373469316757
2 1 17 0.004734191673734826
2 2 17 0.0027953063982175674
2 3 17 0.005106851002608419
3 1 17 0.00701361658650234
3 2 17 0.0030966594312197295
3 3 17 0.004613829432518523
1 1 18 0.005623960216645492
1 2 18 0.0028735893908790723
1 3 18 0.005493940773557313
2 1 18 0.004908823286059223
2 2 18 0.0024232989956373407
2 3 18 0.0035614170050040244
3 1 18 0.006498311499951429
3 2 18 0.0031346868624870785
3 3 18 0.005643725138972649
1 1 19 0.00604277358563889
1 2 19 0.002813480024499488
1 3 19 0.004644752055388343
2 1 19 0.003908230322793802
2 2 19 0.003098274149309845
2 3 19 0.003771560641315367
3 1 19 0.006745587506830186
3 2 19 0.002804970893600315
3 3 19 0.005310319781321057
1 1 20 0.004418478983109914
1 2 20 0.0027841700795650398
1 3 20 0.004538977706669342
2 1 20 0.004857504307683627
2 2 20 0.002583721525341438
2 3 20 0.004061517354867281
3 1 20 0.0062075372774687745
3 2 20 0.003094081958905986
3 3 20 0.006567523450063959
