C_list:
0.0006373299534579508 0.22073322464425144
C_list:
0.00061137074069091 0.22729467803075626
C_list:
0.0006105526210944311 0.24926250902001615
C_list:
0.0006992658685200968 0.2644106423737799
C_list:
0.0006743104707338173 0.279070236251484
C_list:
0.0006972181139950087 0.29620027247380687
ndim2: 60
W_list: [2.3, 2.4, 2.5, 2.5999999999999996, 2.6999999999999997, 2.8]
L_list: [4.530355598309532, 4.399575074365294, 4.011834767817805, 3.781996030955387, 3.5833273136976542, 3.3760941259378163]
C_list:
0.0005881002515432626 0.1592066576997701
C_list:
0.0005604940503223116 0.16458879234425336
C_list:
0.0006011404517509575 0.1827960758594149
C_list:
0.0005439761869022564 0.1914749504075849
C_list:
0.0005645499416749532 0.20689498292784256
C_list:
0.0005721351649722414 0.2120297497716275
ndim2: 60
W_list: [2.3, 2.4, 2.5, 2.5999999999999996, 2.6999999999999997, 2.8]
L_list: [6.281144359463831, 6.075747842589448, 5.470576954666585, 5.222615270934088, 4.8333699824357925, 4.716319295179463]
C_list:
0.0005017404047062517 0.1334101766403794
C_list:
0.0005300495309239362 0.14717859731070426
C_list:
0.0005099980796545827 0.1544604496877441
C_list:
0.0004939672122254373 0.16194295689402136
C_list:
0.0004890236235793985 0.17089599453667156
C_list:
0.0004909303380481702 0.18173039756049394
ndim2: 60
W_list: [2.3, 2.4, 2.5, 2.5999999999999996, 2.6999999999999997, 2.8]
L_list: [7.495680053670875, 6.794466167447774, 6.47414922086263, 6.175013839313923, 5.851512217774162, 5.502656756512749]
