Norm difference: 1.0
Norm difference: 1.0
1 1
1 2
1 3
2 1
2 2
2 3
3 1
3 2
3 3
1 1
1 2
1 3
2 1
2 2
2 3
3 1
3 2
3 3
1 1
1 2
1 3
2 1
2 2
2 3
3 1
3 2
3 3
1 1
1 2
1 3
2 1
2 2
2 3
3 1
3 2
3 3
1 1
1 2
1 3
2 1
2 2
2 3
3 1
3 2
3 3
1 1
1 2
1 3
2 1
2 2
2 3
3 1
3 2
3 3
1 1
1 2
1 3
2 1
2 2
2 3
3 1
3 2
3 3
1 1
1 2
1 3
2 1
2 2
2 3
3 1
3 2
3 3
1 1
1 2
1 3
2 1
2 2
2 3
3 1
3 2
3 3
1 1
1 2
1 3
2 1
2 2
2 3
3 1
3 2
3 3
1 1
1 2
1 3
2 1
2 2
2 3
3 1
3 2
3 3
1 1
1 2
1 3
2 1
2 2
2 3
3 1
3 2
3 3
1 1
1 2
1 3
2 1
2 2
2 3
3 1
3 2
3 3
1 1
1 2
1 3
2 1
2 2
2 3
3 1
3 2
3 3
1 1
1 2
1 3
2 1
2 2
2 3
3 1
3 2
3 3
1 1
1 2
1 3
2 1
2 2
2 3
3 1
3 2
3 3
1 1
1 2
1 3
2 1
2 2
2 3
3 1
3 2
3 3
1 1
1 2
1 3
2 1
2 2
2 3
3 1
3 2
3 3
1 1
1 2
1 3
2 1
2 2
2 3
3 1
3 2
3 3
1 1
1 2
1 3
2 1
2 2
2 3
3 1
3 2
3 3
1 1 1 0.002385561776086731
1 2 1 0.0019798143273952844
1 3 1 0.001971855651803164
2 1 1 0.002365610121368672
2 2 1 0.0012783133517767276
2 3 1 0.00150578799767914
3 1 1 0.0018679769284544012
3 2 1 0.0015896325084803805
3 3 1 0.001420141926083271
1 1 2 0.0024544286297496247
1 2 2 0.0018036226824500539
1 3 2 0.0014850082504676329
2 1 2 0.0022076138549382562
2 2 2 0.0015810872928687662
2 3 2 0.0015764995489614161
3 1 2 0.002399561236733172
3 2 2 0.0015072889366392634
3 3 2 0.001543492053774937
1 1 3 0.0021071633427430995
1 2 3 0.0020639546594359163
1 3 3 0.0014276108349420616
2 1 3 0.0017510823985262432
2 2 3 0.0014506385665288266
2 3 3 0.0015972806528886166
3 1 3 0.0018004844058622151
3 2 3 0.0016458590946219983
3 3 3 0.0015131524909304673
1 1 4 0.001322859179958915
1 2 4 0.002189807749233299
1 3 4 0.002281270640050026
2 1 4 0.001892461264117011
2 2 4 0.0015776004457096354
2 3 4 0.0013827810362654924
3 1 4 0.0018458605972905152
3 2 4 0.0012265756064267926
3 3 4 0.0013164213385693567
1 1 5 0.0019447088951609133
1 2 5 0.0016065060991084488
1 3 5 0.002019540122069661
2 1 5 0.0015240150020269935
2 2 5 0.001312318035881795
2 3 5 0.0014311533485787664
3 1 5 0.0018016807282478947
3 2 5 0.0014639128739356037
3 3 5 0.0016179734390189364
1 1 6 0.002246814698534019
1 2 6 0.002028090914586502
1 3 6 0.0020922112094964385
2 1 6 0.0017614477841561144
2 2 6 0.0015198293320366108
2 3 6 0.0015865225262377811
3 1 6 0.001346400491298289
3 2 6 0.0013469462885443329
3 3 6 0.0016444320515641893
1 1 7 0.001972750592133616
1 2 7 0.001910088596864828
1 3 7 0.0019641302944469383
2 1 7 0.0016031500033613848
2 2 7 0.0012671796559421053
2 3 7 0.0014879899337524765
3 1 7 0.0016078084736499288
3 2 7 0.0015671874080335373
3 3 7 0.0013087708900976585
1 1 8 0.0026695142636518924
1 2 8 0.0017721354003968827
1 3 8 0.001513397658845065
2 1 8 0.0016731763347518642
2 2 8 0.0014536605050534074
2 3 8 0.0014990706104890624
3 1 8 0.0015385510465064085
3 2 8 0.0012905601791316807
3 3 8 0.0014009297038892858
1 1 9 0.00259021202897882
1 2 9 0.0014991603157292564
1 3 9 0.0018709186127201297
2 1 9 0.0015677671466059703
2 2 9 0.001147910777924803
2 3 9 0.0012766466369148117
3 1 9 0.0016084840116439183
3 2 9 0.0013968609961892066
3 3 9 0.0015588957493640376
1 1 10 0.002098064969643832
1 2 10 0.0018230919204063536
1 3 10 0.0019453787587456937
2 1 10 0.0015475153212883611
2 2 10 0.0014808056630234753
2 3 10 0.001422131535031488
3 1 10 0.001984279126579746
3 2 10 0.0010436746582453576
3 3 10 0.0012038588771115574
1 1 11 0.0019380081883363692
1 2 11 0.0014902743797130715
1 3 11 0.0015237454498671379
2 1 11 0.0015701940790604572
2 2 11 0.0012212207425025957
2 3 11 0.0013844206310006978
3 1 11 0.0013947503711672876
3 2 11 0.0013456441561015722
3 3 11 0.001501123524371404
1 1 12 0.0012030438476521407
1 2 12 0.0013146831868608272
1 3 12 0.002138476372326447
2 1 12 0.001960405488647816
2 2 12 0.0011011910913481732
2 3 12 0.0013398453756390404
3 1 12 0.0010102373013012888
3 2 12 0.0012078356806686202
3 3 12 0.0013169213782049203
1 1 13 0.0013789581970474274
1 2 13 0.0013343701206872884
1 3 13 0.0015688539202257461
2 1 13 0.001549210014965697
2 2 13 0.000936285002342818
2 3 13 0.0014775413812541864
3 1 13 0.0015174386961339648
3 2 13 0.0009904119226133395
3 3 13 0.0014642478444146607
1 1 14 0.0013699427735443443
1 2 14 0.0012982677816628539
1 3 14 0.0014968260750936263
2 1 14 0.0011739324538783127
2 2 14 0.0012946747523684024
2 3 14 0.0012587383108451128
3 1 14 0.0012807346008844402
3 2 14 0.0009419810741166171
3 3 14 0.0014506343393955827
1 1 15 0.0015934942524255288
1 2 15 0.0011505074780107228
1 3 15 0.0013596516213238146
2 1 15 0.0009898006535298026
2 2 15 0.0010343573277718267
2 3 15 0.0011895167447011981
3 1 15 0.0012074791832102421
3 2 15 0.0011222341206413218
3 3 15 0.0010726877774094251
1 1 16 0.001510836714049644
1 2 16 0.0010093521444007004
1 3 16 0.0012120975873336124
2 1 16 0.0012101614562163847
2 2 16 0.0010249364901303312
2 3 16 0.0016206676418807375
3 1 16 0.0012946127854640015
3 2 16 0.0009871983306003512
3 3 16 0.0010748999720581096
1 1 17 0.0014019237964769172
1 2 17 0.0008369919019337865
1 3 17 0.0011146531967670486
2 1 17 0.0013224457591918533
2 2 17 0.0008694917649916215
2 3 17 0.001234542732334085
3 1 17 0.001000228228375482
3 2 17 0.0010282855323928753
3 3 17 0.001187909180607426
1 1 18 0.0014277872010928158
1 2 18 0.000929509269917917
1 3 18 0.0009802036380411486
2 1 18 0.00121991189367318
2 2 18 0.0008715606036173036
2 3 18 0.001158230267079899
3 1 18 0.0013308748915176747
3 2 18 0.0007247681459515747
3 3 18 0.0012838827641731445
1 1 19 0.0014005787189407272
1 2 19 0.0010020554023275254
1 3 19 0.0012332497872706077
2 1 19 0.0014426667457963047
2 2 19 0.0008262540818454185
2 3 19 0.0010089354498186056
3 1 19 0.001640113958531603
3 2 19 0.0008841489433076431
3 3 19 0.00119529465193552
1 1 20 0.0010700250667195516
1 2 20 0.0009641023863222103
1 3 20 0.0013745015562307524
2 1 20 0.00144811252959069
2 2 20 0.0009608380178633148
2 3 20 0.0012074162973678177
3 1 20 0.0010096400727810507
3 2 20 0.0009912693728265198
3 3 20 0.00119490634291403
