Norm difference: 1.0
Norm difference: 1.0
1 1
1 2
1 3
2 1
2 2
2 3
3 1
3 2
3 3
1 1
1 2
1 3
2 1
2 2
2 3
3 1
3 2
3 3
1 1
1 2
1 3
2 1
2 2
2 3
3 1
3 2
3 3
1 1
1 2
1 3
2 1
2 2
2 3
3 1
3 2
3 3
1 1
1 2
1 3
2 1
2 2
2 3
3 1
3 2
3 3
1 1
1 2
1 3
2 1
2 2
2 3
3 1
3 2
3 3
1 1
1 2
1 3
2 1
2 2
2 3
3 1
3 2
3 3
1 1
1 2
1 3
2 1
2 2
2 3
3 1
3 2
3 3
1 1
1 2
1 3
2 1
2 2
2 3
3 1
3 2
3 3
1 1
1 2
1 3
2 1
2 2
2 3
3 1
3 2
3 3
1 1
1 2
1 3
2 1
2 2
2 3
3 1
3 2
3 3
1 1
1 2
1 3
2 1
2 2
2 3
3 1
3 2
3 3
1 1
1 2
1 3
2 1
2 2
2 3
3 1
3 2
3 3
1 1
1 2
1 3
2 1
2 2
2 3
3 1
3 2
3 3
1 1
1 2
1 3
2 1
2 2
2 3
3 1
3 2
3 3
1 1
1 2
1 3
2 1
2 2
2 3
3 1
3 2
3 3
1 1
1 2
1 3
2 1
2 2
2 3
3 1
3 2
3 3
1 1
1 2
1 3
2 1
2 2
2 3
3 1
3 2
3 3
1 1
1 2
1 3
2 1
2 2
2 3
3 1
3 2
3 3
1 1
1 2
1 3
2 1
2 2
2 3
3 1
3 2
3 3
1 1 1 0.0017465146145473898
1 2 1 0.0016140276776038741
1 3 1 0.0011933315096568085
2 1 1 0.0019789418752952453
2 2 1 0.0021563072850598027
2 3 1 0.0011546482827316266
3 1 1 0.0013330744042983121
3 2 1 0.0014423235692548803
3 3 1 0.0008934694013155914
1 1 2 0.001372600307994658
1 2 2 0.0022405386734557628
1 3 2 0.001598488597211066
2 1 2 0.0019274586779315646
2 2 2 0.002568646282973552
2 3 2 0.001866866444927329
3 1 2 0.0012793590486884848
3 2 2 0.001839006739074003
3 3 2 0.0014550837619726283
1 1 3 0.0016108791419844587
1 2 3 0.0016593071571501348
1 3 3 0.00196638272941684
2 1 3 0.0017572732556439513
2 2 3 0.001882570295071305
2 3 3 0.0017497665899368982
3 1 3 0.0011763405175034777
3 2 3 0.0014185913793604088
3 3 3 0.0010219818125417387
1 1 4 0.0019474743253018276
1 2 4 0.0017012562124246217
1 3 4 0.0021686853363526875
2 1 4 0.0021139850850805816
2 2 4 0.0021766640548812484
2 3 4 0.0020744240659451114
3 1 4 0.0014137489610305941
3 2 4 0.001786753698228244
3 3 4 0.0014824260579027002
1 1 5 0.0017435784445931919
1 2 5 0.003205967635965251
1 3 5 0.0016908939473473876
2 1 5 0.0019927676073595506
2 2 5 0.0027281596774101657
2 3 5 0.0015660255840522213
3 1 5 0.0015249851268793783
3 2 5 0.0017221123362692638
3 3 5 0.0010241490556584499
1 1 6 0.0021305826056972842
1 2 6 0.0019784310381960367
1 3 6 0.001046036981130653
2 1 6 0.002282399047958176
2 2 6 0.00232642742056073
2 3 6 0.0017651017929655901
3 1 6 0.0015267221700674728
3 2 6 0.001490289578147164
3 3 6 0.001385519470247807
1 1 7 0.0016775749845276164
1 2 7 0.002055621426395158
1 3 7 0.0017566760057276143
2 1 7 0.001930534060562293
2 2 7 0.0025077052811986935
2 3 7 0.0018011829827872864
3 1 7 0.0013489274850451564
3 2 7 0.0017125332073884847
3 3 7 0.0011464087933675067
1 1 8 0.0020942774063251552
1 2 8 0.001418920573373388
1 3 8 0.001481573414627684
2 1 8 0.002258202248655092
2 2 8 0.0017877239598310915
2 3 8 0.0016948897964520794
3 1 8 0.0017497853841020837
3 2 8 0.0018164765299390876
3 3 8 0.0013113441650972689
1 1 9 0.0019003297137660461
1 2 9 0.0012372735878351823
1 3 9 0.0013322255265703613
2 1 9 0.0018311151131836258
2 2 9 0.0017569599856947372
2 3 9 0.0016997539222268604
3 1 9 0.0015100570871752587
3 2 9 0.0011242270257048389
3 3 9 0.0012844399305172104
1 1 10 0.002044536157566559
1 2 10 0.0024507250777052168
1 3 10 0.00123208397590728
2 1 10 0.0021375570509722655
2 2 10 0.002517879502819597
2 3 10 0.0015064066826457887
3 1 10 0.001463705847458666
3 2 10 0.0021248769294146086
3 3 10 0.0012839911166413732
1 1 11 0.0016540986389639329
1 2 11 0.0017030053760522124
1 3 11 0.0020355016371035083
2 1 11 0.0020877382446188066
2 2 11 0.001658910285587921
2 3 11 0.0018568436441087591
3 1 11 0.0016616116065413244
3 2 11 0.0011315622325200878
3 3 11 0.0011913843372578557
1 1 12 0.0016680234155183667
1 2 12 0.0014168517510136965
1 3 12 0.0015857488905209522
2 1 12 0.0018049813712879502
2 2 12 0.0019709530498965753
2 3 12 0.00158628856172389
3 1 12 0.001360590382918111
3 2 12 0.0015785618794135748
3 3 12 0.0013513842716266623
1 1 13 0.0018839934536913252
1 2 13 0.000999915162408125
1 3 13 0.0023849890874915736
2 1 13 0.002239873518352721
2 2 13 0.001550990267730226
2 3 13 0.002032194142196107
3 1 13 0.0016504650381237932
3 2 13 0.0014950590368317418
3 3 13 0.0012240210017594655
1 1 14 0.002456426722116844
1 2 14 0.0012185409154820159
1 3 14 0.0026064273300344066
2 1 14 0.002501929112142088
2 2 14 0.0013847318839607567
2 3 14 0.002151111587009139
3 1 14 0.0015745037422349472
3 2 14 0.0009487011789930808
3 3 14 0.0012515169035651886
1 1 15 0.0020233629096999125
1 2 15 0.0014380806701355289
1 3 15 0.0022315688864068565
2 1 15 0.0021556009430834327
2 2 15 0.0014385329042970057
2 3 15 0.002333228098965139
3 1 15 0.001468699940025562
3 2 15 0.0014618972713469863
3 3 15 0.0013267545000637856
1 1 16 0.0016315988345969984
1 2 16 0.0015311131766714222
1 3 16 0.0025514753344729373
2 1 16 0.0017365461609001923
2 2 16 0.0014438967929601637
2 3 16 0.002592473005817836
3 1 16 0.0015357267256714568
3 2 16 0.0008031602027083364
3 3 16 0.0017052295033960396
1 1 17 0.0019614931807236057
1 2 17 0.0013260513241460752
1 3 17 0.003541183661875739
2 1 17 0.00215543654182091
2 2 17 0.0014570981410241518
2 3 17 0.003024389270705258
3 1 17 0.0014691297884504686
3 2 17 0.0010154109558632037
3 3 17 0.0017231330380047514
1 1 18 0.004006109568115226
1 2 18 0.0016587393698537331
1 3 18 0.003139779650067251
2 1 18 0.003087085400902102
2 2 18 0.0015426382787028677
2 3 18 0.003225507319252103
3 1 18 0.0016566272745121614
3 2 18 0.0010314069971209395
3 3 18 0.001791630076374049
1 1 19 0.003900175988840892
1 2 19 0.002054953138730655
1 3 19 0.003030439742021069
2 1 19 0.003252126803822018
2 2 19 0.0017135644567120572
2 3 19 0.003198113199239106
3 1 19 0.0019258535269553085
3 2 19 0.0010605009317073838
3 3 19 0.0024298910146939154
1 1 20 0.0028596575840097544
1 2 20 0.002305891264367906
1 3 20 0.0027774182890342677
2 1 20 0.0031227955152491145
2 2 20 0.001961168310489143
2 3 20 0.002919954553501333
3 1 20 0.002021626079496133
3 2 20 0.0011370117990065396
3 3 20 0.0019229040586477455
