[-2.41421356 -1.         -1.         -0.41421356  0.41421356  1.
  1.          2.41421356]
W: 2.4
num_iter: 0
[-0.58348426 -0.43454394 -0.28009492 -0.13785358  0.13784843  0.28010356
  0.43454428  0.58348044]
localization_length: 1.8135860823474836
1.7983325631955371
num_iter: 1
[-0.58319627 -0.43406698 -0.28136177 -0.13935926  0.13935573  0.28135977
  0.43407219  0.5831966 ]
localization_length: 1.7939699867415455
1.7908402819563014
num_iter: 2
[-0.58360586 -0.4342089  -0.28123476 -0.13900712  0.13902093  0.28122634
  0.43420287  0.58360651]
localization_length: 1.7984690332769386
1.7817694544150355
W_list: [2.4]
L_list: [1.7903140998556246]
[-2.41421356 -1.         -1.         -0.41421356  0.41421356  1.
  1.          2.41421356]
W: 2.4
num_iter: 0
[-0.58453514 -0.4349943  -0.28238019 -0.14059695  0.14059374  0.28237468
  0.4350021   0.58453606]
localization_length: 1.7781730147543315
1.7887619363895089
num_iter: 1
[-0.58349526 -0.43468667 -0.28127636 -0.13993066  0.13993404  0.28127044
  0.43468995  0.58349453]
localization_length: 1.7865991163469748
1.7846186458674511
num_iter: 2
[-0.58429043 -0.43407911 -0.28051251 -0.13876126  0.13876453  0.28049895
  0.4340864   0.58429342]
localization_length: 1.8016556498254863
1.800723859389115
W_list: [2.4]
L_list: [1.7913681472153584]
