W: 3.0
num_iter: 0
[-1.21553404 -1.21553404 -1.18893412 -1.18893412 -1.15639989 -1.15639989
 -1.11685043 -1.11685043 -1.07018399 -1.07018399 -1.01559509 -1.01559509
 -0.95257774 -0.95257774 -0.88166189 -0.88166189 -0.80307086 -0.80307086
 -0.71786523 -0.71786523 -0.62750138 -0.62750138 -0.53206144 -0.53206144
 -0.43231042 -0.43231042 -0.32785242 -0.32785242 -0.21888725 -0.21888725
 -0.09154532 -0.09154532  0.09154122  0.09154122  0.21888674  0.21888674
  0.32785126  0.32785126  0.43231351  0.43231351  0.5320548   0.5320548
  0.62749451  0.62749451  0.71787161  0.71787161  0.80307195  0.80307195
  0.88166436  0.88166436  0.95257583  0.95257583  1.01559357  1.01559357
  1.07017882  1.07017882  1.11685671  1.11685671  1.15640393  1.15640393
  1.1889333   1.1889333   1.21553939  1.21553939]
localization_length: 0.6827525479909449
0.6840199484767375
W_list: [3.0]
L_list: [10.9443191756278]
