W: 2.8
num_iter: 0
[-1.20394965 -1.20394965 -1.17727912 -1.17727912 -1.14610317 -1.14610317
 -1.10789319 -1.10789319 -1.06100307 -1.06100307 -1.0063891  -1.0063891
 -0.94240369 -0.94240369 -0.86927723 -0.86927723 -0.78854103 -0.78854103
 -0.70071756 -0.70071756 -0.60732403 -0.60732403 -0.51065108 -0.51065108
 -0.41133622 -0.41133622 -0.30981122 -0.30981122 -0.20319716 -0.20319716
 -0.08066594 -0.08066594  0.08066231  0.08066231  0.20320322  0.20320322
  0.30981377  0.30981377  0.41133037  0.41133037  0.51065109  0.51065109
  0.60732932  0.60732932  0.70072213  0.70072213  0.78853782  0.78853782
  0.86927193  0.86927193  0.94240428  0.94240428  1.00639141  1.00639141
  1.06100005  1.06100005  1.10788905  1.10788905  1.14610111  1.14610111
  1.17728236  1.17728236  1.20395226  1.20395226]
localization_length: 0.7748352447120632
0.7726155625832642
W_list: [2.8]
L_list: [12.361849001332228]
