Norm difference: 1.0
Norm difference: 1.0
1 1
1 2
1 3
2 1
2 2
2 3
3 1
3 2
3 3
1 1
1 2
1 3
2 1
2 2
2 3
3 1
3 2
3 3
1 1
1 2
1 3
2 1
2 2
2 3
3 1
3 2
3 3
1 1
1 2
1 3
2 1
2 2
2 3
3 1
3 2
3 3
1 1
1 2
1 3
2 1
2 2
2 3
3 1
3 2
3 3
1 1
1 2
1 3
2 1
2 2
2 3
3 1
3 2
3 3
1 1
1 2
1 3
2 1
2 2
2 3
3 1
3 2
3 3
1 1
1 2
1 3
2 1
2 2
2 3
3 1
3 2
3 3
1 1
1 2
1 3
2 1
2 2
2 3
3 1
3 2
3 3
1 1
1 2
1 3
2 1
2 2
2 3
3 1
3 2
3 3
1 1
1 2
1 3
2 1
2 2
2 3
3 1
3 2
3 3
1 1
1 2
1 3
2 1
2 2
2 3
3 1
3 2
3 3
1 1
1 2
1 3
2 1
2 2
2 3
3 1
3 2
3 3
1 1
1 2
1 3
2 1
2 2
2 3
3 1
3 2
3 3
1 1
1 2
1 3
2 1
2 2
2 3
3 1
3 2
3 3
1 1
1 2
1 3
2 1
2 2
2 3
3 1
3 2
3 3
1 1
1 2
1 3
2 1
2 2
2 3
3 1
3 2
3 3
1 1
1 2
1 3
2 1
2 2
2 3
3 1
3 2
3 3
1 1
1 2
1 3
2 1
2 2
2 3
3 1
3 2
3 3
1 1
1 2
1 3
2 1
2 2
2 3
3 1
3 2
3 3
1 1 1 0.0025554028200741622
1 2 1 0.0022023269463782207
1 3 1 0.002435373636362116
2 1 1 0.0021246561918420214
2 2 1 0.0017159275680320885
2 3 1 0.0016448105497026508
3 1 1 0.0020997421042034774
3 2 1 0.002337050501400602
3 3 1 0.002334903567927399
1 1 2 0.0020955974912084266
1 2 2 0.001986337736822721
1 3 2 0.00258179151086802
2 1 2 0.0020229166240421756
2 2 2 0.0021309713423646416
2 3 2 0.0022329666703641343
3 1 2 0.0021578619004982242
3 2 2 0.002017948447754086
3 3 2 0.0021422299969891378
1 1 3 0.0017321450159034101
1 2 3 0.0020608056103143995
1 3 3 0.0022808924734812356
2 1 3 0.0021141350588762633
2 2 3 0.001758000171066823
2 3 3 0.0019593290775879483
3 1 3 0.002169672531324116
3 2 3 0.0022796922540368582
3 3 3 0.001879898821807275
1 1 4 0.0018766865139922307
1 2 4 0.0020128895438416635
1 3 4 0.002052110551602676
2 1 4 0.0018344524707417965
2 2 4 0.0014336197125759584
2 3 4 0.0019152835034577892
3 1 4 0.002243955974331285
3 2 4 0.001663392934943894
3 3 4 0.0017336012525087541
1 1 5 0.0018789986952310253
1 2 5 0.0017194010659766904
1 3 5 0.0015908107574959265
2 1 5 0.0017241256746148698
2 2 5 0.0016671636568600906
2 3 5 0.0017324202141569007
3 1 5 0.002263352148392836
3 2 5 0.0015761766960234714
3 3 5 0.0018933417367468098
1 1 6 0.0015934106247438996
1 2 6 0.001365859669456129
1 3 6 0.0013957361051196416
2 1 6 0.001466769429200616
2 2 6 0.0013481703062516732
2 3 6 0.0015817767987918213
3 1 6 0.0019031369605293214
3 2 6 0.00128256567160565
3 3 6 0.0016646997636626097
1 1 7 0.0016997328158482635
1 2 7 0.0014892027422196829
1 3 7 0.0014145104855640249
2 1 7 0.0015333379366016275
2 2 7 0.001362842790538528
2 3 7 0.0014043400565721985
3 1 7 0.0015419247334060538
3 2 7 0.0012763567240233896
3 3 7 0.0017190481018925434
1 1 8 0.0014684987709554192
1 2 8 0.0007903895080151711
1 3 8 0.0014052990272940369
2 1 8 0.0013932982833773301
2 2 8 0.0009785716784046284
2 3 8 0.0017498698814871956
3 1 8 0.0015139822343605105
3 2 8 0.0013138995392295257
3 3 8 0.0016024495482653775
1 1 9 0.0014070636352291582
1 2 9 0.0011075741201950905
1 3 9 0.0013825067286078374
2 1 9 0.001202199651884657
2 2 9 0.0011273518592709057
2 3 9 0.0014631901332182414
3 1 9 0.001012285102596594
3 2 9 0.0008516987787894521
3 3 9 0.0016100201644303667
1 1 10 0.0014483807509587687
1 2 10 0.0011613154724584506
1 3 10 0.0013937338892443603
2 1 10 0.0015900149675458642
2 2 10 0.0013209431916469312
2 3 10 0.0008351216773555539
3 1 10 0.0008324763435766215
3 2 10 0.0011147136955129294
3 3 10 0.001226595002770479
1 1 11 0.0014532885317260606
1 2 11 0.0011117357869942124
1 3 11 0.0016661085624029906
2 1 11 0.0013623063316296198
2 2 11 0.0011364344675979428
2 3 11 0.0012456074157065034
3 1 11 0.0008028743595656938
3 2 11 0.0010097680775148332
3 3 11 0.000980102492311586
1 1 12 0.001110375602194721
1 2 12 0.0012486327455384558
1 3 12 0.0014124172935267815
2 1 12 0.0013215889397676533
2 2 12 0.0013209048550787274
2 3 12 0.0016906261235315428
3 1 12 0.00124414758407488
3 2 12 0.0008135212247748677
3 3 12 0.0011049797549904368
1 1 13 0.0010025368251852928
1 2 13 0.0009055157909450736
1 3 13 0.0009824665942140753
2 1 13 0.0010518082435893223
2 2 13 0.0014086602110384284
2 3 13 0.0013700456480574869
3 1 13 0.0015373587447246654
3 2 13 0.0010319576775639542
3 3 13 0.0011777853823011792
1 1 14 0.0006911319763640172
1 2 14 0.001382323388118966
1 3 14 0.0010594256948175448
2 1 14 0.0011159295611407308
2 2 14 0.0012486354537286453
2 3 14 0.001193989593327347
3 1 14 0.0013584831030642533
3 2 14 0.001034581496844521
3 3 14 0.001349203450916139
1 1 15 0.0012188283180715315
1 2 15 0.0008156459877679981
1 3 15 0.001139896817857432
2 1 15 0.0010795488242522516
2 2 15 0.0016495121102234188
2 3 15 0.0014265332308849865
3 1 15 0.000981783129483146
3 2 15 0.0012660952416336233
3 3 15 0.0012713010349209358
1 1 16 0.0012781395651493568
1 2 16 0.0014621821500758326
1 3 16 0.0012142786290194503
2 1 16 0.001526187010892861
2 2 16 0.0011894923365562131
2 3 16 0.0015289452211067298
3 1 16 0.0010356852221181192
3 2 16 0.0010849772156856351
3 3 16 0.0010740151666353169
1 1 17 0.000895143832219001
1 2 17 0.0009759334341245169
1 3 17 0.0012639929160055579
2 1 17 0.0013385569801601187
2 2 17 0.0017158136515056668
2 3 17 0.0016397465912276784
3 1 17 0.001000154225419372
3 2 17 0.0013890685566139212
3 3 17 0.0011391444390236297
1 1 18 0.0017211440903584208
1 2 18 0.0015110652926386367
1 3 18 0.0009512255997116751
2 1 18 0.001665874638041781
2 2 18 0.0012921821012936547
2 3 18 0.0013717288189080978
3 1 18 0.0010264724119372272
3 2 18 0.0011130213188604771
3 3 18 0.0015412207428932806
1 1 19 0.001573781149781981
1 2 19 0.0015061165074045594
1 3 19 0.0015046219710009177
2 1 19 0.002279110719974122
2 2 19 0.0014930487984626882
2 3 19 0.0010711338876909207
3 1 19 0.0012631873487933757
3 2 19 0.0015085916852427255
3 3 19 0.0011650632118497212
1 1 20 0.0017757880435835046
1 2 20 0.001998055502734076
1 3 20 0.0018680666272132308
2 1 20 0.0021009786277721757
2 2 20 0.0022775269471087736
2 3 20 0.002071358810848376
3 1 20 0.0014517311962836863
3 2 20 0.0012994581485515494
3 3 20 0.0010577249760881386
