W: 3.8
num_iter: 0
[-0.97577304 -0.97577304 -0.92051908 -0.92051908 -0.84737851 -0.84737851
 -0.75540881 -0.75540881 -0.6422129  -0.6422129  -0.50465514 -0.50465514
 -0.33501408 -0.33501408 -0.11813578 -0.11813578  0.11813194  0.11813194
  0.33501542  0.33501542  0.50465012  0.50465012  0.64221815  0.64221815
  0.75540456  0.75540456  0.84738002  0.84738002  0.92051842  0.92051842
  0.97577869  0.97577869]
localization_length: 1.0581388513922247
1.057663002295875
W_list: [3.8]
L_list: [8.461304018367]
