Norm difference: 1.0
Norm difference: 1.0
1 1
1 2
1 3
2 1
2 2
2 3
3 1
3 2
3 3
1 1
1 2
1 3
2 1
2 2
2 3
3 1
3 2
3 3
1 1
1 2
1 3
2 1
2 2
2 3
3 1
3 2
3 3
1 1
1 2
1 3
2 1
2 2
2 3
3 1
3 2
3 3
1 1
1 2
1 3
2 1
2 2
2 3
3 1
3 2
3 3
1 1
1 2
1 3
2 1
2 2
2 3
3 1
3 2
3 3
1 1
1 2
1 3
2 1
2 2
2 3
3 1
3 2
3 3
1 1
1 2
1 3
2 1
2 2
2 3
3 1
3 2
3 3
1 1
1 2
1 3
2 1
2 2
2 3
3 1
3 2
3 3
1 1
1 2
1 3
2 1
2 2
2 3
3 1
3 2
3 3
1 1
1 2
1 3
2 1
2 2
2 3
3 1
3 2
3 3
1 1
1 2
1 3
2 1
2 2
2 3
3 1
3 2
3 3
1 1
1 2
1 3
2 1
2 2
2 3
3 1
3 2
3 3
1 1
1 2
1 3
2 1
2 2
2 3
3 1
3 2
3 3
1 1
1 2
1 3
2 1
2 2
2 3
3 1
3 2
3 3
1 1
1 2
1 3
2 1
2 2
2 3
3 1
3 2
3 3
1 1
1 2
1 3
2 1
2 2
2 3
3 1
3 2
3 3
1 1
1 2
1 3
2 1
2 2
2 3
3 1
3 2
3 3
1 1
1 2
1 3
2 1
2 2
2 3
3 1
3 2
3 3
1 1
1 2
1 3
2 1
2 2
2 3
3 1
3 2
3 3
1 1 1 0.006365904377151145
1 2 1 0.005350125716250832
1 3 1 0.007467800788722832
2 1 1 0.005442149660201486
2 2 1 0.003860147244432377
2 3 1 0.0062378919142139985
3 1 1 0.00647372190345689
3 2 1 0.005281233161058402
3 3 1 0.005146635016889713
1 1 2 0.008573699505927772
1 2 2 0.006462534315557325
1 3 2 0.004913316456732529
2 1 2 0.005453740131450137
2 2 2 0.004683805363851655
2 3 2 0.0031482766158251844
3 1 2 0.008366121629397122
3 2 2 0.005050069270522805
3 3 2 0.006038993778817515
1 1 3 0.007065537914241053
1 2 3 0.005136383928397109
1 3 3 0.007195446493023054
2 1 3 0.00563855681051563
2 2 3 0.003471203405857134
2 3 3 0.005716636325231178
3 1 3 0.007115615725088216
3 2 3 0.003472863358821321
3 3 3 0.00482995487539351
1 1 4 0.007795753129343344
1 2 4 0.005122799853404687
1 3 4 0.005663216877811882
2 1 4 0.006321380706627569
2 2 4 0.0039148489913899045
2 3 4 0.003821395723024154
3 1 4 0.008278693587843503
3 2 4 0.004301983411788506
3 3 4 0.005724631180878893
1 1 5 0.007311255836692301
1 2 5 0.005046193181051616
1 3 5 0.007306591631286908
2 1 5 0.005568360471035583
2 2 5 0.0034924726111893135
2 3 5 0.005606173945311722
3 1 5 0.0063830630264350065
3 2 5 0.004866268578553536
3 3 5 0.005588932304287468
1 1 6 0.006676877025415246
1 2 6 0.004409131603966499
1 3 6 0.005563551672477539
2 1 6 0.004883887831188381
2 2 6 0.003012956198818381
2 3 6 0.004010150340581054
3 1 6 0.006550161059465917
3 2 6 0.005456331682833053
3 3 6 0.005394819366058596
1 1 7 0.008106004352607261
1 2 7 0.0043544425852857895
1 3 7 0.005634293845784755
2 1 7 0.005543289805326812
2 2 7 0.003807804890005914
2 3 7 0.004072921977200422
3 1 7 0.006550593986368669
3 2 7 0.004537845432987601
3 3 7 0.007009267129407294
1 1 8 0.006971767686298358
1 2 8 0.004281977493194729
1 3 8 0.0057769225913384585
2 1 8 0.004839203673420923
2 2 8 0.0033824764850194367
2 3 8 0.004406979957283977
3 1 8 0.008120294698795261
3 2 8 0.0037331737455528237
3 3 8 0.005252017171643101
1 1 9 0.006967469618474456
1 2 9 0.0044840816434257354
1 3 9 0.004991770885050697
2 1 9 0.005533304827303061
2 2 9 0.002782456958495908
2 3 9 0.004190880883154816
3 1 9 0.006476535472038687
3 2 9 0.004219689644196767
3 3 9 0.005012871545455992
1 1 10 0.007177206941905864
1 2 10 0.004739375748768183
1 3 10 0.00593120458665665
2 1 10 0.0037438421994169914
2 2 10 0.002452839315030362
2 3 10 0.004440223631079358
3 1 10 0.006881604009538367
3 2 10 0.00465508740689344
3 3 10 0.0037669676850956685
1 1 11 0.007270317955305486
1 2 11 0.004143750671057286
1 3 11 0.004941173483407675
2 1 11 0.004875421661333452
2 2 11 0.002589516471225898
2 3 11 0.002947535099329019
3 1 11 0.007295273415615422
3 2 11 0.004468630118280641
3 3 11 0.004838494774651832
1 1 12 0.004966525339820485
1 2 12 0.0036066905914061732
1 3 12 0.005726665679516655
2 1 12 0.003915649242547286
2 2 12 0.002745452128589024
2 3 12 0.0037486758796152985
3 1 12 0.005040748688714377
3 2 12 0.0030680076413098613
3 3 12 0.005157278581477475
1 1 13 0.006151383120982396
1 2 13 0.0034676610662841695
1 3 13 0.004465517712903608
2 1 13 0.0037540693497346614
2 2 13 0.00217562208513479
2 3 13 0.0032194783355654526
3 1 13 0.004896167033079362
3 2 13 0.00334442165352219
3 3 13 0.004926315014432467
1 1 14 0.005526897726235454
1 2 14 0.0032572114177565016
1 3 14 0.004927477043861437
2 1 14 0.0035124977758427536
2 2 14 0.0018677227880013396
2 3 14 0.004042163660843501
3 1 14 0.005009009206255619
3 2 14 0.003941062016407868
3 3 14 0.005188324781548118
1 1 15 0.004982802286925864
1 2 15 0.0027862070636749644
1 3 15 0.00434716689295632
2 1 15 0.0033800304411090213
2 2 15 0.0023000816606243515
2 3 15 0.00302526000267209
3 1 15 0.005163614200663856
3 2 15 0.003195496472629142
3 3 15 0.004506666676504659
1 1 16 0.004375610957603043
1 2 16 0.0027534455850621487
1 3 16 0.004053583397668427
2 1 16 0.003356078335091017
2 2 16 0.002396719024007711
2 3 16 0.002656842051873039
3 1 16 0.0036564277954524633
3 2 16 0.002845314596929013
3 3 16 0.003804849340752898
1 1 17 0.004043693994772688
1 2 17 0.0029465811061177285
1 3 17 0.003916007875046582
2 1 17 0.0037667697584964676
2 2 17 0.002113240269413188
2 3 17 0.0022792203753824237
3 1 17 0.003932229951491782
3 2 17 0.0028930593373072723
3 3 17 0.0030971430646773435
1 1 18 0.004451937238082941
1 2 18 0.00243146067594219
1 3 18 0.004405823675774264
2 1 18 0.003544861522781969
2 2 18 0.001730365170366192
2 3 18 0.002871201355528828
3 1 18 0.0041608568845281375
3 2 18 0.002833933993677269
3 3 18 0.0038537626967624903
1 1 19 0.003914353764666333
1 2 19 0.0032660823565288403
1 3 19 0.0033742198110156053
2 1 19 0.0027559181064081184
2 2 19 0.0029168852601308
2 3 19 0.002546767106531858
3 1 19 0.0030723046059710425
3 2 19 0.0024314468943347008
3 3 19 0.0027600653958583183
1 1 20 0.0037733829347008337
1 2 20 0.003235857716870744
1 3 20 0.003019656633519239
2 1 20 0.0027049538284977374
2 2 20 0.002130775281727829
2 3 20 0.00235771525500166
3 1 20 0.0027664119599358074
3 2 20 0.002663111865661393
3 3 20 0.0021896894602824726
