W: 2.6
num_iter: 0
[-0.72811297 -0.72811297 -0.68082147 -0.68082147 -0.61743622 -0.61743622
 -0.53839854 -0.53839854 -0.44354941 -0.44354941 -0.33244957 -0.33244957
 -0.20161522 -0.20161522 -0.04803213 -0.04803213  0.04803203  0.04803203
  0.20161275  0.20161275  0.33244863  0.33244863  0.44355661  0.44355661
  0.53839717  0.53839717  0.61744215  0.61744215  0.6808185   0.6808185
  0.7281077   0.7281077 ]
localization_length: 2.6024303083597085
2.616445701557416
W_list: [2.6]
L_list: [20.931565612459327]
