W: 2.6
num_iter: 0
[-1.1933822  -1.1933822  -1.16811833 -1.16811833 -1.13748721 -1.13748721
 -1.10020485 -1.10020485 -1.0545546  -1.0545546  -0.99922108 -0.99922108
 -0.93477093 -0.93477093 -0.86067673 -0.86067673 -0.77681458 -0.77681458
 -0.68625715 -0.68625715 -0.58941066 -0.58941066 -0.4920542  -0.4920542
 -0.39222548 -0.39222548 -0.29147813 -0.29147813 -0.18773374 -0.18773374
 -0.06990348 -0.06990348  0.06990937  0.06990937  0.18772336  0.18772336
  0.29147782  0.29147782  0.39222953  0.39222953  0.49205138  0.49205138
  0.58940879  0.58940879  0.68625721  0.68625721  0.77682447  0.77682447
  0.86067602  0.86067602  0.93477236  0.93477236  0.9992268   0.9992268
  1.05455527  1.05455527  1.10020407  1.10020407  1.13747481  1.13747481
  1.16812192  1.16812192  1.19338016  1.19338016]
localization_length: 0.8940899529794225
0.8925001374973378
W_list: [2.6]
L_list: [14.280002199957405]
