W: 2.4
num_iter: 0
[-0.7029292  -0.7029292  -0.69520193 -0.69520193 -0.68601737 -0.68601737
 -0.67590087 -0.67590087 -0.66447761 -0.66447761 -0.65206875 -0.65206875
 -0.63844335 -0.63844335 -0.62381807 -0.62381807 -0.60809042 -0.60809042
 -0.5916793  -0.5916793  -0.5746824  -0.5746824  -0.55643521 -0.55643521
 -0.53681768 -0.53681768 -0.51719906 -0.51719906 -0.4963029  -0.4963029
 -0.47450929 -0.47450929 -0.45174572 -0.45174572 -0.42785724 -0.42785724
 -0.40306004 -0.40306004 -0.37755732 -0.37755732 -0.35079403 -0.35079403
 -0.32326661 -0.32326661 -0.29489161 -0.29489161 -0.26503641 -0.26503641
 -0.23469915 -0.23469915 -0.20304538 -0.20304538 -0.17157306 -0.17157306
 -0.13881752 -0.13881752 -0.10612214 -0.10612214 -0.07366805 -0.07366805
 -0.04132123 -0.04132123 -0.00869587 -0.00869587  0.0086915   0.0086915
  0.04131769  0.04131769  0.07366528  0.07366528  0.10612133  0.10612133
  0.13881752  0.13881752  0.17157243  0.17157243  0.20304479  0.20304479
  0.23470149  0.23470149  0.26503556  0.26503556  0.29489004  0.29489004
  0.32326673  0.32326673  0.3508022   0.3508022   0.37756164  0.37756164
  0.40306036  0.40306036  0.42784883  0.42784883  0.45174905  0.45174905
  0.47451355  0.47451355  0.49630104  0.49630104  0.5171992   0.5171992
  0.53681706  0.53681706  0.55643457  0.55643457  0.57467939  0.57467939
  0.59167582  0.59167582  0.60809067  0.60809067  0.62381637  0.62381637
  0.63844384  0.63844384  0.6520731   0.6520731   0.66448045  0.66448045
  0.67590235  0.67590235  0.6860192   0.6860192   0.69520155  0.69520155
  0.70293018  0.70293018]
localization_length: 3.595465254914244
3.6363844807342796
W_list: [2.4]
L_list: [116.36430338349695]
