Norm difference: 1.0
Norm difference: 1.0
1 1
1 2
1 3
2 1
2 2
2 3
3 1
3 2
3 3
1 1
1 2
1 3
2 1
2 2
2 3
3 1
3 2
3 3
1 1
1 2
1 3
2 1
2 2
2 3
3 1
3 2
3 3
1 1
1 2
1 3
2 1
2 2
2 3
3 1
3 2
3 3
1 1
1 2
1 3
2 1
2 2
2 3
3 1
3 2
3 3
1 1
1 2
1 3
2 1
2 2
2 3
3 1
3 2
3 3
1 1
1 2
1 3
2 1
2 2
2 3
3 1
3 2
3 3
1 1
1 2
1 3
2 1
2 2
2 3
3 1
3 2
3 3
1 1
1 2
1 3
2 1
2 2
2 3
3 1
3 2
3 3
1 1
1 2
1 3
2 1
2 2
2 3
3 1
3 2
3 3
1 1
1 2
1 3
2 1
2 2
2 3
3 1
3 2
3 3
1 1
1 2
1 3
2 1
2 2
2 3
3 1
3 2
3 3
1 1
1 2
1 3
2 1
2 2
2 3
3 1
3 2
3 3
1 1
1 2
1 3
2 1
2 2
2 3
3 1
3 2
3 3
1 1
1 2
1 3
2 1
2 2
2 3
3 1
3 2
3 3
1 1
1 2
1 3
2 1
2 2
2 3
3 1
3 2
3 3
1 1
1 2
1 3
2 1
2 2
2 3
3 1
3 2
3 3
1 1
1 2
1 3
2 1
2 2
2 3
3 1
3 2
3 3
1 1
1 2
1 3
2 1
2 2
2 3
3 1
3 2
3 3
1 1
1 2
1 3
2 1
2 2
2 3
3 1
3 2
3 3
1 1 1 0.010673150655331684
1 2 1 0.011546870948044595
1 3 1 0.011825865186440167
2 1 1 0.009583978873892406
2 2 1 0.010657362073988791
2 3 1 0.01198549659273783
3 1 1 0.009772981490597438
3 2 1 0.014685451898520122
3 3 1 0.010594418826095551
1 1 2 0.00785456462113592
1 2 2 0.013118022420671654
1 3 2 0.011748525373606059
2 1 2 0.011272071425616153
2 2 2 0.01721135117069308
2 3 2 0.011399943613015181
3 1 2 0.008984199459612091
3 2 2 0.011331331580597785
3 3 2 0.011313240812573207
1 1 3 0.009505186652735568
1 2 3 0.009015094437941767
1 3 3 0.008864944806718775
2 1 3 0.008336803253904096
2 2 3 0.013774203596254756
2 3 3 0.007931017903802632
3 1 3 0.007120697655308092
3 2 3 0.013245569782790007
3 3 3 0.01004081500495192
1 1 4 0.00868984308444547
1 2 4 0.01211647413780516
1 3 4 0.010428662146680178
2 1 4 0.010920633808262036
2 2 4 0.014615530317581785
2 3 4 0.014405367778467385
3 1 4 0.00866948104320937
3 2 4 0.011527756710986192
3 3 4 0.006925002667496148
1 1 5 0.008567823391766679
1 2 5 0.011047508058461416
1 3 5 0.0077585348950875484
2 1 5 0.00902584688660704
2 2 5 0.013715550748735011
2 3 5 0.009628526051320519
3 1 5 0.009468772280211667
3 2 5 0.012979518405390134
3 3 5 0.01065542605692836
1 1 6 0.00815394717788729
1 2 6 0.00952235323233289
1 3 6 0.007973949344371789
2 1 6 0.008164852730733158
2 2 6 0.011750510947041288
2 3 6 0.009298811100664573
3 1 6 0.010720623499201606
3 2 6 0.00919735040017298
3 3 6 0.00830706770265818
1 1 7 0.008287404805932718
1 2 7 0.010683514717539509
1 3 7 0.0076187068318306584
2 1 7 0.010853621852074571
2 2 7 0.013524205899771439
2 3 7 0.011732632334154653
3 1 7 0.008143371778477852
3 2 7 0.010873723893886222
3 3 7 0.009380853894375589
1 1 8 0.007062233007665439
1 2 8 0.007549819991500288
1 3 8 0.006380226390966891
2 1 8 0.008986358315891754
2 2 8 0.00831162426986502
2 3 8 0.007071426121782862
3 1 8 0.008421972743489745
3 2 8 0.0087175324619192
3 3 8 0.008266428923740984
1 1 9 0.00585448340197731
1 2 9 0.009064604902106657
1 3 9 0.006931140953199706
2 1 9 0.009324600069401816
2 2 9 0.013454226935900645
2 3 9 0.009341802897646417
3 1 9 0.008769543173590997
3 2 9 0.009284520390947626
3 3 9 0.007997199024542129
1 1 10 0.005778712002575653
1 2 10 0.006234040122209724
1 3 10 0.0054708265589314435
2 1 10 0.010530691414596194
2 2 10 0.00756795422968459
2 3 10 0.0065977278638577165
3 1 10 0.007561665406814237
3 2 10 0.009542095569410715
3 3 10 0.007899502253707016
1 1 11 0.006141014029070779
1 2 11 0.007844264453197322
1 3 11 0.0060264017949190896
2 1 11 0.00920127589835825
2 2 11 0.009490865564107545
2 3 11 0.010577871855956994
3 1 11 0.007184039535074897
3 2 11 0.008863147004373993
3 3 11 0.006421464966228192
1 1 12 0.006786896471221893
1 2 12 0.0067338960992283006
1 3 12 0.006490815356391205
2 1 12 0.00883039385251845
2 2 12 0.00805320834003234
2 3 12 0.006590242104699479
3 1 12 0.007369643524095709
3 2 12 0.007675112496068013
3 3 12 0.008161040349809792
1 1 13 0.00605975143945974
1 2 13 0.006171982006968361
1 3 13 0.006087579710591533
2 1 13 0.008284894219089437
2 2 13 0.008490233304825482
2 3 13 0.008038697206624191
3 1 13 0.007367196881256695
3 2 13 0.005495164508084327
3 3 13 0.006996956177077901
1 1 14 0.005695462156722485
1 2 14 0.007431071338737698
1 3 14 0.0049186622111090424
2 1 14 0.009070124021021114
2 2 14 0.005909972344864107
2 3 14 0.00916600963414955
3 1 14 0.00745801648097588
3 2 14 0.0066139302000164475
3 3 14 0.0067742549412152355
1 1 15 0.006755012839117475
1 2 15 0.005953148283182779
1 3 15 0.00643853071497576
2 1 15 0.007777742546294207
2 2 15 0.006303743613150356
2 3 15 0.005537514956908773
3 1 15 0.007408451518045327
3 2 15 0.005625106314122221
3 3 15 0.007099604245153872
1 1 16 0.0056989976418914245
1 2 16 0.005423197218192673
1 3 16 0.0060341006555933215
2 1 16 0.008007676001305964
2 2 16 0.007924700542419172
2 3 16 0.00785805594165466
3 1 16 0.007931534687755528
3 2 16 0.006741866184096663
3 3 16 0.005787088656233596
1 1 17 0.005353353684751342
1 2 17 0.005608411002194261
1 3 17 0.004529535238508157
2 1 17 0.009181843876124533
2 2 17 0.0051230135197488725
2 3 17 0.006980407212954472
3 1 17 0.006197238274971302
3 2 17 0.005401306752871189
3 3 17 0.005589387238948728
1 1 18 0.007325009396948213
1 2 18 0.0060605318815113605
1 3 18 0.0071897201776503685
2 1 18 0.007080742347007292
2 2 18 0.0062241519321016795
2 3 18 0.0057356056187596914
3 1 18 0.005463989329798762
3 2 18 0.005625161167101692
3 3 18 0.0051093124725876534
1 1 19 0.006114937549729986
1 2 19 0.004239384253117746
1 3 19 0.004402758690136748
2 1 19 0.006317441788892805
2 2 19 0.004529035602585837
2 3 19 0.0060271555454487384
3 1 19 0.006572081588249908
3 2 19 0.00539414935110956
3 3 19 0.005828040606442856
1 1 20 0.005309425088739644
1 2 20 0.006098278761339104
1 3 20 0.0037828430822645343
2 1 20 0.006847899156298328
2 2 20 0.005131120384717158
2 3 20 0.0055002377995621654
3 1 20 0.005142205484321111
3 2 20 0.004336256894353353
3 3 20 0.005072899733730342
