W: 3.6
num_iter: 0
[-0.9095432  -0.9095432  -0.88903772 -0.88903772 -0.86386025 -0.86386025
 -0.83459617 -0.83459617 -0.80077364 -0.80077364 -0.76256976 -0.76256976
 -0.72001204 -0.72001204 -0.67224425 -0.67224425 -0.61887124 -0.61887124
 -0.55987177 -0.55987177 -0.49483064 -0.49483064 -0.42322008 -0.42322008
 -0.34317311 -0.34317311 -0.25697652 -0.25697652 -0.16388892 -0.16388892
 -0.05567254 -0.05567254  0.05567081  0.05567081  0.16389158  0.16389158
  0.25697868  0.25697868  0.34317527  0.34317527  0.4232231   0.4232231
  0.49483081  0.49483081  0.55987136  0.55987136  0.61886722  0.61886722
  0.67223972  0.67223972  0.72001414  0.72001414  0.76256988  0.76256988
  0.80076646  0.80076646  0.83459473  0.83459473  0.86386416  0.86386416
  0.88903909  0.88903909  0.90954485  0.90954485]
localization_length: 1.1226709246549138
1.123569021123764
W_list: [3.6]
L_list: [17.977104337980222]
