Norm difference: 1.0
Norm difference: 1.0000000000000002
1 1
1 2
2 1
2 2
1 1
1 2
2 1
2 2
1 1
1 2
2 1
2 2
1 1
1 2
2 1
2 2
1 1
1 2
2 1
2 2
1 1
1 2
2 1
2 2
1 1
1 2
2 1
2 2
1 1
1 2
2 1
2 2
1 1
1 2
2 1
2 2
1 1
1 2
2 1
2 2
1 1
1 2
2 1
2 2
1 1
1 2
2 1
2 2
1 1
1 2
2 1
2 2
1 1
1 2
2 1
2 2
1 1
1 2
2 1
2 2
1 1
1 2
2 1
2 2
1 1
1 2
2 1
2 2
1 1
1 2
2 1
2 2
1 1
1 2
2 1
2 2
1 1
1 2
2 1
2 2
1 1 1 0.008354567632937923
1 2 1 0.01581482957180344
2 1 1 0.007475431368193747
2 2 1 0.006037530918848645
1 1 2 0.006513893307670634
1 2 2 0.007914970819662756
2 1 2 0.013009807047762958
2 2 2 0.004935402926921525
1 1 3 0.00887033917195071
1 2 3 0.004605135829415798
2 1 3 0.007478849515496958
2 2 3 0.006577139457181229
1 1 4 0.005870601894384607
1 2 4 0.003980156466415226
2 1 4 0.00696864685783276
2 2 4 0.006865014129147286
1 1 5 0.006515395612500326
1 2 5 0.0040872794545818315
2 1 5 0.006168709451395559
2 2 5 0.006404548560826682
1 1 6 0.006362426148425511
1 2 6 0.005097822371161688
2 1 6 0.004691109924435497
2 2 6 0.0045814638991074465
1 1 7 0.004016391872744598
1 2 7 0.005612664966742603
2 1 7 0.005557585671205632
2 2 7 0.005807533800203094
1 1 8 0.0043579467580704394
1 2 8 0.004458335670348856
2 1 8 0.006450961673314851
2 2 8 0.005701723601280748
1 1 9 0.005687668658825676
1 2 9 0.004835638910489104
2 1 9 0.007144107805023975
2 2 9 0.003731925615212776
1 1 10 0.006097919541078735
1 2 10 0.00404265970437535
2 1 10 0.006513605971119049
2 2 10 0.004683686259960671
1 1 11 0.006432120137527584
1 2 11 0.003668837713319939
2 1 11 0.005710357489041336
2 2 11 0.005554460353184012
1 1 12 0.0049569270416320605
1 2 12 0.005086209086997138
2 1 12 0.00525611550985911
2 2 12 0.004144100180908741
1 1 13 0.004835543230319579
1 2 13 0.004139242573043151
2 1 13 0.0048501156551166245
2 2 13 0.0026003582714909665
1 1 14 0.004063710095953228
1 2 14 0.0029017689171263942
2 1 14 0.0035287633646650858
2 2 14 0.002676349924459919
1 1 15 0.0035397979533927015
1 2 15 0.002473979879903981
2 1 15 0.00256002719904041
2 2 15 0.003433458962357544
1 1 16 0.002864115317355127
1 2 16 0.0021219962350738984
2 1 16 0.002335997628089499
2 2 16 0.002704738334266543
1 1 17 0.00231695337064373
1 2 17 0.0030218174176527704
2 1 17 0.0036273704423988315
2 2 17 0.0014578282137936653
1 1 18 0.002309915592698785
1 2 18 0.00202447296613612
2 1 18 0.0026002023949183014
2 2 18 0.0015067778460392655
1 1 19 0.002491971173253123
1 2 19 0.00125272639050291
2 1 19 0.001380876813801338
2 2 19 0.002154616213902707
1 1 20 0.0018126713994916234
1 2 20 0.0013141177564518019
2 1 20 0.0015915785470607961
2 2 20 0.0015792062697442533
