W: 3.6
num_iter: 0
[-1.07901361 -1.07901361 -1.05172846 -1.05172846 -1.01921669 -1.01921669
 -0.98139168 -0.98139168 -0.93891221 -0.93891221 -0.89045142 -0.89045142
 -0.83782236 -0.83782236 -0.77941834 -0.77941834 -0.7157715  -0.7157715
 -0.64723062 -0.64723062 -0.5712749  -0.5712749  -0.48971796 -0.48971796
 -0.40065442 -0.40065442 -0.30503374 -0.30503374 -0.20075849 -0.20075849
 -0.07980699 -0.07980699  0.07980442  0.07980442  0.20076674  0.20076674
  0.30502127  0.30502127  0.40066338  0.40066338  0.48971869  0.48971869
  0.57127018  0.57127018  0.64722354  0.64722354  0.71576766  0.71576766
  0.77942466  0.77942466  0.83783012  0.83783012  0.89045443  0.89045443
  0.93890936  0.93890936  0.98139025  0.98139025  1.01922475  1.01922475
  1.05171984  1.05171984  1.07901411  1.07901411]
localization_length: 0.783164667545074
0.7901633345730488
W_list: [3.6]
L_list: [12.64261335316878]
