[-2.41421356 -1.         -1.         -0.41421356  0.41421356  1.
  1.          2.41421356]
W: 2.0
num_iter: 0
[-0.50045763 -0.35639625 -0.22060335 -0.10594747  0.10594458  0.2206054
  0.35639694  0.50045777]
localization_length: 2.359724254715818
2.340614183139086
num_iter: 1
[-0.50062143 -0.35607623 -0.21991004 -0.10521583  0.10522344  0.21991125
  0.35606046  0.50062837]
localization_length: 2.3760683920897168
2.4079606480235136
num_iter: 2
[-0.50121757 -0.35682857 -0.21949146 -0.10588076  0.10587843  0.2195097
  0.35680896  0.50122126]
localization_length: 2.3611985358185774
2.3748176516907584
W_list: [2.0]
L_list: [2.3744641609511192]
[-2.41421356 -1.         -1.         -0.41421356  0.41421356  1.
  1.          2.41421356]
W: 2.0
num_iter: 0
[-0.50057972 -0.35749502 -0.21960624 -0.10667355  0.10667673  0.21960272
  0.3574949   0.50058018]
localization_length: 2.343598713773428
2.32109279739114
num_iter: 1
[-0.50149156 -0.35537955 -0.2197187  -0.10734134  0.10735244  0.21969504
  0.35538831  0.50149536]
localization_length: 2.329018892616708
2.33943233422841
num_iter: 2
[-0.50145649 -0.35597798 -0.22075381 -0.10509645  0.10510236  0.22075665
  0.35596867  0.50145706]
localization_length: 2.3787672006312226
2.3860720351191453
W_list: [2.0]
L_list: [2.3488657222462317]
