Norm difference: 1.0
Norm difference: 1.0
1 1
1 2
2 1
2 2
1 1
1 2
2 1
2 2
1 1
1 2
2 1
2 2
1 1
1 2
2 1
2 2
1 1
1 2
2 1
2 2
1 1
1 2
2 1
2 2
1 1
1 2
2 1
2 2
1 1
1 2
2 1
2 2
1 1
1 2
2 1
2 2
1 1
1 2
2 1
2 2
1 1
1 2
2 1
2 2
1 1
1 2
2 1
2 2
1 1
1 2
2 1
2 2
1 1
1 2
2 1
2 2
1 1
1 2
2 1
2 2
1 1
1 2
2 1
2 2
1 1
1 2
2 1
2 2
1 1
1 2
2 1
2 2
1 1
1 2
2 1
2 2
1 1
1 2
2 1
2 2
1 1 1 0.0037435113577014663
1 2 1 0.0035137018388260595
2 1 1 0.0042437354064457046
2 2 1 0.00338941210162568
1 1 2 0.0031837659184561135
1 2 2 0.002330451610623727
2 1 2 0.003474302285461217
2 2 2 0.004145662278660688
1 1 3 0.0024978180007801487
1 2 3 0.0031164632236041173
2 1 3 0.0028075406864649564
2 2 3 0.0036826563808162
1 1 4 0.003505731601659631
1 2 4 0.0036238613681879735
2 1 4 0.0032764722296352486
2 2 4 0.0027317365817257568
1 1 5 0.003622966990072153
1 2 5 0.003123947238988036
2 1 5 0.0035083344972102653
2 2 5 0.0028526059495330913
1 1 6 0.0030750723961795274
1 2 6 0.003610343980598671
2 1 6 0.0027948792678088273
2 2 6 0.003615545916168624
1 1 7 0.003403926778359797
1 2 7 0.002660286221841541
2 1 7 0.0027044266377325454
2 2 7 0.0026802086657314993
1 1 8 0.0035037224743986904
1 2 8 0.0032818867804761988
2 1 8 0.003127262363221949
2 2 8 0.003283998599341404
1 1 9 0.003339172792544911
1 2 9 0.003947602876282297
2 1 9 0.0034722674506066477
2 2 9 0.0033879123133937947
1 1 10 0.0025208466178629893
1 2 10 0.004276648773442526
2 1 10 0.003272185077777564
2 2 10 0.004463235405231679
1 1 11 0.002164279591739317
1 2 11 0.004317476338089241
2 1 11 0.002614050318223982
2 2 11 0.004248305094691906
1 1 12 0.0028944228221728227
1 2 12 0.004587646089805412
2 1 12 0.0023039239222661496
2 2 12 0.00414663391268119
1 1 13 0.003404397986181854
1 2 13 0.0045773559939276745
2 1 13 0.0029471435282467304
2 2 13 0.004278575186586783
1 1 14 0.003642287979770873
1 2 14 0.0046455478140393315
2 1 14 0.003573736028976498
2 2 14 0.004774188722092442
1 1 15 0.003530736537169025
1 2 15 0.004667293420491724
2 1 15 0.0036383605733545203
2 2 15 0.0044683845737951275
1 1 16 0.0036609653532356816
1 2 16 0.004210819717990488
2 1 16 0.0037465062910278235
2 2 16 0.004450623946311607
1 1 17 0.0034778225224481756
1 2 17 0.004008308797519412
2 1 17 0.00328096061253197
2 2 17 0.003747683933719783
1 1 18 0.003235684517373555
1 2 18 0.00394846503872248
2 1 18 0.003898782181502653
2 2 18 0.0038927355007070882
1 1 19 0.004542743695569522
1 2 19 0.003475871950413717
2 1 19 0.0033753888876419135
2 2 19 0.003966758069482954
1 1 20 0.0038630222450991665
1 2 20 0.0033816010647537685
2 1 20 0.004224416360788122
2 2 20 0.0038886002853823092
