W: 4.0
num_iter: 0
[-1.00623988 -1.00623988 -0.95054666 -0.95054666 -0.8770742  -0.8770742
 -0.78562624 -0.78562624 -0.67263007 -0.67263007 -0.53214821 -0.53214821
 -0.35950631 -0.35950631 -0.1354323  -0.1354323   0.13543648  0.13543648
  0.35950167  0.35950167  0.53214678  0.53214678  0.6726275   0.6726275
  0.78562645  0.78562645  0.87707805  0.87707805  0.95054913  0.95054913
  1.00623781  1.00623781]
localization_length: 0.9229703634641557
0.9297915762581913
W_list: [4.0]
L_list: [7.4383326100655305]
