[-2.41421356 -1.         -1.         -0.41421356  0.41421356  1.
  1.          2.41421356]
W: 2.8
num_iter: 0
[-0.6997595  -0.68614908 -0.67235226 -0.65778716 -0.64320484 -0.62806997
 -0.6125285  -0.59596769 -0.57920415 -0.56222837 -0.5441806  -0.52618048
 -0.50800762 -0.4892762  -0.46963356 -0.45067635 -0.43008523 -0.40949914
 -0.38895413 -0.3674847  -0.34577019 -0.32399157 -0.30074208 -0.27806308
 -0.25352344 -0.22948968 -0.20276907 -0.17664773 -0.14872848 -0.11899704
 -0.08554179 -0.04777021  0.04776306  0.08554472  0.11899472  0.14872773
  0.17665239  0.20276708  0.22949292  0.25352009  0.27805603  0.30074117
  0.32399114  0.34577009  0.36749172  0.38896853  0.40950082  0.43006948
  0.45068233  0.46964555  0.48926503  0.5080119   0.52618023  0.54418658
  0.56222239  0.57920195  0.59597068  0.61253646  0.6280576   0.64320561
  0.6577775   0.67233543  0.68616491  0.69976803]
localization_length: 0.6542712842744829
0.6542648672867347
W_list: [2.8]
L_list: [0.6542648672867347]
[-2.41421356 -1.         -1.         -0.41421356  0.41421356  1.
  1.          2.41421356]
W: 2.8
num_iter: 0
[-0.69933973 -0.68566542 -0.67203248 -0.65729914 -0.64278534 -0.62749956
 -0.61194359 -0.59599826 -0.57895258 -0.56195908 -0.54435689 -0.52645607
 -0.50803119 -0.4886496  -0.46994994 -0.45047873 -0.42982789 -0.40969595
 -0.3886945  -0.3678133  -0.34548154 -0.32347504 -0.30104723 -0.277005
 -0.25400196 -0.22888336 -0.20360791 -0.17709418 -0.14911064 -0.11884545
 -0.08521522 -0.0477066   0.04770416  0.0852136   0.11884444  0.14911438
  0.17710002  0.20361256  0.22889007  0.25400983  0.27701237  0.30104911
  0.32347016  0.34548668  0.3678176   0.38870677  0.40969842  0.42982429
  0.45048071  0.46994475  0.4886544   0.50802422  0.52644191  0.54434494
  0.56194186  0.57897179  0.59598686  0.61193988  0.62750982  0.64278107
  0.65729407  0.67203331  0.68565786  0.69934145]
localization_length: 0.6550791660496571
0.6528089895179808
W_list: [2.8]
L_list: [0.6528089895179808]
