Norm difference: 1.0
Norm difference: 1.0
1 1
1 2
2 1
2 2
1 1
1 2
2 1
2 2
1 1
1 2
2 1
2 2
1 1
1 2
2 1
2 2
1 1
1 2
2 1
2 2
1 1
1 2
2 1
2 2
1 1
1 2
2 1
2 2
1 1
1 2
2 1
2 2
1 1
1 2
2 1
2 2
1 1
1 2
2 1
2 2
1 1
1 2
2 1
2 2
1 1
1 2
2 1
2 2
1 1
1 2
2 1
2 2
1 1
1 2
2 1
2 2
1 1
1 2
2 1
2 2
1 1
1 2
2 1
2 2
1 1
1 2
2 1
2 2
1 1
1 2
2 1
2 2
1 1
1 2
2 1
2 2
1 1
1 2
2 1
2 2
1 1 1 3.5750428875532325e-5
1 2 1 5.519300045769559e-5
2 1 1 2.826834626657917e-5
2 2 1 2.8161757218198717e-5
1 1 2 4.3063324012994865e-5
1 2 2 6.29104912898051e-5
2 1 2 4.366996054848303e-5
2 2 2 7.103890123824012e-5
1 1 3 7.28232969941634e-5
1 2 3 5.946708376550514e-5
2 1 3 6.500697290568515e-5
2 2 3 8.520738770202811e-5
1 1 4 8.942249012000595e-5
1 2 4 5.069036040108248e-5
2 1 4 9.237159828915354e-5
2 2 4 7.849374499245806e-5
1 1 5 6.904418720822018e-5
1 2 5 9.417722399646809e-5
2 1 5 9.66278518885941e-5
2 2 5 0.0001163925091838101
1 1 6 7.463242261807625e-5
1 2 6 0.0001103006846129339
2 1 6 0.0001123945785136805
2 2 6 8.701060194575552e-5
1 1 7 0.00010981716365324346
1 2 7 0.00011448550104379806
2 1 7 8.350621291031978e-5
2 2 7 8.79421172101974e-5
1 1 8 0.00012147619163517789
1 2 8 7.291303024231676e-5
2 1 8 6.914765181450975e-5
2 2 8 8.221661724969118e-5
1 1 9 8.402196412254307e-5
1 2 9 9.096163451516849e-5
2 1 9 5.61696164862617e-5
2 2 9 7.403904737472945e-5
1 1 10 5.9147677417391246e-5
1 2 10 8.487037710853759e-5
2 1 10 6.0471186477062115e-5
2 2 10 4.811551187936215e-5
1 1 11 4.872591772149395e-5
1 2 11 5.888310536652031e-5
2 1 11 5.843200231394189e-5
2 2 11 4.6418709628808394e-5
1 1 12 5.549133800239688e-5
1 2 12 4.475038601651314e-5
2 1 12 4.75443397675196e-5
2 2 12 4.770647673668976e-5
1 1 13 5.5360404809923984e-5
1 2 13 4.0433886175541325e-5
2 1 13 3.641320508564591e-5
2 2 13 4.116871097949694e-5
1 1 14 3.8967143738208817e-5
1 2 14 3.6513653578305376e-5
2 1 14 4.111523211329798e-5
2 2 14 3.941479902164307e-5
1 1 15 4.543540074830526e-5
1 2 15 3.7080905629151285e-5
2 1 15 3.3573136470890603e-5
2 2 15 3.254933633202972e-5
1 1 16 3.5922082498689865e-5
1 2 16 3.283469924322674e-5
2 1 16 2.946016378439798e-5
2 2 16 3.129349066763804e-5
1 1 17 3.336959146338156e-5
1 2 17 3.974279655605355e-5
2 1 17 3.3935726052852314e-5
2 2 17 2.2831732456736975e-5
1 1 18 4.099770447054925e-5
1 2 18 4.116262051664402e-5
2 1 18 3.068706675932391e-5
2 2 18 3.179485778094674e-5
1 1 19 3.3534857859615546e-5
1 2 19 2.1892064483403758e-5
2 1 19 2.4708545232263555e-5
2 2 19 3.45767514000211e-5
1 1 20 4.949862897031709e-5
1 2 20 4.7643828550619964e-5
2 1 20 3.5246686765027545e-5
2 2 20 3.434604880762672e-5
