W: 2.8
num_iter: 0
[-0.76993795 -0.76993795 -0.75105192 -0.75105192 -0.72731996 -0.72731996
 -0.69909363 -0.69909363 -0.66638728 -0.66638728 -0.62987632 -0.62987632
 -0.58976157 -0.58976157 -0.54456414 -0.54456414 -0.49658372 -0.49658372
 -0.44248887 -0.44248887 -0.3840406  -0.3840406  -0.32102549 -0.32102549
 -0.25366131 -0.25366131 -0.18228239 -0.18228239 -0.10699169 -0.10699169
 -0.02584612 -0.02584612  0.02584297  0.02584297  0.10699416  0.10699416
  0.18228463  0.18228463  0.25366437  0.25366437  0.32102124  0.32102124
  0.38404084  0.38404084  0.44249039  0.44249039  0.49658396  0.49658396
  0.54456533  0.54456533  0.58976181  0.58976181  0.62987254  0.62987254
  0.66639127  0.66639127  0.69909145  0.69909145  0.7273193   0.7273193
  0.75105057  0.75105057  0.76993812  0.76993812]
localization_length: 2.4184526602654968
2.4419352677660635
W_list: [2.8]
L_list: [39.070964284257016]
