[-2.41421356 -1.         -1.         -0.41421356  0.41421356  1.
  1.          2.41421356]
W: 2.0
num_iter: 0
[-0.50041754 -0.35614363 -0.2194179  -0.10708785  0.10708126  0.21942794
  0.35614168  0.50041603]
localization_length: 2.3346754838766066
2.3264804055220183
num_iter: 1
[-0.50118776 -0.35594887 -0.22031941 -0.10578901  0.10579171  0.22031506
  0.35594939  0.50118889]
localization_length: 2.363194342898936
2.3712295728656874
num_iter: 2
[-0.50064368 -0.35658991 -0.22070404 -0.106186    0.1061908   0.22069927
  0.35659499  0.50063859]
localization_length: 2.3543592409104095
2.371407254971625
W_list: [2.0]
L_list: [2.356372411119777]
[-2.41421356 -1.         -1.         -0.41421356  0.41421356  1.
  1.          2.41421356]
W: 2.0
num_iter: 0
[-0.50158845 -0.35675817 -0.22025049 -0.10704497  0.10704859  0.22025037
  0.3567437   0.50159942]
localization_length: 2.3354670050327746
2.3638618741823243
num_iter: 1
[-0.50002507 -0.35597419 -0.22073961 -0.1057991   0.10579049  0.22074653
  0.35597767  0.50002328]
localization_length: 2.363161293959407
2.3763641916756666
num_iter: 2
[-0.50132907 -0.356847   -0.22015724 -0.10604661  0.10604723  0.22015871
  0.35684466  0.50132932]
localization_length: 2.3574539318595313
2.3580340416222083
W_list: [2.0]
L_list: [2.3660867024933996]
