W: 3.6
num_iter: 0
[-0.9008785  -0.9008785  -0.85098145 -0.85098145 -0.78324537 -0.78324537
 -0.69794239 -0.69794239 -0.59091529 -0.59091529 -0.45985321 -0.45985321
 -0.30033126 -0.30033126 -0.09630521 -0.09630521  0.0963044   0.0963044
  0.30033527  0.30033527  0.45985356  0.45985356  0.59091454  0.59091454
  0.69794012  0.69794012  0.78324447  0.78324447  0.85098312  0.85098312
  0.90087721  0.90087721]
localization_length: 1.2979676453141213
1.3008308350585824
W_list: [3.6]
L_list: [10.40664668046866]
