W: 4.0
num_iter: 0
[-1.13256226 -1.13256226 -1.1195691  -1.1195691  -1.10535739 -1.10535739
 -1.0902096  -1.0902096  -1.07374238 -1.07374238 -1.05645356 -1.05645356
 -1.03781974 -1.03781974 -1.01799444 -1.01799444 -0.99697567 -0.99697567
 -0.97497031 -0.97497031 -0.95175698 -0.95175698 -0.9269514  -0.9269514
 -0.90091603 -0.90091603 -0.8737252  -0.8737252  -0.84546266 -0.84546266
 -0.81537153 -0.81537153 -0.78390489 -0.78390489 -0.75087485 -0.75087485
 -0.7166153  -0.7166153  -0.68053085 -0.68053085 -0.64277808 -0.64277808
 -0.60281353 -0.60281353 -0.56081435 -0.56081435 -0.51715557 -0.51715557
 -0.4717597  -0.4717597  -0.42346786 -0.42346786 -0.37303293 -0.37303293
 -0.32075416 -0.32075416 -0.26595937 -0.26595937 -0.20878369 -0.20878369
 -0.14730458 -0.14730458 -0.07497694 -0.07497694  0.07497058  0.07497058
  0.14731006  0.14731006  0.20878821  0.20878821  0.26596154  0.26596154
  0.32075245  0.32075245  0.37302804  0.37302804  0.42346453  0.42346453
  0.47175684  0.47175684  0.5171559   0.5171559   0.56080898  0.56080898
  0.60281112  0.60281112  0.64277826  0.64277826  0.68053289  0.68053289
  0.71661676  0.71661676  0.75088239  0.75088239  0.783908    0.783908
  0.81537193  0.81537193  0.84546143  0.84546143  0.87372031  0.87372031
  0.90092504  0.90092504  0.92694727  0.92694727  0.95175616  0.95175616
  0.97496915  0.97496915  0.99697887  0.99697887  1.01799687  1.01799687
  1.03781495  1.03781495  1.05645228  1.05645228  1.0737382   1.0737382
  1.09020507  1.09020507  1.10536777  1.10536777  1.11956668  1.11956668
  1.13256639  1.13256639]
localization_length: 0.4168301669648006
0.4147467778669936
W_list: [4.0]
L_list: [13.271896891743795]
