Norm difference: 1.0
Norm difference: 1.0
1 1
1 2
1 3
2 1
2 2
2 3
3 1
3 2
3 3
1 1
1 2
1 3
2 1
2 2
2 3
3 1
3 2
3 3
1 1
1 2
1 3
2 1
2 2
2 3
3 1
3 2
3 3
1 1
1 2
1 3
2 1
2 2
2 3
3 1
3 2
3 3
1 1
1 2
1 3
2 1
2 2
2 3
3 1
3 2
3 3
1 1
1 2
1 3
2 1
2 2
2 3
3 1
3 2
3 3
1 1
1 2
1 3
2 1
2 2
2 3
3 1
3 2
3 3
1 1
1 2
1 3
2 1
2 2
2 3
3 1
3 2
3 3
1 1
1 2
1 3
2 1
2 2
2 3
3 1
3 2
3 3
1 1
1 2
1 3
2 1
2 2
2 3
3 1
3 2
3 3
1 1
1 2
1 3
2 1
2 2
2 3
3 1
3 2
3 3
1 1
1 2
1 3
2 1
2 2
2 3
3 1
3 2
3 3
1 1
1 2
1 3
2 1
2 2
2 3
3 1
3 2
3 3
1 1
1 2
1 3
2 1
2 2
2 3
3 1
3 2
3 3
1 1
1 2
1 3
2 1
2 2
2 3
3 1
3 2
3 3
1 1
1 2
1 3
2 1
2 2
2 3
3 1
3 2
3 3
1 1
1 2
1 3
2 1
2 2
2 3
3 1
3 2
3 3
1 1
1 2
1 3
2 1
2 2
2 3
3 1
3 2
3 3
1 1
1 2
1 3
2 1
2 2
2 3
3 1
3 2
3 3
1 1
1 2
1 3
2 1
2 2
2 3
3 1
3 2
3 3
1 1 1 0.0004885819735571978
1 2 1 0.00047149870312204745
1 3 1 0.00030642305380844273
2 1 1 0.0004850371844621282
2 2 1 0.0003198995540362598
2 3 1 0.00031650053719231884
3 1 1 0.0004436315978400407
3 2 1 0.00038891605860193434
3 3 1 0.0003367068035336346
1 1 2 0.0004320814966172327
1 2 2 0.00033465539002844395
1 3 2 0.0003111141084280823
2 1 2 0.00037496366268435967
2 2 2 0.0003696589109136484
2 3 2 0.0002536987103459486
3 1 2 0.00041355637497612755
3 2 2 0.00040447431698861726
3 3 2 0.0002771693464964214
1 1 3 0.0004938031638182892
1 2 3 0.00043982744645998357
1 3 3 0.0003959020584930209
2 1 3 0.000453282306431162
2 2 3 0.00034485207562490736
2 3 3 0.0002207571785530927
3 1 3 0.0005267343358369014
3 2 3 0.00041230562278785695
3 3 3 0.0003274427000325487
1 1 4 0.0004881590025064194
1 2 4 0.0004115249629740903
1 3 4 0.00040377661252042187
2 1 4 0.0005497144116766554
2 2 4 0.0003691612375726253
2 3 4 0.00033440854991345225
3 1 4 0.0005984395691993178
3 2 4 0.0003992128242662823
3 3 4 0.00032671577938890887
1 1 5 0.000544853764428474
1 2 5 0.0005144449900183005
1 3 5 0.00042390704422680685
2 1 5 0.0003850214336786559
2 2 5 0.00037721679874318253
2 3 5 0.0003535327831762971
3 1 5 0.0005147782387376648
3 2 5 0.00043540064435644305
3 3 5 0.0003359323475405588
1 1 6 0.000487505841894389
1 2 6 0.00040521997688173215
1 3 6 0.00039448721585724533
2 1 6 0.00040251215282979347
2 2 6 0.0003750910992265887
2 3 6 0.00029487418403278644
3 1 6 0.0004411217270290506
3 2 6 0.0003303437788697202
3 3 6 0.0003262950130101997
1 1 7 0.00046772722864367835
1 2 7 0.00043831432613413313
1 3 7 0.00035495102074253394
2 1 7 0.00032221140087744336
2 2 7 0.0002818771424751375
2 3 7 0.00033116824570591315
3 1 7 0.00043006926326948227
3 2 7 0.00035177521157179613
3 3 7 0.0003761643859559663
1 1 8 0.0004951186313186908
1 2 8 0.0004178358361655031
1 3 8 0.00045312299611080823
2 1 8 0.0003318630351502437
2 2 8 0.0003799056125989362
2 3 8 0.00042890397813845105
3 1 8 0.0003891333881495218
3 2 8 0.00041986928586329795
3 3 8 0.00047415499127971235
1 1 9 0.0006261730552928047
1 2 9 0.000532476338391818
1 3 9 0.0004526210312729759
2 1 9 0.0003289692392601516
2 2 9 0.00030393192068261317
2 3 9 0.0004315382276243292
3 1 9 0.0004268440859960243
3 2 9 0.00045134073522750605
3 3 9 0.0005198258893895841
1 1 10 0.0005473259572762375
1 2 10 0.00046478827098609245
1 3 10 0.00040545755435469997
2 1 10 0.000430274931899325
2 2 10 0.0004109521945190966
2 3 10 0.00038909681315699954
3 1 10 0.00040545439126503586
3 2 10 0.00040855967869654906
3 3 10 0.0004581333703026448
1 1 11 0.0005182227296783869
1 2 11 0.0003987894151703043
1 3 11 0.0003630039541266085
2 1 11 0.0004302698417123816
2 2 11 0.0002506963700001848
2 3 11 0.00034067941987867017
3 1 11 0.0005471815144415659
3 2 11 0.0003468809863643047
3 3 11 0.0003071855924736347
1 1 12 0.0004597009864297251
1 2 12 0.0003649907579178613
1 3 12 0.00033636948537028275
2 1 12 0.0005011521221664863
2 2 12 0.0004141092348251199
2 3 12 0.0002664979796046417
3 1 12 0.00048293264798938485
3 2 12 0.0003776120997422568
3 3 12 0.0003157871197940882
1 1 13 0.00045730262022126696
1 2 13 0.00047092633209065357
1 3 13 0.0004853245766832179
2 1 13 0.0005150463557693958
2 2 13 0.0002737881369002983
2 3 13 0.000318342441789416
3 1 13 0.0006093951458660326
3 2 13 0.0005057186986269197
3 3 13 0.0003400444553685076
1 1 14 0.0004899829214219362
1 2 14 0.00048300983165394564
1 3 14 0.0004320606498436952
2 1 14 0.0007231156548804308
2 2 14 0.0004927655019948314
2 3 14 0.00041974965714995747
3 1 14 0.0008255884181934157
3 2 14 0.0004748292927246638
3 3 14 0.0003843911951214369
1 1 15 0.0006091573354262499
1 2 15 0.0006038387350021956
1 3 15 0.0004887347819549973
2 1 15 0.000582423543197254
2 2 15 0.0005537107759716366
2 3 15 0.0003934008918779087
3 1 15 0.0005863909204098149
3 2 15 0.0006262793542800408
3 3 15 0.00038833156129172957
1 1 16 0.0005830000534419388
1 2 16 0.0005960361461964077
1 3 16 0.0004339678846636408
2 1 16 0.0005628905216901051
2 2 16 0.0006899096147249051
2 3 16 0.00042682585098384663
3 1 16 0.00047739140295704216
3 2 16 0.0006660865046752534
3 3 16 0.0004216181945681539
1 1 17 0.0006048495931002958
1 2 17 0.0007370370478222407
1 3 17 0.00037181860253440285
2 1 17 0.00040160607046835336
2 2 17 0.0003924551906841356
2 3 17 0.00035976007536894615
3 1 17 0.0005945989208911738
3 2 17 0.0005457102420361145
3 3 17 0.000393530846398946
1 1 18 0.0006529503483353877
1 2 18 0.0006948713245410591
1 3 18 0.0004101797389970981
2 1 18 0.000617786965392814
2 2 18 0.000633577513223808
2 3 18 0.00041250594149712817
3 1 18 0.0005994145868422722
3 2 18 0.0006475795677726317
3 3 18 0.00047822723596784006
1 1 19 0.0007176338135412342
1 2 19 0.0006490024902997611
1 3 19 0.0004710962221908785
2 1 19 0.0004963193752293231
2 2 19 0.0004530763689522499
2 3 19 0.00033817440532869536
3 1 19 0.0006075822662388416
3 2 19 0.0005938484301650602
3 3 19 0.000514238240012301
1 1 20 0.0008247943348560927
1 2 20 0.0005716131794105799
1 3 20 0.0004409140359633158
2 1 20 0.0005840880643690333
2 2 20 0.0005876656673278445
2 3 20 0.000410133100122546
3 1 20 0.0006097103137798427
3 2 20 0.0005671051927015555
3 3 20 0.00037058945231434077
