Norm difference: 1.0
Norm difference: 1.0
1 1
1 2
2 1
2 2
1 1
1 2
2 1
2 2
1 1
1 2
2 1
2 2
1 1
1 2
2 1
2 2
1 1
1 2
2 1
2 2
1 1
1 2
2 1
2 2
1 1
1 2
2 1
2 2
1 1
1 2
2 1
2 2
1 1
1 2
2 1
2 2
1 1
1 2
2 1
2 2
1 1
1 2
2 1
2 2
1 1
1 2
2 1
2 2
1 1
1 2
2 1
2 2
1 1
1 2
2 1
2 2
1 1
1 2
2 1
2 2
1 1
1 2
2 1
2 2
1 1
1 2
2 1
2 2
1 1
1 2
2 1
2 2
1 1
1 2
2 1
2 2
1 1
1 2
2 1
2 2
1 1 1 0.011712101541407154
1 2 1 0.010708377674548002
2 1 1 0.010742867935827554
2 2 1 0.010881066554215547
1 1 2 0.011342626820947287
1 2 2 0.010025577323176198
2 1 2 0.012162110744421107
2 2 2 0.009973612254643226
1 1 3 0.00882487502081955
1 2 3 0.008833819849866994
2 1 3 0.01090869851830943
2 2 3 0.008149337897863929
1 1 4 0.008558334971116017
1 2 4 0.009898466510915102
2 1 4 0.008463353014670997
2 2 4 0.010241870626648227
1 1 5 0.008556831450139704
1 2 5 0.0054649906323696075
2 1 5 0.006277189804696465
2 2 5 0.00630829170947198
1 1 6 0.007625413204926197
1 2 6 0.008071959920503623
2 1 6 0.0073480093644204825
2 2 6 0.005533838197065008
1 1 7 0.0054489909907102525
1 2 7 0.005342393891837032
2 1 7 0.006408739111838165
2 2 7 0.005515831073053144
1 1 8 0.004063057844030518
1 2 8 0.005398249456912845
2 1 8 0.0040141822020797946
2 2 8 0.00530208634972423
1 1 9 0.0028919266540265763
1 2 9 0.0029593953711291266
2 1 9 0.003404688812741369
2 2 9 0.0035457099478972665
1 1 10 0.002274506365094067
1 2 10 0.0021036540756667376
2 1 10 0.0027413847720047717
2 2 10 0.002637877997495384
1 1 11 0.0014175637435474143
1 2 11 0.0009176905362429386
2 1 11 0.001434777773498559
2 2 11 0.0013511625524047605
1 1 12 0.000655590254565658
1 2 12 0.0007555807472855662
2 1 12 0.0009641459286581185
2 2 12 0.0008160751973724809
1 1 13 0.00035286453211421113
1 2 13 0.0005240376875210196
2 1 13 0.0005727818858271725
2 2 13 0.0005310116116157582
1 1 14 0.00030979988649463874
1 2 14 0.00033685777331532684
2 1 14 0.0003138601043042816
2 2 14 0.0003252269418555316
1 1 15 0.00025494736706434013
1 2 15 0.0002501762639422241
2 1 15 0.000229092153352137
2 2 15 0.00019801843127882366
1 1 16 0.0003018145681091536
1 2 16 9.964767565800034e-5
2 1 16 0.0001522975441867103
2 2 16 0.00023496359014301224
1 1 17 0.0001955059987182285
1 2 17 0.00014883068567549736
2 1 17 0.00017623789638954965
2 2 17 0.00016101988206718387
1 1 18 0.0001245046536962247
1 2 18 0.0001293194009090021
2 1 18 0.00019969048841284305
2 2 18 9.279564450440774e-5
1 1 19 0.00010263630895890922
1 2 19 9.449237736901198e-5
2 1 19 0.0001352956420818345
2 2 19 9.263666630022082e-5
1 1 20 8.06119890101293e-5
1 2 20 7.918952547781633e-5
2 1 20 9.007060059438465e-5
2 2 20 9.463838073768947e-5
