W: 2.4
num_iter: 0
[-0.942595   -0.942595   -0.91703541 -0.91703541 -0.88430574 -0.88430574
 -0.84572933 -0.84572933 -0.79975118 -0.79975118 -0.74814065 -0.74814065
 -0.6904944  -0.6904944  -0.62794923 -0.62794923 -0.5612116  -0.5612116
 -0.49224126 -0.49224126 -0.42083824 -0.42083824 -0.34690677 -0.34690677
 -0.27113167 -0.27113167 -0.19308784 -0.19308784 -0.11463544 -0.11463544
 -0.02855274 -0.02855274  0.02854836  0.02854836  0.11463753  0.11463753
  0.19309099  0.19309099  0.27113018  0.27113018  0.34690445  0.34690445
  0.42084571  0.42084571  0.49223577  0.49223577  0.56121676  0.56121676
  0.62794668  0.62794668  0.69049698  0.69049698  0.74814101  0.74814101
  0.79975438  0.79975438  0.84572566  0.84572566  0.88430249  0.88430249
  0.91703308  0.91703308  0.94259648  0.94259648]
localization_length: 2.189267681532399
2.2033410257028208
W_list: [2.4]
L_list: [35.25345641124513]
