W: 4.2
num_iter: 0
[-1.00821352 -1.00821352 -0.98711871 -0.98711871 -0.96152703 -0.96152703
 -0.93204408 -0.93204408 -0.89796203 -0.89796203 -0.85965826 -0.85965826
 -0.81579644 -0.81579644 -0.76749612 -0.76749612 -0.7128443  -0.7128443
 -0.65143592 -0.65143592 -0.58285933 -0.58285933 -0.50570677 -0.50570677
 -0.41979304 -0.41979304 -0.32509682 -0.32509682 -0.21996254 -0.21996254
 -0.09310835 -0.09310835  0.09311056  0.09311056  0.21996326  0.21996326
  0.32509442  0.32509442  0.41978631  0.41978631  0.50570924  0.50570924
  0.58285782  0.58285782  0.65143186  0.65143186  0.7128482   0.7128482
  0.767494    0.767494    0.81580448  0.81580448  0.85966007  0.85966007
  0.89795904  0.89795904  0.93204614  0.93204614  0.96152619  0.96152619
  0.98712091  0.98712091  1.00821077  1.00821077]
localization_length: 0.6712609714229106
0.6786201223726412
W_list: [4.2]
L_list: [10.85792195796226]
