Norm difference: 1.0
Norm difference: 1.0
1 1
1 2
1 3
2 1
2 2
2 3
3 1
3 2
3 3
1 1
1 2
1 3
2 1
2 2
2 3
3 1
3 2
3 3
1 1
1 2
1 3
2 1
2 2
2 3
3 1
3 2
3 3
1 1
1 2
1 3
2 1
2 2
2 3
3 1
3 2
3 3
1 1
1 2
1 3
2 1
2 2
2 3
3 1
3 2
3 3
1 1
1 2
1 3
2 1
2 2
2 3
3 1
3 2
3 3
1 1
1 2
1 3
2 1
2 2
2 3
3 1
3 2
3 3
1 1
1 2
1 3
2 1
2 2
2 3
3 1
3 2
3 3
1 1
1 2
1 3
2 1
2 2
2 3
3 1
3 2
3 3
1 1
1 2
1 3
2 1
2 2
2 3
3 1
3 2
3 3
1 1
1 2
1 3
2 1
2 2
2 3
3 1
3 2
3 3
1 1
1 2
1 3
2 1
2 2
2 3
3 1
3 2
3 3
1 1
1 2
1 3
2 1
2 2
2 3
3 1
3 2
3 3
1 1
1 2
1 3
2 1
2 2
2 3
3 1
3 2
3 3
1 1
1 2
1 3
2 1
2 2
2 3
3 1
3 2
3 3
1 1
1 2
1 3
2 1
2 2
2 3
3 1
3 2
3 3
1 1
1 2
1 3
2 1
2 2
2 3
3 1
3 2
3 3
1 1
1 2
1 3
2 1
2 2
2 3
3 1
3 2
3 3
1 1
1 2
1 3
2 1
2 2
2 3
3 1
3 2
3 3
1 1
1 2
1 3
2 1
2 2
2 3
3 1
3 2
3 3
1 1 1 0.014952761714600743
1 2 1 0.013944062593104867
1 3 1 0.019371985213820855
2 1 1 0.01134850714345367
2 2 1 0.006935614793701639
2 3 1 0.013461888884360538
3 1 1 0.015508796839921382
3 2 1 0.0145164557630983
3 3 1 0.017886050857500835
1 1 2 0.013456374653460104
1 2 2 0.012097571565376084
1 3 2 0.015163501678390779
2 1 2 0.008835065092030272
2 2 2 0.009186224828901624
2 3 2 0.012256727933141686
3 1 2 0.012916112806772084
3 2 2 0.010727678737770582
3 3 2 0.016296939042795913
1 1 3 0.012217789242991009
1 2 3 0.010139775835997608
1 3 3 0.017899283157924294
2 1 3 0.007415122004254926
2 2 3 0.005653580012921812
2 3 3 0.009958031851669224
3 1 3 0.009416235623387684
3 2 3 0.009738402316173463
3 3 3 0.01674774629114859
1 1 4 0.010549776501357555
1 2 4 0.008945367751200162
1 3 4 0.018606631001569778
2 1 4 0.007459465105712246
2 2 4 0.0088081296971389
2 3 4 0.01229530960270746
3 1 4 0.015581377379585115
3 2 4 0.010474419721433245
3 3 4 0.012777125639302278
1 1 5 0.011308730447917071
1 2 5 0.011249809798461392
1 3 5 0.014656338604058705
2 1 5 0.005764510706889344
2 2 5 0.0051268418205564666
2 3 5 0.009150697298285179
3 1 5 0.01469016372271074
3 2 5 0.0079624870665947
3 3 5 0.015001115267712403
1 1 6 0.01025935657835562
1 2 6 0.008198351142145316
1 3 6 0.01230292846697966
2 1 6 0.00763235855141218
2 2 6 0.007336439075549511
2 3 6 0.007783501525481908
3 1 6 0.012133355835409258
3 2 6 0.01083919427288154
3 3 6 0.012621772488126811
1 1 7 0.01012748277613859
1 2 7 0.009800722691155873
1 3 7 0.010935128249111312
2 1 7 0.006398464226894088
2 2 7 0.0042380847769282505
2 3 7 0.00710969906739201
3 1 7 0.013505149880773556
3 2 7 0.00982345314272875
3 3 7 0.0111657156587507
1 1 8 0.011353359760906455
1 2 8 0.0061080816673572584
1 3 8 0.011113845999302012
2 1 8 0.007364945242553232
2 2 8 0.005016296872669225
2 3 8 0.00734173979114359
3 1 8 0.010425148813795302
3 2 8 0.006649488177221929
3 3 8 0.01426721817684742
1 1 9 0.009725107963259153
1 2 9 0.006470853748066829
1 3 9 0.011593996026991713
2 1 9 0.007072969297148482
2 2 9 0.002576024053744179
2 3 9 0.005772553883699004
3 1 9 0.009076694318191718
3 2 9 0.008691222865370524
3 3 9 0.011676214464846804
1 1 10 0.008175805881798295
1 2 10 0.005190980815080658
1 3 10 0.010187321137444293
2 1 10 0.005298602519054058
2 2 10 0.003475456551133941
2 3 10 0.006058023581616809
3 1 10 0.006482379162036598
3 2 10 0.003446033441316456
3 3 10 0.01090244124423144
1 1 11 0.007748116550965929
1 2 11 0.0045834721403854835
1 3 11 0.009245303863846768
2 1 11 0.006163608449295995
2 2 11 0.002610501981154305
2 3 11 0.005503917756925719
3 1 11 0.004411579068104021
3 2 11 0.004291253306113206
3 3 11 0.008137643940693086
1 1 12 0.006017172652926762
1 2 12 0.0038729739284809545
1 3 12 0.007309306930752586
2 1 12 0.004877306308341487
2 2 12 0.0022347540408450854
2 3 12 0.005082486344082697
3 1 12 0.006002863501289142
3 2 12 0.003465510191987631
3 3 12 0.005561838191914502
1 1 13 0.0048034773939676974
1 2 13 0.0033914769298919157
1 3 13 0.006226717016271996
2 1 13 0.004040806779087126
2 2 13 0.002243905190808519
2 3 13 0.003934086720280913
3 1 13 0.0061382568207422675
3 2 13 0.003419227272949122
3 3 13 0.007154325815280496
1 1 14 0.004173697227440566
1 2 14 0.0023284284953388546
1 3 14 0.004853920625818636
2 1 14 0.0026382291068169014
2 2 14 0.0019338347692239028
2 3 14 0.0032877868826654854
3 1 14 0.006121712688305096
3 2 14 0.003939379808530546
3 3 14 0.004441869768860368
1 1 15 0.004487692732240188
1 2 15 0.00269901412941074
1 3 15 0.0035031523389048224
2 1 15 0.002884355253210405
2 2 15 0.002030897807806913
2 3 15 0.0028536480785495933
3 1 15 0.005816651744915984
3 2 15 0.0033481533907399157
3 3 15 0.003845197201930159
1 1 16 0.004730585429006251
1 2 16 0.0023283354216783315
1 3 16 0.003300158267041404
2 1 16 0.0029680803753593657
2 2 16 0.001998577647907087
2 3 16 0.002857175052782344
3 1 16 0.005527379769986718
3 2 16 0.0033950540308891643
3 3 16 0.00495442673568998
1 1 17 0.004184337392081722
1 2 17 0.0026811215517788915
1 3 17 0.003821465461460146
2 1 17 0.0028996947833155274
2 2 17 0.0017870099142381865
2 3 17 0.002715207592383283
3 1 17 0.004775244938362946
3 2 17 0.0033384518538564904
3 3 17 0.0049318892743009405
1 1 18 0.003408724609317383
1 2 18 0.0027280154135445674
1 3 18 0.003278275313770833
2 1 18 0.002134079527310943
2 2 18 0.0021680951753547265
2 3 18 0.0025857219175707325
3 1 18 0.003809718273701438
3 2 18 0.002485445332318449
3 3 18 0.004673734376953384
1 1 19 0.0024887363015480175
1 2 19 0.002253097277120949
1 3 19 0.002661981976389476
2 1 19 0.001694644590395743
2 2 19 0.001614960255874144
2 3 19 0.0016609914556479058
3 1 19 0.0030279883206486666
3 2 19 0.0031010823363722484
3 3 19 0.0033641154121064167
1 1 20 0.0019938916953579815
1 2 20 0.0021308940696661634
1 3 20 0.0027240606296106153
2 1 20 0.001621032061797386
2 2 20 0.0018457401342867803
2 3 20 0.002234010547592211
3 1 20 0.002743858512011809
3 2 20 0.0018311394039842329
3 3 20 0.002478352091864166
