W: 2.4000000000000004
num_iter: 0
[-1.18765963 -1.18765963 -1.17746229 -1.17746229 -1.16569403 -1.16569403
 -1.15231099 -1.15231099 -1.13760393 -1.13760393 -1.12100364 -1.12100364
 -1.10271472 -1.10271472 -1.08218751 -1.08218751 -1.05995594 -1.05995594
 -1.03515595 -1.03515595 -1.00791212 -1.00791212 -0.97835373 -0.97835373
 -0.94562181 -0.94562181 -0.91023146 -0.91023146 -0.87229053 -0.87229053
 -0.83116242 -0.83116242 -0.78745433 -0.78745433 -0.74186317 -0.74186317
 -0.69501823 -0.69501823 -0.64646043 -0.64646043 -0.59718768 -0.59718768
 -0.54698143 -0.54698143 -0.49717582 -0.49717582 -0.44723203 -0.44723203
 -0.3968902  -0.3968902  -0.34731915 -0.34731915 -0.29781758 -0.29781758
 -0.24838285 -0.24838285 -0.19826569 -0.19826569 -0.14741849 -0.14741849
 -0.09500412 -0.09500412 -0.03546543 -0.03546543  0.0354641   0.0354641
  0.09499812  0.09499812  0.14743042  0.14743042  0.19826387  0.19826387
  0.24837977  0.24837977  0.29782203  0.29782203  0.34732229  0.34732229
  0.39688689  0.39688689  0.44723492  0.44723492  0.49717683  0.49717683
  0.54698378  0.54698378  0.59718904  0.59718904  0.64646822  0.64646822
  0.6950104   0.6950104   0.74185857  0.74185857  0.78744935  0.78744935
  0.83116466  0.83116466  0.87228866  0.87228866  0.91023539  0.91023539
  0.9456179   0.9456179   0.97834785  0.97834785  1.0079179   1.0079179
  1.03514758  1.03514758  1.05995409  1.05995409  1.08219156  1.08219156
  1.10271264  1.10271264  1.12100461  1.12100461  1.13760284  1.13760284
  1.15231101  1.15231101  1.16569724  1.16569724  1.17746621  1.17746621
  1.1876586   1.1876586 ]
localization_length: 0.8811729093075888
0.902165587606634
W_list: [2.4000000000000004]
L_list: [28.86929880341229]
