Norm difference: 1.0
Norm difference: 1.0
1 1
1 2
2 1
2 2
1 1
1 2
2 1
2 2
1 1
1 2
2 1
2 2
1 1
1 2
2 1
2 2
1 1
1 2
2 1
2 2
1 1
1 2
2 1
2 2
1 1
1 2
2 1
2 2
1 1
1 2
2 1
2 2
1 1
1 2
2 1
2 2
1 1
1 2
2 1
2 2
1 1
1 2
2 1
2 2
1 1
1 2
2 1
2 2
1 1
1 2
2 1
2 2
1 1
1 2
2 1
2 2
1 1
1 2
2 1
2 2
1 1
1 2
2 1
2 2
1 1
1 2
2 1
2 2
1 1
1 2
2 1
2 2
1 1
1 2
2 1
2 2
1 1
1 2
2 1
2 2
1 1 1 0.006199615284538447
1 2 1 0.012312369223180537
2 1 1 0.011178007558452382
2 2 1 0.0096246742880122
1 1 2 0.012876881853829628
1 2 2 0.008313783169016094
2 1 2 0.009905273968249062
2 2 2 0.00988324385142116
1 1 3 0.008196919794386833
1 2 3 0.01113483183053442
2 1 3 0.007162847142648027
2 2 3 0.007995319099288202
1 1 4 0.009485006677567178
1 2 4 0.008665451895596503
2 1 4 0.010842182163753902
2 2 4 0.006277967358466495
1 1 5 0.008206626302034526
1 2 5 0.008015115084548705
2 1 5 0.007516800545308467
2 2 5 0.008141889690718817
1 1 6 0.008224129122169735
1 2 6 0.008521399324188548
2 1 6 0.00913615223648695
2 2 6 0.0065767101188941215
1 1 7 0.00750250846546212
1 2 7 0.005272034739353825
2 1 7 0.0061804302617168155
2 2 7 0.009551151784094446
1 1 8 0.0061253338472535635
1 2 8 0.008567391533511553
2 1 8 0.006035423454110277
2 2 8 0.005635469517112884
1 1 9 0.006484989691171091
1 2 9 0.0061966777503137255
2 1 9 0.004850460513876975
2 2 9 0.004671005979572108
1 1 10 0.005016772011227318
1 2 10 0.0056803840665556864
2 1 10 0.003869473028793118
2 2 10 0.0049752215289945445
1 1 11 0.0054910568125817
1 2 11 0.004274836614114366
2 1 11 0.004138865712451585
2 2 11 0.003434875624063077
1 1 12 0.003673680659178982
1 2 12 0.004971900519825413
2 1 12 0.0037490514178864357
2 2 12 0.0035674018108654954
1 1 13 0.004179513144175905
1 2 13 0.0035047044574868956
2 1 13 0.0035929937289096527
2 2 13 0.003092331722004749
1 1 14 0.003313572646997006
1 2 14 0.003307708633940308
2 1 14 0.0028876762313330986
2 2 14 0.004669510564355778
1 1 15 0.0036291235142815403
1 2 15 0.0041574397625292765
2 1 15 0.0029026165770650366
2 2 15 0.0031110570732324526
1 1 16 0.0023854994764476627
1 2 16 0.0034815447037498184
2 1 16 0.002772618322386158
2 2 16 0.0025156253396767638
1 1 17 0.003274182529007301
1 2 17 0.002820928139427098
2 1 17 0.0023998575257230597
2 2 17 0.0032950782866476847
1 1 18 0.0022477527701465117
1 2 18 0.0034612511600191687
2 1 18 0.002525046516457728
2 2 18 0.0022719559563120556
1 1 19 0.0028479212582513125
1 2 19 0.0024409247057955727
2 1 19 0.0035079374267649142
2 2 19 0.0028653431851938245
1 1 20 0.0031114062827445658
1 2 20 0.0037052774414357463
2 1 20 0.0026026674060482995
2 2 20 0.002922032251872459
