W: 3.2
num_iter: 0
[-0.89684629 -0.89684629 -0.88694075 -0.88694075 -0.87540729 -0.87540729
 -0.86289598 -0.86289598 -0.84953608 -0.84953608 -0.83489163 -0.83489163
 -0.81874069 -0.81874069 -0.80164665 -0.80164665 -0.7834019  -0.7834019
 -0.76367391 -0.76367391 -0.74331452 -0.74331452 -0.721242   -0.721242
 -0.69897931 -0.69897931 -0.67477443 -0.67477443 -0.649837   -0.649837
 -0.6233493  -0.6233493  -0.59588524 -0.59588524 -0.56680529 -0.56680529
 -0.53705394 -0.53705394 -0.50595174 -0.50595174 -0.47311791 -0.47311791
 -0.43927787 -0.43927787 -0.40396939 -0.40396939 -0.3669557  -0.3669557
 -0.32860664 -0.32860664 -0.28908036 -0.28908036 -0.24822035 -0.24822035
 -0.20616171 -0.20616171 -0.16298227 -0.16298227 -0.11854277 -0.11854277
 -0.07330562 -0.07330562 -0.02191239 -0.02191239  0.02191295  0.02191295
  0.07330418  0.07330418  0.11854665  0.11854665  0.16298168  0.16298168
  0.20615717  0.20615717  0.24821792  0.24821792  0.28907515  0.28907515
  0.3286065   0.3286065   0.36694906  0.36694906  0.40397085  0.40397085
  0.43927586  0.43927586  0.47312001  0.47312001  0.50595368  0.50595368
  0.53705517  0.53705517  0.56680624  0.56680624  0.59588739  0.59588739
  0.6233463   0.6233463   0.64983612  0.64983612  0.6747675   0.6747675
  0.69897755  0.69897755  0.72124067  0.72124067  0.74331577  0.74331577
  0.76367244  0.76367244  0.78340225  0.78340225  0.80164741  0.80164741
  0.8187393   0.8187393   0.83489871  0.83489871  0.84953893  0.84953893
  0.86290076  0.86290076  0.87541016  0.87541016  0.88694728  0.88694728
  0.89684528  0.89684528]
localization_length: 1.4261338476938374
1.4030207090327624
W_list: [3.2]
L_list: [44.8966626890484]
