W: 3.2
num_iter: 0
[-1.23399284 -1.23399284 -1.22110117 -1.22110117 -1.20745713 -1.20745713
 -1.19166394 -1.19166394 -1.17506645 -1.17506645 -1.15696503 -1.15696503
 -1.13700132 -1.13700132 -1.11569298 -1.11569298 -1.09206148 -1.09206148
 -1.06687475 -1.06687475 -1.03950266 -1.03950266 -1.01069645 -1.01069645
 -0.97955213 -0.97955213 -0.94686625 -0.94686625 -0.91202779 -0.91202779
 -0.87562626 -0.87562626 -0.83757594 -0.83757594 -0.79776086 -0.79776086
 -0.75587423 -0.75587423 -0.71264455 -0.71264455 -0.6687826  -0.6687826
 -0.62283424 -0.62283424 -0.57599449 -0.57599449 -0.52739482 -0.52739482
 -0.47741353 -0.47741353 -0.42613518 -0.42613518 -0.3735441  -0.3735441
 -0.31969392 -0.31969392 -0.26383376 -0.26383376 -0.20564751 -0.20564751
 -0.14478977 -0.14478977 -0.07291667 -0.07291667  0.07292218  0.07292218
  0.14479151  0.14479151  0.20563726  0.20563726  0.26382099  0.26382099
  0.31968845  0.31968845  0.37354633  0.37354633  0.42614012  0.42614012
  0.4774133   0.4774133   0.52739257  0.52739257  0.5759868   0.5759868
  0.62283024  0.62283024  0.66878336  0.66878336  0.71264357  0.71264357
  0.75587601  0.75587601  0.79775995  0.79775995  0.83757016  0.83757016
  0.8756316   0.8756316   0.91203036  0.91203036  0.94686014  0.94686014
  0.97954395  0.97954395  1.010699    1.010699    1.03950798  1.03950798
  1.0668765   1.0668765   1.09207181  1.09207181  1.11570189  1.11570189
  1.13700328  1.13700328  1.15697065  1.15697065  1.17506965  1.17506965
  1.1916604   1.1916604   1.20746012  1.20746012  1.22110883  1.22110883
  1.23398587  1.23398587]
localization_length: 0.4285714043679866
0.4333343351636734
W_list: [3.2]
L_list: [13.86669872523755]
