[-2.41421356 -1.         -1.         -0.41421356  0.41421356  1.
  1.          2.41421356]
W: 1.4
num_iter: 0
[-0.36809719 -0.35434973 -0.34067218 -0.3260821  -0.31170986 -0.29784167
 -0.28368671 -0.27016239 -0.25714097 -0.24412266 -0.23210823 -0.21926423
 -0.20776102 -0.19591904 -0.18480129 -0.17379252 -0.16347558 -0.15233688
 -0.14214152 -0.13176611 -0.12144634 -0.11131072 -0.10195451 -0.09178784
 -0.08115497 -0.07159507 -0.06158079 -0.05140529 -0.04139573 -0.03093716
 -0.02092878 -0.01057369  0.01057201  0.02093755  0.03093674  0.04138585
  0.05139968  0.06157954  0.07159285  0.08115208  0.0917947   0.10195325
  0.11131677  0.12145336  0.13175797  0.14214688  0.15233928  0.1634692
  0.17380994  0.1847828   0.19592396  0.2077595   0.21925474  0.23211791
  0.24412451  0.25713677  0.27016387  0.28369104  0.29783225  0.31171156
  0.3260828   0.34067613  0.35435175  0.36809553]
localization_length: 2.955918283983641
2.9326212452552864
W_list: [1.4]
L_list: [2.9326212452552864]
[-2.41421356 -1.         -1.         -0.41421356  0.41421356  1.
  1.          2.41421356]
W: 1.4
num_iter: 0
[-0.36850089 -0.35466015 -0.34016584 -0.32578391 -0.31130216 -0.29712666
 -0.28375065 -0.26990545 -0.25697121 -0.2442138  -0.23157092 -0.21953294
 -0.20811737 -0.19608802 -0.18492703 -0.17381567 -0.16357138 -0.15267525
 -0.14213952 -0.13190329 -0.12165188 -0.1112433  -0.10147569 -0.09161835
 -0.08168646 -0.07178183 -0.06157239 -0.05191965 -0.04140972 -0.03113079
 -0.02086984 -0.01020145  0.01019994  0.02086798  0.03112104  0.04142925
  0.05190931  0.06157091  0.07178183  0.08168298  0.09161953  0.10147644
  0.11124129  0.12165718  0.13190325  0.14213765  0.15268088  0.1635715
  0.17380393  0.18492687  0.19609739  0.2081155   0.21954643  0.23156749
  0.24421445  0.2569622   0.26990916  0.28375434  0.29713028  0.31130067
  0.32577883  0.34015954  0.35466835  0.36849708]
localization_length: 3.063742357929784
3.1572776435053815
W_list: [1.4]
L_list: [3.1572776435053815]
