W: 3.8
num_iter: 0
[-0.94716043 -0.94716043 -0.93805951 -0.93805951 -0.9274929  -0.9274929
 -0.91613075 -0.91613075 -0.9033593  -0.9033593  -0.88974597 -0.88974597
 -0.87497652 -0.87497652 -0.85894797 -0.85894797 -0.84238419 -0.84238419
 -0.82435187 -0.82435187 -0.80508311 -0.80508311 -0.78492589 -0.78492589
 -0.76355593 -0.76355593 -0.7406695  -0.7406695  -0.71653547 -0.71653547
 -0.69122712 -0.69122712 -0.6641274  -0.6641274  -0.63605801 -0.63605801
 -0.6059821  -0.6059821  -0.57443146 -0.57443146 -0.54072446 -0.54072446
 -0.50598158 -0.50598158 -0.46913646 -0.46913646 -0.42986259 -0.42986259
 -0.38920195 -0.38920195 -0.34648633 -0.34648633 -0.30179073 -0.30179073
 -0.25518413 -0.25518413 -0.20613101 -0.20613101 -0.15554746 -0.15554746
 -0.10260449 -0.10260449 -0.04111054 -0.04111054  0.04111203  0.04111203
  0.10260539  0.10260539  0.15555056  0.15555056  0.20613097  0.20613097
  0.2551808   0.2551808   0.30179512  0.30179512  0.34648653  0.34648653
  0.3891994   0.3891994   0.42985963  0.42985963  0.46913097  0.46913097
  0.50598739  0.50598739  0.54072457  0.54072457  0.57443623  0.57443623
  0.60598007  0.60598007  0.63605923  0.63605923  0.66412895  0.66412895
  0.69122897  0.69122897  0.71653657  0.71653657  0.74067659  0.74067659
  0.76355466  0.76355466  0.78492204  0.78492204  0.80508785  0.80508785
  0.82435574  0.82435574  0.84237136  0.84237136  0.85894648  0.85894648
  0.87497536  0.87497536  0.88974814  0.88974814  0.90335773  0.90335773
  0.91612915  0.91612915  0.92748974  0.92748974  0.9380619   0.9380619
  0.94715702  0.94715702]
localization_length: 0.7601457741939646
0.7579316717432414
W_list: [3.8]
L_list: [24.253813495783724]
