Norm difference: 1.0
Norm difference: 1.0
1 1
1 2
1 3
2 1
2 2
2 3
3 1
3 2
3 3
1 1
1 2
1 3
2 1
2 2
2 3
3 1
3 2
3 3
1 1
1 2
1 3
2 1
2 2
2 3
3 1
3 2
3 3
1 1
1 2
1 3
2 1
2 2
2 3
3 1
3 2
3 3
1 1
1 2
1 3
2 1
2 2
2 3
3 1
3 2
3 3
1 1
1 2
1 3
2 1
2 2
2 3
3 1
3 2
3 3
1 1
1 2
1 3
2 1
2 2
2 3
3 1
3 2
3 3
1 1
1 2
1 3
2 1
2 2
2 3
3 1
3 2
3 3
1 1
1 2
1 3
2 1
2 2
2 3
3 1
3 2
3 3
1 1
1 2
1 3
2 1
2 2
2 3
3 1
3 2
3 3
1 1
1 2
1 3
2 1
2 2
2 3
3 1
3 2
3 3
1 1
1 2
1 3
2 1
2 2
2 3
3 1
3 2
3 3
1 1
1 2
1 3
2 1
2 2
2 3
3 1
3 2
3 3
1 1
1 2
1 3
2 1
2 2
2 3
3 1
3 2
3 3
1 1
1 2
1 3
2 1
2 2
2 3
3 1
3 2
3 3
1 1
1 2
1 3
2 1
2 2
2 3
3 1
3 2
3 3
1 1
1 2
1 3
2 1
2 2
2 3
3 1
3 2
3 3
1 1
1 2
1 3
2 1
2 2
2 3
3 1
3 2
3 3
1 1
1 2
1 3
2 1
2 2
2 3
3 1
3 2
3 3
1 1
1 2
1 3
2 1
2 2
2 3
3 1
3 2
3 3
1 1 1 0.004901672861982287
1 2 1 0.005160482687283911
1 3 1 0.0036439194619552946
2 1 1 0.004330645974508946
2 2 1 0.003912696602414908
2 3 1 0.0032505903757668758
3 1 1 0.004352135048522523
3 2 1 0.004621978008644915
3 3 1 0.003890695958364865
1 1 2 0.004197615884959342
1 2 2 0.003166950874741131
1 3 2 0.003336406258977264
2 1 2 0.003565898159840348
2 2 2 0.0024310647676853763
2 3 2 0.0036176061768967115
3 1 2 0.0037395577231560534
3 2 2 0.003725206269777996
3 3 2 0.004460057897800053
1 1 3 0.0028965070203910556
1 2 3 0.003477583362062722
1 3 3 0.0034947016834329233
2 1 3 0.0031997685399996942
2 2 3 0.003137693231544385
2 3 3 0.0031922380780751184
3 1 3 0.0038853166479357855
3 2 3 0.002976777716711688
3 3 3 0.0034396755206614095
1 1 4 0.0037015992249135854
1 2 4 0.0025835263308655945
1 3 4 0.0030382711873405337
2 1 4 0.003863176750182959
2 2 4 0.0033275038527974545
2 3 4 0.003495987339254272
3 1 4 0.004501281263881818
3 2 4 0.002741321630964134
3 3 4 0.0028486331070655424
1 1 5 0.0035446642514020904
1 2 5 0.002936387002583841
1 3 5 0.0031046520867760294
2 1 5 0.0039046113472962453
2 2 5 0.0020923112817581744
2 3 5 0.0031734303056697283
3 1 5 0.0032600658843779167
3 2 5 0.003377806802995998
3 3 5 0.002972599269993477
1 1 6 0.0033609793186429896
1 2 6 0.00294433962197348
1 3 6 0.002431139481407247
2 1 6 0.003212013957717931
2 2 6 0.002847966531854449
2 3 6 0.002624760161674349
3 1 6 0.003596836416419464
3 2 6 0.0026668924398114595
3 3 6 0.0030569812034106523
1 1 7 0.0029578371447575836
1 2 7 0.0017492966001348784
1 3 7 0.001969104884121757
2 1 7 0.0028201744104096194
2 2 7 0.0019215097226771428
2 3 7 0.0028841366584157983
3 1 7 0.0024995756810753797
3 2 7 0.0020257846753164986
3 3 7 0.0025764032538944316
1 1 8 0.002179332283592115
1 2 8 0.0023182865574132737
1 3 8 0.002640935028098102
2 1 8 0.0029078815113649367
2 2 8 0.0019006253729403153
2 3 8 0.0020871170016650486
3 1 8 0.0022645532690482527
3 2 8 0.0019388728493449675
3 3 8 0.002427814165235239
1 1 9 0.0020337016329464745
1 2 9 0.0018321798884537988
1 3 9 0.002665024088188192
2 1 9 0.00222338275945791
2 2 9 0.0019096882655351803
2 3 9 0.002626680499725078
3 1 9 0.002161851949892847
3 2 9 0.0022887582120877303
3 3 9 0.002370371410278612
1 1 10 0.001500870737423432
1 2 10 0.0020261723093180305
1 3 10 0.0022769067434816855
2 1 10 0.0017440392508159906
2 2 10 0.0021700615869892324
2 3 10 0.002410732095302781
3 1 10 0.0022905883721351964
3 2 10 0.0018142451425325105
3 3 10 0.001878150813339502
1 1 11 0.0016775421916947995
1 2 11 0.0016361479909043277
1 3 11 0.002056483674798717
2 1 11 0.0015993838982256553
2 2 11 0.0014323218202516497
2 3 11 0.0020029988757117867
3 1 11 0.0019267122782672507
3 2 11 0.0016585213323407212
3 3 11 0.001737086989502062
1 1 12 0.001706659035162721
1 2 12 0.0015372448747675914
1 3 12 0.0016218490639181716
2 1 12 0.0014822315552474204
2 2 12 0.0015933065732323323
2 3 12 0.0015404515872548506
3 1 12 0.0019580318275997438
3 2 12 0.0017091427548169408
3 3 12 0.0018764512238121547
1 1 13 0.0015453267287836255
1 2 13 0.0014083656049188507
1 3 13 0.0015193094664326726
2 1 13 0.0016540627556004411
2 2 13 0.0011623661215640273
2 3 13 0.0015936841713277492
3 1 13 0.0013418748642479868
3 2 13 0.001208228011788218
3 3 13 0.002056275173194299
1 1 14 0.0014354179759155307
1 2 14 0.0010074670086186752
1 3 14 0.001213820613848363
2 1 14 0.0013961793937397695
2 2 14 0.0010990769043691495
2 3 14 0.0013479937206321026
3 1 14 0.0012893378922484993
3 2 14 0.0015390891390184738
3 3 14 0.0017107382695533823
1 1 15 0.001085668269918057
1 2 15 0.0010422153732773539
1 3 15 0.0011799443851387638
2 1 15 0.001032206970915537
2 2 15 0.0010336393137467714
2 3 15 0.00127760687254552
3 1 15 0.0014508198450289458
3 2 15 0.001147707860429146
3 3 15 0.0015589654909253761
1 1 16 0.000804493475959958
1 2 16 0.0006077798620290707
1 3 16 0.0012700862879278987
2 1 16 0.0010516173752600228
2 2 16 0.0006337780108168815
2 3 16 0.001120321550142708
3 1 16 0.0013621299126300042
3 2 16 0.0010913285675182292
3 3 16 0.001280594219125126
1 1 17 0.0007633959049806248
1 2 17 0.0008743947873787658
1 3 17 0.0010475471230698553
2 1 17 0.0009052210384590028
2 2 17 0.0008749564986296011
2 3 17 0.0010257600173035595
3 1 17 0.001255183359882946
3 2 17 0.0009993466020400377
3 3 17 0.001065195330629303
1 1 18 0.0007984784954063711
1 2 18 0.0009362982354850447
1 3 18 0.0008320535069124727
2 1 18 0.0007394882009494398
2 2 18 0.0009348918757330965
2 3 18 0.0008237867843763734
3 1 18 0.0010274054301136148
3 2 18 0.0010266170488472607
3 3 18 0.0010159472483517954
1 1 19 0.0010671562633619348
1 2 19 0.0007948625851441014
1 3 19 0.0008810523204063212
2 1 19 0.0010702205265273575
2 2 19 0.00068480787552353
2 3 19 0.001025372710641577
3 1 19 0.0009320574084278105
3 2 19 0.0008520130087018209
3 3 19 0.0011660862722657948
1 1 20 0.0008107030373947198
1 2 20 0.0006322901822800925
1 3 20 0.0007696883723631566
2 1 20 0.00076287589822323
2 2 20 0.0006802883811472896
2 3 20 0.0007996334128742456
3 1 20 0.0007197795415002904
3 2 20 0.0008511128330022904
3 3 20 0.0011456834065285307
