Norm difference: 1.0
Norm difference: 1.0
1 1
1 2
1 3
2 1
2 2
2 3
3 1
3 2
3 3
1 1
1 2
1 3
2 1
2 2
2 3
3 1
3 2
3 3
1 1
1 2
1 3
2 1
2 2
2 3
3 1
3 2
3 3
1 1
1 2
1 3
2 1
2 2
2 3
3 1
3 2
3 3
1 1
1 2
1 3
2 1
2 2
2 3
3 1
3 2
3 3
1 1
1 2
1 3
2 1
2 2
2 3
3 1
3 2
3 3
1 1
1 2
1 3
2 1
2 2
2 3
3 1
3 2
3 3
1 1
1 2
1 3
2 1
2 2
2 3
3 1
3 2
3 3
1 1
1 2
1 3
2 1
2 2
2 3
3 1
3 2
3 3
1 1
1 2
1 3
2 1
2 2
2 3
3 1
3 2
3 3
1 1
1 2
1 3
2 1
2 2
2 3
3 1
3 2
3 3
1 1
1 2
1 3
2 1
2 2
2 3
3 1
3 2
3 3
1 1
1 2
1 3
2 1
2 2
2 3
3 1
3 2
3 3
1 1
1 2
1 3
2 1
2 2
2 3
3 1
3 2
3 3
1 1
1 2
1 3
2 1
2 2
2 3
3 1
3 2
3 3
1 1
1 2
1 3
2 1
2 2
2 3
3 1
3 2
3 3
1 1
1 2
1 3
2 1
2 2
2 3
3 1
3 2
3 3
1 1
1 2
1 3
2 1
2 2
2 3
3 1
3 2
3 3
1 1
1 2
1 3
2 1
2 2
2 3
3 1
3 2
3 3
1 1
1 2
1 3
2 1
2 2
2 3
3 1
3 2
3 3
1 1 1 0.007913653090684241
1 2 1 0.0052999211624335405
1 3 1 0.007230103434674168
2 1 1 0.007654648369813974
2 2 1 0.0066889985515517295
2 3 1 0.00828727884432009
3 1 1 0.007224821728207693
3 2 1 0.010155717002216767
3 3 1 0.009474093577326762
1 1 2 0.003655981247691258
1 2 2 0.005896460699074622
1 3 2 0.006884571084362407
2 1 2 0.004602357223551403
2 2 2 0.008281670739909291
2 3 2 0.00573124432955837
3 1 2 0.006283401135890182
3 2 2 0.008395918391606486
3 3 2 0.00898345023702481
1 1 3 0.0035084714248263373
1 2 3 0.004655094811955642
1 3 3 0.005104331292539419
2 1 3 0.004342907913028558
2 2 3 0.007336484141226804
2 3 3 0.0046240806078045845
3 1 3 0.00519851021644528
3 2 3 0.00837561389422646
3 3 3 0.006363865124182707
1 1 4 0.00399565429255799
1 2 4 0.005601265705751055
1 3 4 0.004796579464570501
2 1 4 0.004646551438288745
2 2 4 0.004490079674676304
2 3 4 0.005018212218831597
3 1 4 0.0043710897477499166
3 2 4 0.007419401681059855
3 3 4 0.0038352911816399
1 1 5 0.002915731012346228
1 2 5 0.0046351903144243815
1 3 5 0.002887473335328658
2 1 5 0.0038462983193694343
2 2 5 0.005928469225703066
2 3 5 0.0036359840757617793
3 1 5 0.004873529905776194
3 2 5 0.008222442929483393
3 3 5 0.004622967704547979
1 1 6 0.0023389153440993384
1 2 6 0.004207288459737708
1 3 6 0.0028394413523670234
2 1 6 0.0035128463797035174
2 2 6 0.0033864073876094755
2 3 6 0.003657109455918969
3 1 6 0.004587814567290105
3 2 6 0.0056198613719953844
3 3 6 0.004312912790437045
1 1 7 0.002945772025899461
1 2 7 0.003373491741921779
1 3 7 0.0027429325987344223
2 1 7 0.0032020400193792397
2 2 7 0.0038131395734401032
2 3 7 0.0030084297571542273
3 1 7 0.0047897460177079776
3 2 7 0.00590144558372306
3 3 7 0.004010251665886823
1 1 8 0.0027721585037963426
1 2 8 0.002204732240511846
1 3 8 0.0028773840068378608
2 1 8 0.0030032066094022856
2 2 8 0.0026378015683035166
2 3 8 0.0025067798167563273
3 1 8 0.0031186928157956946
3 2 8 0.0035452459483061188
3 3 8 0.0034776424867348386
1 1 9 0.0022685532456913674
1 2 9 0.0027550976128568115
1 3 9 0.002139428242554332
2 1 9 0.002808632142869608
2 2 9 0.0025677508044452263
2 3 9 0.0030638117171354036
3 1 9 0.002701817689614795
3 2 9 0.002656007890297735
3 3 9 0.003532471306711922
1 1 10 0.0019331562732605718
1 2 10 0.0018305792472274954
1 3 10 0.0017652791000675135
2 1 10 0.0016206791667629362
2 2 10 0.002131073777930239
2 3 10 0.002147100256506995
3 1 10 0.0017333478170056544
3 2 10 0.00253183195961653
3 3 10 0.0024154422122546256
1 1 11 0.0017215860566813152
1 2 11 0.0009202341868396804
1 3 11 0.001733742701558022
2 1 11 0.0021281981073941287
2 2 11 0.0016273316993941397
2 3 11 0.0020647985636209724
3 1 11 0.002209845340107908
3 2 11 0.002221595610461604
3 3 11 0.002773905459145926
1 1 12 0.0013412821540567425
1 2 12 0.0010214226390349128
1 3 12 0.0015354091364343232
2 1 12 0.001426479621915385
2 2 12 0.0014687515445543139
2 3 12 0.0018074184918468836
3 1 12 0.0020855993361939412
3 2 12 0.0015874518973552413
3 3 12 0.0020430052752678355
1 1 13 0.0011915681970007365
1 2 13 0.0012890774661496163
1 3 13 0.00135914293666083
2 1 13 0.0019985190522418105
2 2 13 0.0017407146893389618
2 3 13 0.001875123697785119
3 1 13 0.001857107159090559
3 2 13 0.001224103924611743
3 3 13 0.0014080056537421632
1 1 14 0.0012484683862306351
1 2 14 0.0009357898185374507
1 3 14 0.0010372453407747923
2 1 14 0.0015361704582820275
2 2 14 0.00139053401540607
2 3 14 0.0013945370550391798
3 1 14 0.0019630178263739116
3 2 14 0.0011772540434897053
3 3 14 0.0010592064422212985
1 1 15 0.0010949050577891359
1 2 15 0.0007154269378189382
1 3 15 0.0009289053313744934
2 1 15 0.0014118894016388291
2 2 15 0.001156273306508685
2 3 15 0.0014328513222830442
3 1 15 0.0016289055862439047
3 2 15 0.0012640784945190395
3 3 15 0.0009897319411681798
1 1 16 0.000906801792270112
1 2 16 0.0006813300829376801
1 3 16 0.0008263786877338915
2 1 16 0.0015832844576806903
2 2 16 0.0009228109769464941
2 3 16 0.0011294227093075636
3 1 16 0.0016722518030822136
3 2 16 0.0013706438197394488
3 3 16 0.0010975027782335934
1 1 17 0.0009309095537769821
1 2 17 0.0008222093267964886
1 3 17 0.0007235365484969312
2 1 17 0.0009083360431103452
2 2 17 0.0010185935604538226
2 3 17 0.0012137751585016762
3 1 17 0.0011005540650462402
3 2 17 0.001183148475271091
3 3 17 0.0015567551052629897
1 1 18 0.0007688829784351373
1 2 18 0.0007494066247964472
1 3 18 0.0008202735733035987
2 1 18 0.0013507555576548753
2 2 18 0.0009256756636971449
2 3 18 0.00104801375828889
3 1 18 0.0009619094460781935
3 2 18 0.0010726089819105677
3 3 18 0.0014126802660389588
1 1 19 0.0006267311172656734
1 2 19 0.000530209492002284
1 3 19 0.0008509953511340254
2 1 19 0.0007190098910921551
2 2 19 0.0007553245171372598
2 3 19 0.001262786230623751
3 1 19 0.0006891433157385007
3 2 19 0.0009088651719250336
3 3 19 0.0010787500647785242
1 1 20 0.0005770783624023882
1 2 20 0.0004386280994256713
1 3 20 0.0005611544209235856
2 1 20 0.0007596833878471115
2 2 20 0.0006620852301083568
2 3 20 0.0010061584113400363
3 1 20 0.0006911035724685835
3 2 20 0.0008615049715676584
3 3 20 0.0010599123855531338
