Norm difference: 1.0
Norm difference: 1.0
1 1
1 2
2 1
2 2
1 1
1 2
2 1
2 2
1 1
1 2
2 1
2 2
1 1
1 2
2 1
2 2
1 1
1 2
2 1
2 2
1 1
1 2
2 1
2 2
1 1
1 2
2 1
2 2
1 1
1 2
2 1
2 2
1 1
1 2
2 1
2 2
1 1
1 2
2 1
2 2
1 1
1 2
2 1
2 2
1 1
1 2
2 1
2 2
1 1
1 2
2 1
2 2
1 1
1 2
2 1
2 2
1 1
1 2
2 1
2 2
1 1
1 2
2 1
2 2
1 1
1 2
2 1
2 2
1 1
1 2
2 1
2 2
1 1
1 2
2 1
2 2
1 1
1 2
2 1
2 2
1 1 1 0.002786230490939683
1 2 1 0.0036999716270318
2 1 1 0.004560545641386599
2 2 1 0.002367035315444853
1 1 2 0.0029647906703773206
1 2 2 0.0030941053480537948
2 1 2 0.003151809062248824
2 2 2 0.002964785033572987
1 1 3 0.003288079097393855
1 2 3 0.002057219729829181
2 1 3 0.0019871084379492706
2 2 3 0.0028046884917272367
1 1 4 0.0017760438442194447
1 2 4 0.002514318926845168
2 1 4 0.002198826671262566
2 2 4 0.0020198714533029676
1 1 5 0.0011190873179322673
1 2 5 0.0021327773303700505
2 1 5 0.0022314046443250813
2 2 5 0.0024174171008661378
1 1 6 0.0014135300526155452
1 2 6 0.0014254981556314655
2 1 6 0.0012812463551545423
2 2 6 0.002030783064982146
1 1 7 0.0014920998808741943
1 2 7 0.0018023105157506745
2 1 7 0.001137330555424572
2 2 7 0.0016251614683049167
1 1 8 0.0012343263430863538
1 2 8 0.0012150474929533595
2 1 8 0.0013304398505432488
2 2 8 0.001585186112591103
1 1 9 0.0010804306295076082
1 2 9 0.001391013163006215
2 1 9 0.0011906210603955215
2 2 9 0.0011535570640734058
1 1 10 0.0009571409244104944
1 2 10 0.001315745215433796
2 1 10 0.0008442467844034746
2 2 10 0.0009699859614266509
1 1 11 0.000935164973188573
1 2 11 0.0005104167354127124
2 1 11 0.0005892559472829894
2 2 11 0.0010011550795504542
1 1 12 0.0004868547277714139
1 2 12 0.0006026354734183264
2 1 12 0.0005964513467324614
2 2 12 0.00048571610666603643
1 1 13 0.00025129464219656513
1 2 13 0.00043353836455997647
2 1 13 0.00039962854491716745
2 2 13 0.0002811385095232865
1 1 14 0.00024660088717541015
1 2 14 0.0002887762982724952
2 1 14 0.0001941071639062252
2 2 14 0.00029583843729105627
1 1 15 0.00021861127247897754
1 2 15 0.00019590769456920878
2 1 15 0.00017172279821604705
2 2 15 0.00024692395472581145
1 1 16 0.0001496801529358779
1 2 16 0.00016636444355149844
2 1 16 0.0002108728549734626
2 2 16 0.0001441235056130965
1 1 17 0.00015559462186069586
1 2 17 0.00011658820385724818
2 1 17 0.00010572258818813413
2 2 17 0.0001170191119345348
1 1 18 0.00011544838158813998
1 2 18 0.00012451265651709358
2 1 18 0.00011519462960313077
2 2 18 0.0001209819644561701
1 1 19 7.813795334442937e-5
1 2 19 0.0001273988727049069
2 1 19 0.0001300850717479585
2 2 19 0.00011810460503031077
1 1 20 0.0001310063866696903
1 2 20 0.00013881573234722513
2 1 20 0.00015377224718107283
2 2 20 0.00013830267845143954
