W: 2.8
num_iter: 0
[-0.77339739 -0.77339739 -0.765327   -0.765327   -0.75583489 -0.75583489
 -0.74512903 -0.74512903 -0.73330529 -0.73330529 -0.72031558 -0.72031558
 -0.70639831 -0.70639831 -0.6910231  -0.6910231  -0.67511427 -0.67511427
 -0.65754606 -0.65754606 -0.63945984 -0.63945984 -0.6200868  -0.6200868
 -0.59993913 -0.59993913 -0.57866957 -0.57866957 -0.55606429 -0.55606429
 -0.53282327 -0.53282327 -0.50833979 -0.50833979 -0.48275862 -0.48275862
 -0.45611198 -0.45611198 -0.42808256 -0.42808256 -0.39924509 -0.39924509
 -0.36907862 -0.36907862 -0.33734706 -0.33734706 -0.3045232  -0.3045232
 -0.27112788 -0.27112788 -0.23610248 -0.23610248 -0.20023037 -0.20023037
 -0.16370366 -0.16370366 -0.12658087 -0.12658087 -0.08913687 -0.08913687
 -0.05161498 -0.05161498 -0.01193118 -0.01193118  0.01193525  0.01193525
  0.05161661  0.05161661  0.08913212  0.08913212  0.12658261  0.12658261
  0.16370413  0.16370413  0.20022674  0.20022674  0.23610241  0.23610241
  0.27112509  0.27112509  0.30452408  0.30452408  0.33734817  0.33734817
  0.36907552  0.36907552  0.39924437  0.39924437  0.42808163  0.42808163
  0.45611491  0.45611491  0.48275919  0.48275919  0.50834193  0.50834193
  0.53283023  0.53283023  0.55606071  0.55606071  0.57866845  0.57866845
  0.59993314  0.59993314  0.62008952  0.62008952  0.63945735  0.63945735
  0.65754704  0.65754704  0.6751143   0.6751143   0.69102614  0.69102614
  0.70640059  0.70640059  0.72031519  0.72031519  0.73330697  0.73330697
  0.74512578  0.74512578  0.75583569  0.75583569  0.76532457  0.76532457
  0.77339855  0.77339855]
localization_length: 2.619187398338992
2.745774790447859
W_list: [2.8]
L_list: [87.86479329433149]
