W: 2.2
num_iter: 0
[-0.73258017 -0.73258017 -0.71246757 -0.71246757 -0.6862382  -0.6862382
 -0.65513323 -0.65513323 -0.61934744 -0.61934744 -0.5792332  -0.5792332
 -0.5357963  -0.5357963  -0.48971028 -0.48971028 -0.44009477 -0.44009477
 -0.38809116 -0.38809116 -0.33274321 -0.33274321 -0.27456116 -0.27456116
 -0.21389291 -0.21389291 -0.15076074 -0.15076074 -0.08557115 -0.08557115
 -0.01814448 -0.01814448  0.01814468  0.01814468  0.08556928  0.08556928
  0.15076292  0.15076292  0.21389289  0.21389289  0.27456225  0.27456225
  0.33274617  0.33274617  0.38809021  0.38809021  0.44009805  0.44009805
  0.48971159  0.48971159  0.53579562  0.53579562  0.57923334  0.57923334
  0.61934262  0.61934262  0.6551312   0.6551312   0.68623665  0.68623665
  0.7124662   0.7124662   0.7325823   0.7325823 ]
localization_length: 3.4445745140099002
3.391414535655658
W_list: [2.2]
L_list: [54.26263257049053]
