W: 2.2
num_iter: 0
[-0.65898566 -0.65898566 -0.61417911 -0.61417911 -0.5537966  -0.5537966
 -0.48070136 -0.48070136 -0.39418878 -0.39418878 -0.29162839 -0.29162839
 -0.17440481 -0.17440481 -0.03766515 -0.03766515  0.03766574  0.03766574
  0.17440376  0.17440376  0.29162879  0.29162879  0.39419033  0.39419033
  0.48069906  0.48069906  0.5537967   0.5537967   0.61418072  0.61418072
  0.65898477  0.65898477]
localization_length: 3.3187172707561987
3.3711114335963672
W_list: [2.2]
L_list: [26.968891468770938]
