W: 4.2
num_iter: 0
[-1.14948763 -1.14948763 -1.12167906 -1.12167906 -1.0894821  -1.0894821
 -1.0524502  -1.0524502  -1.01133479 -1.01133479 -0.96450267 -0.96450267
 -0.91326602 -0.91326602 -0.85663795 -0.85663795 -0.79386243 -0.79386243
 -0.72554587 -0.72554587 -0.64909221 -0.64909221 -0.56531305 -0.56531305
 -0.47157925 -0.47157925 -0.36905164 -0.36905164 -0.25548165 -0.25548165
 -0.12027214 -0.12027214  0.12027744  0.12027744  0.25548232  0.25548232
  0.36904455  0.36904455  0.47158893  0.47158893  0.56531638  0.56531638
  0.64909381  0.64909381  0.72555147  0.72555147  0.79385779  0.79385779
  0.85663398  0.85663398  0.91326505  0.91326505  0.96450562  0.96450562
  1.01134035  1.01134035  1.05244584  1.05244584  1.08947083  1.08947083
  1.12167945  1.12167945  1.14948487  1.14948487]
localization_length: 0.5196548597549245
0.5228508884551443
W_list: [4.2]
L_list: [8.365614215282308]
