Norm difference: 1.0
Norm difference: 1.0
1 1
1 2
2 1
2 2
1 1
1 2
2 1
2 2
1 1
1 2
2 1
2 2
1 1
1 2
2 1
2 2
1 1
1 2
2 1
2 2
1 1
1 2
2 1
2 2
1 1
1 2
2 1
2 2
1 1
1 2
2 1
2 2
1 1
1 2
2 1
2 2
1 1
1 2
2 1
2 2
1 1
1 2
2 1
2 2
1 1
1 2
2 1
2 2
1 1
1 2
2 1
2 2
1 1
1 2
2 1
2 2
1 1
1 2
2 1
2 2
1 1
1 2
2 1
2 2
1 1
1 2
2 1
2 2
1 1
1 2
2 1
2 2
1 1
1 2
2 1
2 2
1 1
1 2
2 1
2 2
1 1 1 0.008042862124712818
1 2 1 0.007154510568180559
2 1 1 0.006842382937606506
2 2 1 0.004826872961880699
1 1 2 0.006404614106133698
1 2 2 0.00572780441042091
2 1 2 0.0048249775695258556
2 2 2 0.003772393874200755
1 1 3 0.007287311063174614
1 2 3 0.00479209825056057
2 1 3 0.005387645197209435
2 2 3 0.004000725052367271
1 1 4 0.004391563221111246
1 2 4 0.004386406960931043
2 1 4 0.0038521886660472134
2 2 4 0.004063757885050559
1 1 5 0.0037094294100667655
1 2 5 0.0053043568555123525
2 1 5 0.00339263753752478
2 2 5 0.004170299186739033
1 1 6 0.004326694637935994
1 2 6 0.0034661476736214726
2 1 6 0.003808430263093647
2 2 6 0.002697868579938603
1 1 7 0.0031182613557979447
1 2 7 0.0025439879085147723
2 1 7 0.0032928353005836713
2 2 7 0.0019348861437310087
1 1 8 0.003085154870222684
1 2 8 0.002341485580475158
2 1 8 0.002605675557806949
2 2 8 0.0023293151280185304
1 1 9 0.0034346329223093157
1 2 9 0.0029902079719156425
2 1 9 0.0022265913486297024
2 2 9 0.0025642489285266972
1 1 10 0.0024821866508684806
1 2 10 0.002503211391993411
2 1 10 0.0018015929993169919
2 2 10 0.0018469024849747744
1 1 11 0.003204224956429971
1 2 11 0.0011767779720739794
2 1 11 0.002500608375850388
2 2 11 0.0008403794466660425
1 1 12 0.002959803399924956
1 2 12 0.0013212818473568296
2 1 12 0.0021020701482080944
2 2 12 0.0010162472850032181
1 1 13 0.0010057958511366866
1 2 13 0.001845212657662521
2 1 13 0.0006936852554946646
2 2 13 0.0013586554329197904
1 1 14 0.00023284969347295536
1 2 14 0.0007954901172064512
2 1 14 0.0002044559106174736
2 2 14 0.0006050144613926471
1 1 15 0.0002261568234941431
1 2 15 0.00045342893414951357
2 1 15 0.00022796699843821776
2 2 15 0.00033928122558805126
1 1 16 0.0002614508358634034
1 2 16 0.00017306904679411994
2 1 16 0.0002214264641203822
2 2 16 0.00016259609276745554
1 1 17 0.00020988132627402866
1 2 17 0.00010947280173369226
2 1 17 0.0001946894777054139
2 2 17 0.00011303029811354757
1 1 18 0.00014464984134552567
1 2 18 0.0001313052905353423
2 1 18 0.00013889272806401378
2 2 18 0.00012737517902479804
1 1 19 7.279900726221182e-5
1 2 19 0.00011758469004665975
2 1 19 8.067922271949971e-5
2 2 19 0.00010079597290125759
1 1 20 7.44479483333249e-5
1 2 20 0.00013132671555276317
2 1 20 6.400129752382184e-5
2 2 20 8.852974076819104e-5
