Norm difference: 0.9999999999999999
Norm difference: 1.0
1 1
1 2
2 1
2 2
1 1
1 2
2 1
2 2
1 1
1 2
2 1
2 2
1 1
1 2
2 1
2 2
1 1
1 2
2 1
2 2
1 1
1 2
2 1
2 2
1 1
1 2
2 1
2 2
1 1
1 2
2 1
2 2
1 1
1 2
2 1
2 2
1 1
1 2
2 1
2 2
1 1
1 2
2 1
2 2
1 1
1 2
2 1
2 2
1 1
1 2
2 1
2 2
1 1
1 2
2 1
2 2
1 1
1 2
2 1
2 2
1 1
1 2
2 1
2 2
1 1
1 2
2 1
2 2
1 1
1 2
2 1
2 2
1 1
1 2
2 1
2 2
1 1
1 2
2 1
2 2
1 1 1 0.01062163201186785
1 2 1 0.013479223389182088
2 1 1 0.012902913266760348
2 2 1 0.0143173479961396
1 1 2 0.012211578619063084
1 2 2 0.011397445771689533
2 1 2 0.008869234105067762
2 2 2 0.012837687308988117
1 1 3 0.009743582565245542
1 2 3 0.009786446523110805
2 1 3 0.011524739145580687
2 2 3 0.011229063746364093
1 1 4 0.007541527739640228
1 2 4 0.009443069648088987
2 1 4 0.00839402084977951
2 2 4 0.009341908521850125
1 1 5 0.008529905456343601
1 2 5 0.008802193674063439
2 1 5 0.00794563924657614
2 2 5 0.009331469313070242
1 1 6 0.006040749085896529
1 2 6 0.007407134703168203
2 1 6 0.007479453663080192
2 2 6 0.007228943742883444
1 1 7 0.006190359632986386
1 2 7 0.007464729537581402
2 1 7 0.006863909237379109
2 2 7 0.007045044587296251
1 1 8 0.006346085587645728
1 2 8 0.0059698066386694015
2 1 8 0.005778375959575698
2 2 8 0.006935969734054327
1 1 9 0.00517493110448145
1 2 9 0.006298804498599717
2 1 9 0.004186785998774757
2 2 9 0.006049655062054693
1 1 10 0.005327510641311745
1 2 10 0.006427565323493531
2 1 10 0.0038813018093497285
2 2 10 0.0055081777787164355
1 1 11 0.004850638801896471
1 2 11 0.0053433805901506514
2 1 11 0.004874671902475247
2 2 11 0.00517525286999589
1 1 12 0.004437814721737249
1 2 12 0.005569352018780414
2 1 12 0.004774267381595201
2 2 12 0.005466008934770841
1 1 13 0.0059464121620456615
1 2 13 0.005617113626837232
2 1 13 0.0039171654323667034
2 2 13 0.004900603034767801
1 1 14 0.004672797306654377
1 2 14 0.005893277293965919
2 1 14 0.004340363267455388
2 2 14 0.004447350461221983
1 1 15 0.0038396836567952944
1 2 15 0.005232270971062377
2 1 15 0.00491914790583311
2 2 15 0.005015316333755515
1 1 16 0.004297682353270877
1 2 16 0.004588128044328774
2 1 16 0.0041728933715193765
2 2 16 0.005497834233937878
1 1 17 0.003245523049657177
1 2 17 0.004553345105252476
2 1 17 0.003743091611938707
2 2 17 0.005065078816771547
1 1 18 0.003258430281501294
1 2 18 0.003758652158420666
2 1 18 0.003169046687743977
2 2 18 0.0038133246357768187
1 1 19 0.002857967925077233
1 2 19 0.0030994112759060526
2 1 19 0.0026675532587679272
2 2 19 0.002941066198137866
1 1 20 0.0023486967740739455
1 2 20 0.0027200998788007875
2 1 20 0.0027406868234002
2 2 20 0.0026614970264053975
