Norm difference: 1.0
Norm difference: 1.0
1 1
1 2
1 3
2 1
2 2
2 3
3 1
3 2
3 3
1 1
1 2
1 3
2 1
2 2
2 3
3 1
3 2
3 3
1 1
1 2
1 3
2 1
2 2
2 3
3 1
3 2
3 3
1 1
1 2
1 3
2 1
2 2
2 3
3 1
3 2
3 3
1 1
1 2
1 3
2 1
2 2
2 3
3 1
3 2
3 3
1 1
1 2
1 3
2 1
2 2
2 3
3 1
3 2
3 3
1 1
1 2
1 3
2 1
2 2
2 3
3 1
3 2
3 3
1 1
1 2
1 3
2 1
2 2
2 3
3 1
3 2
3 3
1 1
1 2
1 3
2 1
2 2
2 3
3 1
3 2
3 3
1 1
1 2
1 3
2 1
2 2
2 3
3 1
3 2
3 3
1 1
1 2
1 3
2 1
2 2
2 3
3 1
3 2
3 3
1 1
1 2
1 3
2 1
2 2
2 3
3 1
3 2
3 3
1 1
1 2
1 3
2 1
2 2
2 3
3 1
3 2
3 3
1 1
1 2
1 3
2 1
2 2
2 3
3 1
3 2
3 3
1 1
1 2
1 3
2 1
2 2
2 3
3 1
3 2
3 3
1 1
1 2
1 3
2 1
2 2
2 3
3 1
3 2
3 3
1 1
1 2
1 3
2 1
2 2
2 3
3 1
3 2
3 3
1 1
1 2
1 3
2 1
2 2
2 3
3 1
3 2
3 3
1 1
1 2
1 3
2 1
2 2
2 3
3 1
3 2
3 3
1 1
1 2
1 3
2 1
2 2
2 3
3 1
3 2
3 3
1 1 1 0.013764762926634594
1 2 1 0.01255517921184282
1 3 1 0.012034840228281055
2 1 1 0.010099558222642848
2 2 1 0.010372784639811903
2 3 1 0.013244051624601409
3 1 1 0.009193941263208999
3 2 1 0.011393368766127733
3 3 1 0.011519537820741327
1 1 2 0.008422976503601357
1 2 2 0.009812458641584481
1 3 2 0.013396544822855645
2 1 2 0.007367361617027035
2 2 2 0.006433831349335756
2 3 2 0.011154185747976691
3 1 2 0.011468532196682547
3 2 2 0.005634444252609033
3 3 2 0.015054810133064566
1 1 3 0.008230545750883172
1 2 3 0.0071696950841427355
1 3 3 0.016250465714980063
2 1 3 0.0064987506601590014
2 2 3 0.005837327357801651
2 3 3 0.011062489288237989
3 1 3 0.010556381788728524
3 2 3 0.01056281126712475
3 3 3 0.011279281435828235
1 1 4 0.007484400296232282
1 2 4 0.006784591032962086
1 3 4 0.010322781161203543
2 1 4 0.007660404198497228
2 2 4 0.007408326126403253
2 3 4 0.009424835980093823
3 1 4 0.011322803824545999
3 2 4 0.008216852718350567
3 3 4 0.008553752622326894
1 1 5 0.00842399719498646
1 2 5 0.005122121951609032
1 3 5 0.009435680012095785
2 1 5 0.008207812635023293
2 2 5 0.006766694462688741
2 3 5 0.008971563065434465
3 1 5 0.008159389504155989
3 2 5 0.007915508166735648
3 3 5 0.008851711451709172
1 1 6 0.008419485683070188
1 2 6 0.0063398169457116686
1 3 6 0.008302143213194526
2 1 6 0.00718581107892906
2 2 6 0.004212107696056662
2 3 6 0.006822316665287783
3 1 6 0.00862224514767082
3 2 6 0.006568021253942333
3 3 6 0.007523608659183542
1 1 7 0.008550746255361135
1 2 7 0.0063701729220419015
1 3 7 0.008117014800802866
2 1 7 0.00611511420204759
2 2 7 0.004377728483575455
2 3 7 0.004633379969794605
3 1 7 0.007747861912515493
3 2 7 0.006133237912662486
3 3 7 0.005969199712221195
1 1 8 0.007233418918646003
1 2 8 0.0056476725431592965
1 3 8 0.007424346571492463
2 1 8 0.00468084752878444
2 2 8 0.003345226414256113
2 3 8 0.0031946881879588544
3 1 8 0.006954643958489404
3 2 8 0.005756835432192612
3 3 8 0.005831743137118084
1 1 9 0.007050412936154421
1 2 9 0.0054276100717626
1 3 9 0.005267547825916942
2 1 9 0.005361211844335701
2 2 9 0.0041795780825285254
2 3 9 0.0042386375399903874
3 1 9 0.006964084192241519
3 2 9 0.0050441789658175785
3 3 9 0.005839920828770455
1 1 10 0.00688879013062393
1 2 10 0.0044776261150915875
1 3 10 0.0053482755494821095
2 1 10 0.003849962307142707
2 2 10 0.0032609637417721103
2 3 10 0.004614051367566588
3 1 10 0.006435538337265026
3 2 10 0.005222044756843174
3 3 10 0.007954050031753628
1 1 11 0.005095307974503188
1 2 11 0.003687398357354009
1 3 11 0.005325790607213324
2 1 11 0.004214634779424243
2 2 11 0.0036070254787319072
2 3 11 0.004806790711321252
3 1 11 0.006363623194056466
3 2 11 0.0038826761482452328
3 3 11 0.007661717711946819
1 1 12 0.004036428535461564
1 2 12 0.003768089963258641
1 3 12 0.004974927340501549
2 1 12 0.003965190013616933
2 2 12 0.0016114486542581855
2 3 12 0.0060710285601374816
3 1 12 0.006974603568504742
3 2 12 0.0047104204222789365
3 3 12 0.005727440397095362
1 1 13 0.004875258310338753
1 2 13 0.0031455766295161594
1 3 13 0.006409881391588382
2 1 13 0.004289726609088102
2 2 13 0.002764700753182696
2 3 13 0.005007023490779457
3 1 13 0.00674960485401641
3 2 13 0.004538194124766598
3 3 13 0.007402125363164591
1 1 14 0.005332455505286519
1 2 14 0.003271005097547451
1 3 14 0.0059657431731725144
2 1 14 0.005297133574995479
2 2 14 0.0033864860348642397
2 3 14 0.003850228673350891
3 1 14 0.004474644252141714
3 2 14 0.0029940107131449897
3 3 14 0.006306031384219962
1 1 15 0.006250104963307547
1 2 15 0.0042236087094351836
1 3 15 0.003703108079670475
2 1 15 0.004481743132216277
2 2 15 0.001997634953555905
2 3 15 0.004923033099565712
3 1 15 0.00364702748656547
3 2 15 0.003255567564286727
3 3 15 0.0033235051305548387
1 1 16 0.0055833107041801
1 2 16 0.0036373306556553462
1 3 16 0.004959724509646784
2 1 16 0.0032651523815866662
2 2 16 0.0023410880242333743
2 3 16 0.0029278893873652973
3 1 16 0.0035977989208823037
3 2 16 0.002394771888163544
3 3 16 0.004235590376820521
1 1 17 0.0037563394391043094
1 2 17 0.0022289885869791826
1 3 17 0.004456374648214802
2 1 17 0.0027403868638972307
2 2 17 0.001505665145073509
2 3 17 0.002897195345868249
3 1 17 0.0037848941123477765
3 2 17 0.00327149588668008
3 3 17 0.003429689491176402
1 1 18 0.0029813076635196827
1 2 18 0.002450541132157792
1 3 18 0.0027356097538824616
2 1 18 0.002453484424089678
2 2 18 0.0016699964047743494
2 3 18 0.0032034505765984335
3 1 18 0.004237144586073106
3 2 18 0.0027960878062942137
3 3 18 0.0015316826567009338
1 1 19 0.0026420474339537226
1 2 19 0.0019479194242786554
1 3 19 0.0033382999182829014
2 1 19 0.002904856875632313
2 2 19 0.0018669055935275534
2 3 19 0.0017667484383007436
3 1 19 0.002953874988555756
3 2 19 0.002994184203989037
3 3 19 0.0019364966784084247
1 1 20 0.0032553368439326943
1 2 20 0.002440400098201142
1 3 20 0.0028352912405211527
2 1 20 0.002115803162859998
2 2 20 0.0020677629912095987
2 3 20 0.0016059157702366118
3 1 20 0.003208898848778496
3 2 20 0.0023137596081929473
3 3 20 0.0014574758559476565
