Norm difference: 0.9999999999999999
Norm difference: 1.0
1 1
1 2
2 1
2 2
1 1
1 2
2 1
2 2
1 1
1 2
2 1
2 2
1 1
1 2
2 1
2 2
1 1
1 2
2 1
2 2
1 1
1 2
2 1
2 2
1 1
1 2
2 1
2 2
1 1
1 2
2 1
2 2
1 1
1 2
2 1
2 2
1 1
1 2
2 1
2 2
1 1
1 2
2 1
2 2
1 1
1 2
2 1
2 2
1 1
1 2
2 1
2 2
1 1
1 2
2 1
2 2
1 1
1 2
2 1
2 2
1 1
1 2
2 1
2 2
1 1
1 2
2 1
2 2
1 1
1 2
2 1
2 2
1 1
1 2
2 1
2 2
1 1
1 2
2 1
2 2
1 1 1 0.015399431213554282
1 2 1 0.015281728732491725
2 1 1 0.013877411019156554
2 2 1 0.012708556141387028
1 1 2 0.01376565762252611
1 2 2 0.013901056646970805
2 1 2 0.013560046269993959
2 2 2 0.01242209810434919
1 1 3 0.013442748029273536
1 2 3 0.008600461355429731
2 1 3 0.012635682320730156
2 2 3 0.010288313437921161
1 1 4 0.01092038682684981
1 2 4 0.011353223603440092
2 1 4 0.009992188556178446
2 2 4 0.008466443013584941
1 1 5 0.008151051887546182
1 2 5 0.00774829754407812
2 1 5 0.008428715906438346
2 2 5 0.007970070021295982
1 1 6 0.007338041515333566
1 2 6 0.008866774755172356
2 1 6 0.008671333768676686
2 2 6 0.006101343808892849
1 1 7 0.006869603104240979
1 2 7 0.004788792932721342
2 1 7 0.005514005853056102
2 2 7 0.006358774487554379
1 1 8 0.005102033023280253
1 2 8 0.004154284726961056
2 1 8 0.0045396856142835545
2 2 8 0.004115783097808234
1 1 9 0.004260053508292597
1 2 9 0.0030637866809182608
2 1 9 0.0043116916581577664
2 2 9 0.0026776354313435696
1 1 10 0.004029934286197954
1 2 10 0.0022225171769218155
2 1 10 0.0039808327641543215
2 2 10 0.002949081542259199
1 1 11 0.002497473318097324
1 2 11 0.0027751465846827116
2 1 11 0.002682498618244724
2 2 11 0.0027951095379191914
1 1 12 0.0027724947609576974
1 2 12 0.0023056389426161384
2 1 12 0.0029426027320886574
2 2 12 0.0036656644367984723
1 1 13 0.0019022230160187646
1 2 13 0.00249681700968384
2 1 13 0.0026936030948039712
2 2 13 0.0017668173089513469
1 1 14 0.001981492991532865
1 2 14 0.002067428984037662
2 1 14 0.0022446617901226494
2 2 14 0.0018143561020769355
1 1 15 0.001954905000861014
1 2 15 0.001253387274302293
2 1 15 0.0016769418553915325
2 2 15 0.001326406822869148
1 1 16 0.002092330446765286
1 2 16 0.0021101065272681073
2 1 16 0.0015655456720521273
2 2 16 0.0021257799179076877
1 1 17 0.0014261907607925862
1 2 17 0.001473129766845432
2 1 17 0.0012260040132925682
2 2 17 0.001836603194885335
1 1 18 0.0019633700932243084
1 2 18 0.0022350761735821954
2 1 18 0.0016507114841068024
2 2 18 0.0011761214930299216
1 1 19 0.0013347857405892078
1 2 19 0.0014693317905632424
2 1 19 0.0013862071522602335
2 2 19 0.00127402101712045
1 1 20 0.0016128640752937594
1 2 20 0.001967299986095875
2 1 20 0.001117054161914093
2 2 20 0.0009906601150115348
