W: 3.4000000000000004
num_iter: 0
[-0.92404518 -0.92404518 -0.90129346 -0.90129346 -0.87354408 -0.87354408
 -0.84198907 -0.84198907 -0.80498068 -0.80498068 -0.76365581 -0.76365581
 -0.71781283 -0.71781283 -0.66719121 -0.66719121 -0.61170852 -0.61170852
 -0.55005518 -0.55005518 -0.48398104 -0.48398104 -0.4107391  -0.4107391
 -0.33180647 -0.33180647 -0.24667231 -0.24667231 -0.15515739 -0.15515739
 -0.05013773 -0.05013773  0.0501345   0.0501345   0.15515922  0.15515922
  0.24667218  0.24667218  0.33180407  0.33180407  0.41073442  0.41073442
  0.48398127  0.48398127  0.55006184  0.55006184  0.61170508  0.61170508
  0.66719256  0.66719256  0.71781475  0.71781475  0.763647    0.763647
  0.80498007  0.80498007  0.84198702  0.84198702  0.87354653  0.87354653
  0.90129932  0.90129932  0.92405024  0.92405024]
localization_length: 1.246646627312363
1.2516607015016408
W_list: [3.4000000000000004]
L_list: [20.026571224026252]
