W: 2.0
num_iter: 0
[-0.69455102 -0.69455102 -0.64304315 -0.64304315 -0.5723252  -0.5723252
 -0.48684414 -0.48684414 -0.3916645  -0.3916645  -0.28559866 -0.28559866
 -0.16771072 -0.16771072 -0.03679372 -0.03679372  0.03679407  0.03679407
  0.16770939  0.16770939  0.28560386  0.28560386  0.39166305  0.39166305
  0.4868435   0.4868435   0.5723216   0.5723216   0.64304805  0.64304805
  0.69454759  0.69454759]
localization_length: 3.3973188228460014
3.3915765473374715
W_list: [2.0]
L_list: [27.132612378699772]
