W: 4.2
num_iter: 0
[-1.05167221 -1.05167221 -1.04043874 -1.04043874 -1.02881028 -1.02881028
 -1.01596286 -1.01596286 -1.00183573 -1.00183573 -0.98677673 -0.98677673
 -0.97081611 -0.97081611 -0.95385034 -0.95385034 -0.9355883  -0.9355883
 -0.91610326 -0.91610326 -0.8958697  -0.8958697  -0.87406283 -0.87406283
 -0.85146754 -0.85146754 -0.82721256 -0.82721256 -0.80177254 -0.80177254
 -0.77441514 -0.77441514 -0.74620203 -0.74620203 -0.7163991  -0.7163991
 -0.68499269 -0.68499269 -0.65159076 -0.65159076 -0.61587441 -0.61587441
 -0.57904464 -0.57904464 -0.53994207 -0.53994207 -0.49856482 -0.49856482
 -0.45493875 -0.45493875 -0.4080603  -0.4080603  -0.36009984 -0.36009984
 -0.3094323  -0.3094323  -0.25577561 -0.25577561 -0.19964484 -0.19964484
 -0.14008076 -0.14008076 -0.0702385  -0.0702385   0.07023209  0.07023209
  0.14008588  0.14008588  0.19964847  0.19964847  0.2557767   0.2557767
  0.30942155  0.30942155  0.36009336  0.36009336  0.40806215  0.40806215
  0.45493665  0.45493665  0.49855827  0.49855827  0.53993923  0.53993923
  0.57903485  0.57903485  0.61587012  0.61587012  0.65159551  0.65159551
  0.68499164  0.68499164  0.71640204  0.71640204  0.74620323  0.74620323
  0.7744269   0.7744269   0.80176971  0.80176971  0.82721092  0.82721092
  0.85146681  0.85146681  0.87406525  0.87406525  0.89586747  0.89586747
  0.91610531  0.91610531  0.9355937   0.9355937   0.95385302  0.95385302
  0.97082197  0.97082197  0.98678077  0.98678077  1.00182961  1.00182961
  1.01596633  1.01596633  1.02881449  1.02881449  1.04043955  1.04043955
  1.05167274  1.05167274]
localization_length: 0.444953313714445
0.4461121049942277
W_list: [4.2]
L_list: [14.275587359815287]
