Norm difference: 1.0
Norm difference: 1.0
1 1
1 2
1 3
2 1
2 2
2 3
3 1
3 2
3 3
1 1
1 2
1 3
2 1
2 2
2 3
3 1
3 2
3 3
1 1
1 2
1 3
2 1
2 2
2 3
3 1
3 2
3 3
1 1
1 2
1 3
2 1
2 2
2 3
3 1
3 2
3 3
1 1
1 2
1 3
2 1
2 2
2 3
3 1
3 2
3 3
1 1
1 2
1 3
2 1
2 2
2 3
3 1
3 2
3 3
1 1
1 2
1 3
2 1
2 2
2 3
3 1
3 2
3 3
1 1
1 2
1 3
2 1
2 2
2 3
3 1
3 2
3 3
1 1
1 2
1 3
2 1
2 2
2 3
3 1
3 2
3 3
1 1
1 2
1 3
2 1
2 2
2 3
3 1
3 2
3 3
1 1
1 2
1 3
2 1
2 2
2 3
3 1
3 2
3 3
1 1
1 2
1 3
2 1
2 2
2 3
3 1
3 2
3 3
1 1
1 2
1 3
2 1
2 2
2 3
3 1
3 2
3 3
1 1
1 2
1 3
2 1
2 2
2 3
3 1
3 2
3 3
1 1
1 2
1 3
2 1
2 2
2 3
3 1
3 2
3 3
1 1
1 2
1 3
2 1
2 2
2 3
3 1
3 2
3 3
1 1
1 2
1 3
2 1
2 2
2 3
3 1
3 2
3 3
1 1
1 2
1 3
2 1
2 2
2 3
3 1
3 2
3 3
1 1
1 2
1 3
2 1
2 2
2 3
3 1
3 2
3 3
1 1
1 2
1 3
2 1
2 2
2 3
3 1
3 2
3 3
1 1 1 0.004147335026022422
1 2 1 0.0044981712568829425
1 3 1 0.004217492661325232
2 1 1 0.003966849785500046
2 2 1 0.002972394951971927
2 3 1 0.004717841777481277
3 1 1 0.004359257667781372
3 2 1 0.004664912899934759
3 3 1 0.005377981662128895
1 1 2 0.004429388604357186
1 2 2 0.0035833402982160174
1 3 2 0.005213463625460281
2 1 2 0.0043965374260123286
2 2 2 0.004269840128077277
2 3 2 0.004531866765564006
3 1 2 0.004433294467060994
3 2 2 0.00485684889848001
3 3 2 0.004148054751240739
1 1 3 0.003917617137152839
1 2 3 0.004903582705876683
1 3 3 0.005543564248705852
2 1 3 0.00375283554877716
2 2 3 0.004226773398837212
2 3 3 0.004064129425153693
3 1 3 0.004515712107374279
3 2 3 0.003949698440408105
3 3 3 0.003444409181100565
1 1 4 0.004369642712829877
1 2 4 0.003396225179018926
1 3 4 0.004583489383485022
2 1 4 0.004267079385484628
2 2 4 0.003104557565655217
2 3 4 0.004120426467953682
3 1 4 0.004433768607042704
3 2 4 0.00456882188293112
3 3 4 0.004586013380023011
1 1 5 0.004523000628348934
1 2 5 0.005763143056563577
1 3 5 0.005950791169783696
2 1 5 0.003614537394948364
2 2 5 0.004128147373575507
2 3 5 0.00500624540055393
3 1 5 0.0031725620507754354
3 2 5 0.0035466072881343035
3 3 5 0.004530477357540558
1 1 6 0.004238874491371502
1 2 6 0.004418640309289265
1 3 6 0.004762185689302966
2 1 6 0.003998121699485571
2 2 6 0.004022533332744369
2 3 6 0.004785853862753715
3 1 6 0.004134043111171172
3 2 6 0.005104176543781039
3 3 6 0.005626657169775219
1 1 7 0.003843631022826788
1 2 7 0.006453964168291172
1 3 7 0.006039236920621307
2 1 7 0.004115097840520757
2 2 7 0.0050413919730026195
2 3 7 0.0060544660201461925
3 1 7 0.003735797492435826
3 2 7 0.004799757979854791
3 3 7 0.005060373987176054
1 1 8 0.004607456645066886
1 2 8 0.004481253340681933
1 3 8 0.006287972170410046
2 1 8 0.005336909113661236
2 2 8 0.005388882130748862
2 3 8 0.004477077901490221
3 1 8 0.004770301810988057
3 2 8 0.005313348771664327
3 3 8 0.004941924658607863
1 1 9 0.005723567137256365
1 2 9 0.0051017624564705325
1 3 9 0.0076120861939699466
2 1 9 0.004728315999497294
2 2 9 0.006020986430123452
2 3 9 0.005572223898472574
3 1 9 0.004246410410083809
3 2 9 0.005132988920860619
3 3 9 0.005674981610268842
1 1 10 0.004548426022134239
1 2 10 0.0059195189403084434
1 3 10 0.00554416283471569
2 1 10 0.005758534329638316
2 2 10 0.005099185599131105
2 3 10 0.006248730234569196
3 1 10 0.004699424900926013
3 2 10 0.004874262589999979
3 3 10 0.0054014082951654024
1 1 11 0.005427035581601692
1 2 11 0.007148307962418205
1 3 11 0.007153490290778301
2 1 11 0.0055725735422474405
2 2 11 0.005531278577128805
2 3 11 0.004781113298704726
3 1 11 0.004282427340103207
3 2 11 0.004373247185820153
3 3 11 0.004833696614114104
1 1 12 0.007549505139665529
1 2 12 0.0055094599280455115
1 3 12 0.00508629439049581
2 1 12 0.005140995494177363
2 2 12 0.006818528230763154
2 3 12 0.004990377649530604
3 1 12 0.005817198502002635
3 2 12 0.0047422518444042985
3 3 12 0.006981013704225087
1 1 13 0.006448986104735969
1 2 13 0.005768864433533078
1 3 13 0.00355863141544509
2 1 13 0.005550036321291196
2 2 13 0.005797125228160948
2 3 13 0.005346531577792321
3 1 13 0.005157821106173086
3 2 13 0.004089758765866727
3 3 13 0.004348524239924628
1 1 14 0.004897131454235327
1 2 14 0.0048526113112311465
1 3 14 0.004154380658840986
2 1 14 0.006213611307619022
2 2 14 0.006355106088599495
2 3 14 0.005302953291233552
3 1 14 0.004978818099407756
3 2 14 0.005646371053554904
3 3 14 0.005563783113170989
1 1 15 0.005447627607257071
1 2 15 0.004326971776709856
1 3 15 0.005087101177315144
2 1 15 0.005937836248577013
2 2 15 0.005320754602885258
2 3 15 0.003628071708773599
3 1 15 0.005539872980300339
3 2 15 0.0032438594560649644
3 3 15 0.005680131452659533
1 1 16 0.004290901093802544
1 2 16 0.004429597089727468
1 3 16 0.00446817375634616
2 1 16 0.004526667254294894
2 2 16 0.005750894744999828
2 3 16 0.0054189969161284384
3 1 16 0.006327941129328401
3 2 16 0.00452004464299943
3 3 16 0.005162270648838044
1 1 17 0.0039541699600783116
1 2 17 0.004616380698593938
1 3 17 0.005369548481514752
2 1 17 0.005994828830978889
2 2 17 0.0045175489725466905
2 3 17 0.003891924442861741
3 1 17 0.004919107758918349
3 2 17 0.003344496464866016
3 3 17 0.004231865017117492
1 1 18 0.004245731350385357
1 2 18 0.0044697499205192965
1 3 18 0.005649739888284767
2 1 18 0.0037780876270716523
2 2 18 0.0051044104637705135
2 3 18 0.004358902298413865
3 1 18 0.0049397982005709405
3 2 18 0.0041897493714143415
3 3 18 0.0046302327775572215
1 1 19 0.00496891825450046
1 2 19 0.005188175804912815
1 3 19 0.004130202784489829
2 1 19 0.0037011139976187725
2 2 19 0.0028306791743260276
2 3 19 0.0033780822189720984
3 1 19 0.0041715589878696824
3 2 19 0.003039969267587753
3 3 19 0.0041366654080506925
1 1 20 0.004176809435588033
1 2 20 0.0033723393956888634
1 3 20 0.0043335422889871165
2 1 20 0.003003658600552599
2 2 20 0.0038117067263276766
2 3 20 0.004165433393163288
3 1 20 0.0032331412002465213
3 2 20 0.003644981028581224
3 3 20 0.004605988952715335
