W: 2.2
num_iter: 0
[-0.65922002 -0.65922002 -0.614409   -0.614409   -0.55384207 -0.55384207
 -0.48025953 -0.48025953 -0.39407913 -0.39407913 -0.29313194 -0.29313194
 -0.17425562 -0.17425562 -0.0387358  -0.0387358   0.03873734  0.03873734
  0.17425798  0.17425798  0.29312597  0.29312597  0.3940761   0.3940761
  0.48026146  0.48026146  0.5538466   0.5538466   0.61440665  0.61440665
  0.65922101  0.65922101]
localization_length: 3.2269889351928334
3.21706515741113
W_list: [2.2]
L_list: [25.73652125928904]
