W: 2.4
num_iter: 0
[-0.69966922 -0.69966922 -0.68152918 -0.68152918 -0.65880423 -0.65880423
 -0.63190799 -0.63190799 -0.60080495 -0.60080495 -0.56591398 -0.56591398
 -0.52724457 -0.52724457 -0.48632084 -0.48632084 -0.44039629 -0.44039629
 -0.39094135 -0.39094135 -0.33760257 -0.33760257 -0.2804305  -0.2804305
 -0.21960156 -0.21960156 -0.15509264 -0.15509264 -0.08883566 -0.08883566
 -0.01942115 -0.01942115  0.0194188   0.0194188   0.0888335   0.0888335
  0.1550958   0.1550958   0.2196026   0.2196026   0.28042829  0.28042829
  0.3376061   0.3376061   0.39094357  0.39094357  0.44040033  0.44040033
  0.48632108  0.48632108  0.52723866  0.52723866  0.56591452  0.56591452
  0.60080424  0.60080424  0.63190844  0.63190844  0.65880339  0.65880339
  0.68152774  0.68152774  0.69966963  0.69966963]
localization_length: 3.2185303923730983
3.2092293288716447
W_list: [2.4]
L_list: [51.347669261946315]
