C_list:
0.0006158456679822979 0.2300094972077081
C_list:
0.0005826745730247961 0.2312427611562093
C_list:
0.0005551211469605165 0.24384367107062457
C_list:
0.0006743538334482767 0.25982194158142846
C_list:
0.0006256187615080599 0.2879427802318051
C_list:
0.0006972023757655099 0.3048617507528668
ndim2: 60
W_list: [2.3, 2.4, 2.5, 2.5999999999999996, 2.6999999999999997, 2.8]
L_list: [4.347646563032824, 4.324459693354376, 4.100988127390723, 3.8487896515337177, 3.472912219556126, 3.2801753500741397]
C_list:
0.0005943576266877171 0.15822471636932658
C_list:
0.000564508772539786 0.16380532419187288
C_list:
0.0005282183644262769 0.1804075683904538
C_list:
0.0006119912115851319 0.19180159591668622
C_list:
0.0005424041959032235 0.20191689369611981
C_list:
0.0005308324197151057 0.215560507393023
ndim2: 60
W_list: [2.3, 2.4, 2.5, 2.5999999999999996, 2.6999999999999997, 2.8]
L_list: [6.320125091365687, 6.104807672970709, 5.543004702750124, 5.213720955869287, 4.952532607325946, 4.639068686996266]
C_list:
0.0005239721305199764 0.13571663308510354
C_list:
0.0005187289150806782 0.14408611651085534
C_list:
0.0005266020813017915 0.14811460719478833
C_list:
0.0005165117619284816 0.16170073205351984
C_list:
0.000496067370630487 0.18242791554667914
C_list:
0.0005221295578122454 0.19095297428324334
ndim2: 60
W_list: [2.3, 2.4, 2.5, 2.5999999999999996, 2.6999999999999997, 2.8]
L_list: [7.368293607556063, 6.940293931266172, 6.751528555754673, 6.184263900976151, 5.481617202078499, 5.23689145850478]
