Norm difference: 1.0
Norm difference: 0.9999999999999999
1 1
1 2
1 3
2 1
2 2
2 3
3 1
3 2
3 3
1 1
1 2
1 3
2 1
2 2
2 3
3 1
3 2
3 3
1 1
1 2
1 3
2 1
2 2
2 3
3 1
3 2
3 3
1 1
1 2
1 3
2 1
2 2
2 3
3 1
3 2
3 3
1 1
1 2
1 3
2 1
2 2
2 3
3 1
3 2
3 3
1 1
1 2
1 3
2 1
2 2
2 3
3 1
3 2
3 3
1 1
1 2
1 3
2 1
2 2
2 3
3 1
3 2
3 3
1 1
1 2
1 3
2 1
2 2
2 3
3 1
3 2
3 3
1 1
1 2
1 3
2 1
2 2
2 3
3 1
3 2
3 3
1 1
1 2
1 3
2 1
2 2
2 3
3 1
3 2
3 3
1 1
1 2
1 3
2 1
2 2
2 3
3 1
3 2
3 3
1 1
1 2
1 3
2 1
2 2
2 3
3 1
3 2
3 3
1 1
1 2
1 3
2 1
2 2
2 3
3 1
3 2
3 3
1 1
1 2
1 3
2 1
2 2
2 3
3 1
3 2
3 3
1 1
1 2
1 3
2 1
2 2
2 3
3 1
3 2
3 3
1 1
1 2
1 3
2 1
2 2
2 3
3 1
3 2
3 3
1 1
1 2
1 3
2 1
2 2
2 3
3 1
3 2
3 3
1 1
1 2
1 3
2 1
2 2
2 3
3 1
3 2
3 3
1 1
1 2
1 3
2 1
2 2
2 3
3 1
3 2
3 3
1 1
1 2
1 3
2 1
2 2
2 3
3 1
3 2
3 3
1 1 1 5.9206346056897565e-6
1 2 1 8.73927494476831e-6
1 3 1 8.564601234129463e-6
2 1 1 8.548243431267394e-6
2 2 1 1.1976524570177227e-5
2 3 1 1.8981504107589558e-5
3 1 1 1.5694428867187202e-5
3 2 1 2.6426009321936507e-5
3 3 1 2.0811131533302053e-5
1 1 2 5.389849005898312e-6
1 2 2 6.290017125596022e-6
1 3 2 1.1307584156416707e-5
2 1 2 1.5144063987408436e-5
2 2 2 1.2488578131924578e-5
2 3 2 1.900606331475519e-5
3 1 2 2.1289768924157882e-5
3 2 2 3.1132872788902124e-5
3 3 2 1.3154898628581906e-5
1 1 3 8.66011704729907e-6
1 2 3 9.935929196733462e-6
1 3 3 9.863060320027592e-6
2 1 3 1.9286489775694154e-5
2 2 3 1.992640568046376e-5
2 3 3 1.2488540048771985e-5
3 1 3 4.13044605805029e-5
3 2 3 3.116637511555447e-5
3 3 3 1.2104639352031649e-5
1 1 4 9.46382688372357e-6
1 2 4 1.1276032387226097e-5
1 3 4 8.405949262701649e-6
2 1 4 2.587469185512672e-5
2 2 4 2.111983683112781e-5
2 3 4 1.0943837174459073e-5
3 1 4 7.524928481770325e-5
3 2 4 4.960999457270119e-5
3 3 4 7.1159667537066314e-6
1 1 5 1.2826849112123521e-5
1 2 5 1.4408404368835582e-5
1 3 5 1.0225740768919176e-5
2 1 5 3.8006431488678583e-5
2 2 5 2.4443401768731338e-5
2 3 5 2.3270846394760952e-5
3 1 5 8.054017040475737e-5
3 2 5 3.4767398559047684e-5
3 3 5 4.667582804500478e-5
1 1 6 1.9177006057878608e-5
1 2 6 1.4772250462220891e-5
1 3 6 9.49864272439249e-6
2 1 6 3.740439263274205e-5
2 2 6 2.55261161423017e-5
2 3 6 3.2160310197264065e-5
3 1 6 5.120389687815816e-5
3 2 6 4.0107724600001136e-5
3 3 6 8.300658643349845e-5
1 1 7 2.3531729152008458e-5
1 2 7 1.5655740608760325e-5
1 3 7 1.3825993822575257e-5
2 1 7 3.6029130707631164e-5
2 2 7 2.26727240710901e-5
2 3 7 2.8805523940576362e-5
3 1 7 3.3809108558567816e-5
3 2 7 3.150509961798491e-5
3 3 7 4.9577964861907015e-5
1 1 8 1.801860069315879e-5
1 2 8 1.59894308062574e-5
1 3 8 2.440942723556082e-5
2 1 8 2.5156130733816074e-5
2 2 8 2.206920388635703e-5
2 3 8 4.211373868086722e-5
3 1 8 2.982287470722597e-5
3 2 8 2.4914698971544536e-5
3 3 8 5.605200406633902e-5
1 1 9 1.9596924664711305e-5
1 2 9 1.5462680392692323e-5
1 3 9 1.546596113118728e-5
2 1 9 3.205402845012499e-5
2 2 9 3.1475460475024314e-5
2 3 9 2.8767693981312775e-5
3 1 9 4.2884572301248314e-5
3 2 9 4.2972865683474694e-5
3 3 9 4.361223262622024e-5
1 1 10 2.1538514976514167e-5
1 2 10 1.7218881618478962e-5
1 3 10 2.0728264437771263e-5
2 1 10 3.553775260453355e-5
2 2 10 2.594623815061783e-5
2 3 10 3.5880928373080846e-5
3 1 10 6.848260133266121e-5
3 2 10 3.926558951344383e-5
3 3 10 3.436043405491643e-5
1 1 11 2.2848828522029323e-5
1 2 11 2.1055035836629946e-5
1 3 11 2.6680252639206856e-5
2 1 11 3.115131300690672e-5
2 2 11 4.352791875253006e-5
2 3 11 4.468322362450454e-5
3 1 11 3.760928554596123e-5
3 2 11 6.439947910707527e-5
3 3 11 5.892395126554547e-5
1 1 12 2.794626535178984e-5
1 2 12 1.9448412227248922e-5
1 3 12 2.203557833622454e-5
2 1 12 3.3408104404834315e-5
2 2 12 4.0022755220556445e-5
2 3 12 2.927549016085391e-5
3 1 12 2.9433974910502043e-5
3 2 12 6.390594137176128e-5
3 3 12 3.336954453386284e-5
1 1 13 2.2386693814231398e-5
1 2 13 2.3214207591146165e-5
1 3 13 2.670261741490896e-5
2 1 13 3.7233861270667104e-5
2 2 13 4.351442613458716e-5
2 3 13 4.975785107232771e-5
3 1 13 4.6568445110227565e-5
3 2 13 4.645766680776705e-5
3 3 13 8.711198402201772e-5
1 1 14 1.857634465914095e-5
1 2 14 2.644696625186919e-5
1 3 14 2.3889663052257635e-5
2 1 14 3.672110741054498e-5
2 2 14 5.035010564537136e-5
2 3 14 3.772575138787387e-5
3 1 14 6.847077612938152e-5
3 2 14 7.217379852319775e-5
3 3 14 5.113256900120489e-5
1 1 15 3.0078172479104372e-5
1 2 15 2.54927192511148e-5
1 3 15 2.6046142022408148e-5
2 1 15 7.733845112513341e-5
2 2 15 5.42349123236078e-5
2 3 15 4.1248909468596064e-5
3 1 15 0.0001252706522803818
3 2 15 7.70437429115593e-5
3 3 15 3.718897256473544e-5
1 1 16 3.192767020469741e-5
1 2 16 2.8144932066537118e-5
1 3 16 2.9322560818278205e-5
2 1 16 5.137383855038586e-5
2 2 16 5.2036318102394904e-5
2 3 16 3.6535149539813775e-5
3 1 16 6.74162971541502e-5
3 2 16 6.612667639418442e-5
3 3 16 3.0787832392654894e-5
1 1 17 3.9101570512552975e-5
1 2 17 3.444971527726163e-5
1 3 17 2.9073638386783653e-5
2 1 17 8.351742025863298e-5
2 2 17 7.299519013113917e-5
2 3 17 3.606202906662435e-5
3 1 17 0.00011978875384782235
3 2 17 0.00010430427469392575
3 3 17 3.6146225225049794e-5
1 1 18 3.080302775122063e-5
1 2 18 2.9183779787981526e-5
1 3 18 2.2134350807124857e-5
2 1 18 7.413939566625836e-5
2 2 18 6.984334297541601e-5
2 3 18 6.548083496276706e-5
3 1 18 0.00011610141244908497
3 2 18 0.00010393412287588075
3 3 18 0.00012214732443110787
1 1 19 4.016346793482809e-5
1 2 19 3.8526585182067445e-5
1 3 19 2.7418459159551696e-5
2 1 19 8.600294501539455e-5
2 2 19 7.853104326031459e-5
2 3 19 5.354934102390562e-5
3 1 19 0.00010840211742012732
3 2 19 9.645557519670291e-5
3 3 19 8.374439697460444e-5
1 1 20 4.710178957721802e-5
1 2 20 4.0154777508384304e-5
1 3 20 3.799397651233425e-5
2 1 20 7.97778974986934e-5
2 2 20 8.426574377375527e-5
2 3 20 0.00011595880536063241
3 1 20 6.0592617418302166e-5
3 2 20 0.00010759733130773317
3 3 20 0.00021506109956040545
