Norm difference: 1.0
Norm difference: 0.9999999999999999
1 1
1 2
1 3
2 1
2 2
2 3
3 1
3 2
3 3
1 1
1 2
1 3
2 1
2 2
2 3
3 1
3 2
3 3
1 1
1 2
1 3
2 1
2 2
2 3
3 1
3 2
3 3
1 1
1 2
1 3
2 1
2 2
2 3
3 1
3 2
3 3
1 1
1 2
1 3
2 1
2 2
2 3
3 1
3 2
3 3
1 1
1 2
1 3
2 1
2 2
2 3
3 1
3 2
3 3
1 1
1 2
1 3
2 1
2 2
2 3
3 1
3 2
3 3
1 1
1 2
1 3
2 1
2 2
2 3
3 1
3 2
3 3
1 1
1 2
1 3
2 1
2 2
2 3
3 1
3 2
3 3
1 1
1 2
1 3
2 1
2 2
2 3
3 1
3 2
3 3
1 1
1 2
1 3
2 1
2 2
2 3
3 1
3 2
3 3
1 1
1 2
1 3
2 1
2 2
2 3
3 1
3 2
3 3
1 1
1 2
1 3
2 1
2 2
2 3
3 1
3 2
3 3
1 1
1 2
1 3
2 1
2 2
2 3
3 1
3 2
3 3
1 1
1 2
1 3
2 1
2 2
2 3
3 1
3 2
3 3
1 1
1 2
1 3
2 1
2 2
2 3
3 1
3 2
3 3
1 1
1 2
1 3
2 1
2 2
2 3
3 1
3 2
3 3
1 1
1 2
1 3
2 1
2 2
2 3
3 1
3 2
3 3
1 1
1 2
1 3
2 1
2 2
2 3
3 1
3 2
3 3
1 1
1 2
1 3
2 1
2 2
2 3
3 1
3 2
3 3
1 1 1 0.0006491333123860674
1 2 1 0.000533074198051434
1 3 1 0.000686031323488397
2 1 1 0.0005783142777281008
2 2 1 0.00045886753794748827
2 3 1 0.0005078745978459309
3 1 1 0.0005507028598120591
3 2 1 0.0004971125786983041
3 3 1 0.0005068264297131919
1 1 2 0.0007655487148777341
1 2 2 0.0005596444624405601
1 3 2 0.0005890852031672445
2 1 2 0.0006165632628694226
2 2 2 0.00040948419912901655
2 3 2 0.0004715995433257602
3 1 2 0.0005471350903668651
3 2 2 0.0004976929261430273
3 3 2 0.0004682376412913321
1 1 3 0.0006970430269408756
1 2 3 0.000490223343783371
1 3 3 0.000654836572473529
2 1 3 0.0005332280406663049
2 2 3 0.0004185059024949583
2 3 3 0.0004994080048020007
3 1 3 0.0006126168543025835
3 2 3 0.0004887431752719162
3 3 3 0.00048761897773432145
1 1 4 0.0006808890067225726
1 2 4 0.0005276836646409387
1 3 4 0.0006793103744059802
2 1 4 0.0005426422716658527
2 2 4 0.000369966236400258
2 3 4 0.00043203868665122106
3 1 4 0.0006024589053197065
3 2 4 0.0004755567113864108
3 3 4 0.0005195547313754736
1 1 5 0.0005118051727440959
1 2 5 0.0005269227895840394
1 3 5 0.0005119552778525218
2 1 5 0.00038142988495054456
2 2 5 0.00044646252707707546
2 3 5 0.00041139019020915895
3 1 5 0.0005531243422307246
3 2 5 0.0004732218889960492
3 3 5 0.0004894022968972739
1 1 6 0.0005100564415900759
1 2 6 0.0004197865429984045
1 3 6 0.0005694326656211621
2 1 6 0.0004062444418235918
2 2 6 0.00034556442265677766
2 3 6 0.00042219498631329273
3 1 6 0.0005328044476768168
3 2 6 0.0003991533154712033
3 3 6 0.00043533792739756835
1 1 7 0.00042981141959258696
1 2 7 0.00059010335864528
1 3 7 0.0005390430905450989
2 1 7 0.00038285335206934606
2 2 7 0.0004404161370528156
2 3 7 0.0003538854817630133
3 1 7 0.0006110121974717165
3 2 7 0.0005491243472078892
3 3 7 0.0005283474318591791
1 1 8 0.0005092040458216239
1 2 8 0.000504629807923165
1 3 8 0.00047466182100874816
2 1 8 0.0004945567655615112
2 2 8 0.0003630852739530444
2 3 8 0.00042312420969160277
3 1 8 0.0004588674370717458
3 2 8 0.00040291925917212426
3 3 8 0.0004396630522566388
1 1 9 0.0006137709634097233
1 2 9 0.0005610170986626047
1 3 9 0.0003814310157881693
2 1 9 0.000405166853991039
2 2 9 0.00044105209721409175
2 3 9 0.0003323087829197852
3 1 9 0.0004996525034998665
3 2 9 0.0003910940355849735
3 3 9 0.00045471889490405473
1 1 10 0.000595327460311302
1 2 10 0.00038054115721857743
1 3 10 0.0004799407784925728
2 1 10 0.0004485287660164019
2 2 10 0.0002972108646940376
2 3 10 0.00042993805526902584
3 1 10 0.0006085456296251512
3 2 10 0.00040428040441363585
3 3 10 0.0005891604971349501
1 1 11 0.0007009003743119119
1 2 11 0.0005241542866712398
1 3 11 0.000543099791723552
2 1 11 0.0005250812138778098
2 2 11 0.0005238763199345703
2 3 11 0.0004114933437179202
3 1 11 0.0006546917755396589
3 2 11 0.0004646418479728809
3 3 11 0.0004925414412698169
1 1 12 0.0009423556542387755
1 2 12 0.00047201903193533026
1 3 12 0.000723561482600983
2 1 12 0.0005459414387542158
2 2 12 0.0004320252444280248
2 3 12 0.0005155536756338466
3 1 12 0.0006634047350244415
3 2 12 0.0005250621194992914
3 3 12 0.000558511987624499
1 1 13 0.000735896568973524
1 2 13 0.0006048481800365516
1 3 13 0.0008942812595251563
2 1 13 0.0007364538096880686
2 2 13 0.00046557240932398403
2 3 13 0.00042665299682283393
3 1 13 0.0006142516036309815
3 2 13 0.0004724778935075201
3 3 13 0.0004711543049889893
1 1 14 0.0007136669665387853
1 2 14 0.0006060362826175416
1 3 14 0.000838500622767574
2 1 14 0.0006820904526595218
2 2 14 0.00046789037669916144
2 3 14 0.0005568336319499996
3 1 14 0.0007587815694480259
3 2 14 0.0005743879401658346
3 3 14 0.0006593385042559406
1 1 15 0.0007256730198339318
1 2 15 0.0007489742555969872
1 3 15 0.0008152059941733617
2 1 15 0.0007389467306667775
2 2 15 0.0005030068336660799
2 3 15 0.0006510346702269571
3 1 15 0.0005441750256783937
3 2 15 0.0005192103770949409
3 3 15 0.0006616287247465923
1 1 16 0.0006305890036760341
1 2 16 0.0006438632474156537
1 3 16 0.0008976369773866525
2 1 16 0.000616915835321075
2 2 16 0.0007287866639366939
2 3 16 0.000648594201952472
3 1 16 0.0006799068277122536
3 2 16 0.0006783161757956873
3 3 16 0.0010172822747318414
1 1 17 0.0008139110700426868
1 2 17 0.000821025330617127
1 3 17 0.0009783955622538851
2 1 17 0.0007356717534391119
2 2 17 0.0007712521427133389
2 3 17 0.0011040413382254269
3 1 17 0.0007920283422832332
3 2 17 0.0006353824652064432
3 3 17 0.0010413739780418929
1 1 18 0.0009437541503797603
1 2 18 0.0009579332856764619
1 3 18 0.0010829640230979674
2 1 18 0.0008409511765423074
2 2 18 0.0009628920477610708
2 3 18 0.0011734089748105668
3 1 18 0.0009313930946188974
3 2 18 0.0008645396827646413
3 3 18 0.0011996316077426507
1 1 19 0.0009948216847330388
1 2 19 0.0008724123006487747
1 3 19 0.00131106880958025
2 1 19 0.0010054817979910464
2 2 19 0.0007970783996579906
2 3 19 0.0011909044247414694
3 1 19 0.0008708129451369751
3 2 19 0.0006810557920050575
3 3 19 0.0008859796128825638
1 1 20 0.0011310303308123886
1 2 20 0.0008675184753017858
1 3 20 0.0017081618538635334
2 1 20 0.0010041171508029176
2 2 20 0.0009275952744963976
2 3 20 0.001501189295727298
3 1 20 0.0009545341931995061
3 2 20 0.0008597470086672571
3 3 20 0.001266467346104872
