[-2.41421356 -1.         -1.         -0.41421356  0.41421356  1.
  1.          2.41421356]
W: 2.8
num_iter: 0
[-0.67671762 -0.61686866 -0.54889709 -0.47539883 -0.39708753 -0.31143852
 -0.21673447 -0.11562852  0.11563033  0.21673704  0.31143828  0.39708895
  0.47539921  0.54889419  0.61687382  0.67670942]
localization_length: 1.0810481873917728
1.0783893064335859
W_list: [2.8]
L_list: [1.0783893064335859]
[-2.41421356 -1.         -1.         -0.41421356  0.41421356  1.
  1.          2.41421356]
W: 2.8
num_iter: 0
[-0.67593934 -0.61579538 -0.54927788 -0.4759675  -0.39663743 -0.30990409
 -0.2171513  -0.11373152  0.11373429  0.21715436  0.30990851  0.39664028
  0.4759657   0.54927198  0.61579878  0.67593052]
localization_length: 1.0990796508067466
1.0947038493826646
W_list: [2.8]
L_list: [1.0947038493826646]
