[-2.41421356 -1.         -1.         -0.41421356  0.41421356  1.
  1.          2.41421356]
W: 4.0
num_iter: 0
[-0.9111007  -0.85273054 -0.78511998 -0.70395699 -0.61040681 -0.50219106
 -0.37452912 -0.21859777  0.21860069  0.37452053  0.50221815  0.61037789
  0.70396504  0.78511877  0.85273925  0.91109266]
localization_length: 0.5718265047858802
0.5761264162925517
W_list: [4.0]
L_list: [0.5761264162925517]
[-2.41421356 -1.         -1.         -0.41421356  0.41421356  1.
  1.          2.41421356]
W: 4.0
num_iter: 0
[-0.91142633 -0.85276242 -0.78438461 -0.7037543  -0.61042353 -0.50182371
 -0.37382342 -0.2181746   0.21816965  0.37381247  0.50183507  0.61042082
  0.70376569  0.78437628  0.85275925  0.91143369]
localization_length: 0.572948618894555
0.5721995303233698
W_list: [4.0]
L_list: [0.5721995303233698]
