Norm difference: 1.0
Norm difference: 1.0
1 1
1 2
2 1
2 2
1 1
1 2
2 1
2 2
1 1
1 2
2 1
2 2
1 1
1 2
2 1
2 2
1 1
1 2
2 1
2 2
1 1
1 2
2 1
2 2
1 1
1 2
2 1
2 2
1 1
1 2
2 1
2 2
1 1
1 2
2 1
2 2
1 1
1 2
2 1
2 2
1 1
1 2
2 1
2 2
1 1
1 2
2 1
2 2
1 1
1 2
2 1
2 2
1 1
1 2
2 1
2 2
1 1
1 2
2 1
2 2
1 1
1 2
2 1
2 2
1 1
1 2
2 1
2 2
1 1
1 2
2 1
2 2
1 1
1 2
2 1
2 2
1 1
1 2
2 1
2 2
1 1 1 0.004599487495863145
1 2 1 0.0039586149468672244
2 1 1 0.004650338615987545
2 2 1 0.0030519614118595683
1 1 2 0.0030753925262657603
1 2 2 0.004226449959132867
2 1 2 0.005465339582153103
2 2 2 0.002817935141842903
1 1 3 0.004178114342366422
1 2 3 0.002679715866001723
2 1 3 0.0036096396280499285
2 2 3 0.002113104789903
1 1 4 0.004667658492184766
1 2 4 0.0025565287269320443
2 1 4 0.003426805629815577
2 2 4 0.004030272982160893
1 1 5 0.0032294283290493302
1 2 5 0.0027968156221044277
2 1 5 0.0035650392522149584
2 2 5 0.003416090827944058
1 1 6 0.0031688571585056064
1 2 6 0.003511714200701903
2 1 6 0.00418474885916921
2 2 6 0.0028661655526280613
1 1 7 0.0035198773477966685
1 2 7 0.002348743678667352
2 1 7 0.0030673182810335084
2 2 7 0.0026869204042900626
1 1 8 0.0038865555912047595
1 2 8 0.002271012284869095
2 1 8 0.0031368375396657903
2 2 8 0.0031777294550273693
1 1 9 0.0030439135255940263
1 2 9 0.0027119144187802554
2 1 9 0.00408244546058124
2 2 9 0.0020575628277125346
1 1 10 0.0035661968413634886
1 2 10 0.0035599349982712017
2 1 10 0.004120835327271299
2 2 10 0.0028228289372535386
1 1 11 0.004343199096154324
1 2 11 0.002601275067243227
2 1 11 0.0034736174775137985
2 2 11 0.003370229744389041
1 1 12 0.004328189946919887
1 2 12 0.0033083961537753726
2 1 12 0.003644440829897097
2 2 12 0.004253828559235906
1 1 13 0.003516091376526901
1 2 13 0.0031403781862208253
2 1 13 0.0047575820075005494
2 2 13 0.002561996010888322
1 1 14 0.004236572657939498
1 2 14 0.003483760242973771
2 1 14 0.00418275669566016
2 2 14 0.0030230613241575503
1 1 15 0.00490058836567917
1 2 15 0.002776221721215993
2 1 15 0.0037363264510303336
2 2 15 0.002764187721908301
1 1 16 0.004326233391163312
1 2 16 0.0040893890605802905
2 1 16 0.004770932636042915
2 2 16 0.003647397585855762
1 1 17 0.004073117938732609
1 2 17 0.0036161284414720865
2 1 17 0.005358952491135353
2 2 17 0.004077229090850591
1 1 18 0.004620707407783423
1 2 18 0.00363103019531787
2 1 18 0.0048358159657102
2 2 18 0.005239897158926284
1 1 19 0.0045470423455843505
1 2 19 0.003347465213720916
2 1 19 0.003959615137951636
2 2 19 0.003410517837095626
1 1 20 0.0034693391443228784
1 2 20 0.004480507219092791
2 1 20 0.003979957901260394
2 2 20 0.0032541528545209676
