W: 3.2
num_iter: 0
[-0.8440743  -0.8440743  -0.83565043 -0.83565043 -0.82562347 -0.82562347
 -0.81465423 -0.81465423 -0.80222244 -0.80222244 -0.78909139 -0.78909139
 -0.77461482 -0.77461482 -0.75923936 -0.75923936 -0.74258523 -0.74258523
 -0.72494854 -0.72494854 -0.70610592 -0.70610592 -0.68639827 -0.68639827
 -0.66504641 -0.66504641 -0.64314795 -0.64314795 -0.61996898 -0.61996898
 -0.59516939 -0.59516939 -0.56959887 -0.56959887 -0.54277292 -0.54277292
 -0.51450368 -0.51450368 -0.48430564 -0.48430564 -0.45354018 -0.45354018
 -0.42061413 -0.42061413 -0.3860642  -0.3860642  -0.35067074 -0.35067074
 -0.31405116 -0.31405116 -0.27564545 -0.27564545 -0.23618671 -0.23618671
 -0.195127   -0.195127   -0.15361651 -0.15361651 -0.11109301 -0.11109301
 -0.06741365 -0.06741365 -0.01929232 -0.01929232  0.01929236  0.01929236
  0.06741162  0.06741162  0.11109376  0.11109376  0.15361253  0.15361253
  0.19512444  0.19512444  0.23618459  0.23618459  0.27564621  0.27564621
  0.31405057  0.31405057  0.35067595  0.35067595  0.3860659   0.3860659
  0.42061842  0.42061842  0.4535423   0.4535423   0.48430788  0.48430788
  0.51450671  0.51450671  0.5427758   0.5427758   0.56959721  0.56959721
  0.59516119  0.59516119  0.61996635  0.61996635  0.64314706  0.64314706
  0.66504658  0.66504658  0.68639333  0.68639333  0.70610737  0.70610737
  0.72495034  0.72495034  0.74259364  0.74259364  0.75923142  0.75923142
  0.7746143   0.7746143   0.7890946   0.7890946   0.80221997  0.80221997
  0.81465775  0.81465775  0.82562395  0.82562395  0.83564945  0.83564945
  0.84407373  0.84407373]
localization_length: 1.6198159235362786
1.6145330729670784
W_list: [3.2]
L_list: [51.66505833494651]
