W: 2.4
num_iter: 0
[-0.70280656 -0.70280656 -0.69534333 -0.69534333 -0.68633971 -0.68633971
 -0.67596202 -0.67596202 -0.66438892 -0.66438892 -0.65167549 -0.65167549
 -0.63798028 -0.63798028 -0.62375948 -0.62375948 -0.60797307 -0.60797307
 -0.59168088 -0.59168088 -0.57427328 -0.57427328 -0.55584139 -0.55584139
 -0.53680651 -0.53680651 -0.51712716 -0.51712716 -0.49619759 -0.49619759
 -0.47458401 -0.47458401 -0.4516888  -0.4516888  -0.42799274 -0.42799274
 -0.40327928 -0.40327928 -0.37797422 -0.37797422 -0.35137111 -0.35137111
 -0.32354089 -0.32354089 -0.29492183 -0.29492183 -0.26516531 -0.26516531
 -0.23440259 -0.23440259 -0.20370643 -0.20370643 -0.17125374 -0.17125374
 -0.13901693 -0.13901693 -0.10657903 -0.10657903 -0.07373317 -0.07373317
 -0.04122696 -0.04122696 -0.00879716 -0.00879716  0.00879522  0.00879522
  0.04123024  0.04123024  0.0737328   0.0737328   0.10658055  0.10658055
  0.13901698  0.13901698  0.171253    0.171253    0.2037034   0.2037034
  0.23440138  0.23440138  0.2651642   0.2651642   0.29492151  0.29492151
  0.3235375   0.3235375   0.3513707   0.3513707   0.37796764  0.37796764
  0.40327728  0.40327728  0.42799652  0.42799652  0.45169332  0.45169332
  0.47458511  0.47458511  0.4961944   0.4961944   0.51712721  0.51712721
  0.53680662  0.53680662  0.55584224  0.55584224  0.57427667  0.57427667
  0.59167673  0.59167673  0.60797282  0.60797282  0.62376117  0.62376117
  0.63798031  0.63798031  0.65168334  0.65168334  0.66438811  0.66438811
  0.67596617  0.67596617  0.68634274  0.68634274  0.69533679  0.69533679
  0.70280722  0.70280722]
localization_length: 3.5530681996329765
3.512982889289242
W_list: [2.4]
L_list: [112.41545245725574]
