[-2.41421356 -1.         -1.         -0.41421356  0.41421356  1.
  1.          2.41421356]
W: 1.7999999999999998
num_iter: 0
[-0.46888705 -0.45475759 -0.44095689 -0.4265113  -0.41189926 -0.39678083
 -0.38179952 -0.36711542 -0.35258948 -0.33752269 -0.32295868 -0.30822193
 -0.2935625  -0.27927047 -0.26523231 -0.25082209 -0.23653875 -0.2226626
 -0.20872909 -0.19480047 -0.18086947 -0.16725422 -0.15321174 -0.13895395
 -0.12464576 -0.11003506 -0.09587797 -0.08058814 -0.06574699 -0.0501314
 -0.03351991 -0.01726538  0.01727135  0.03350902  0.0501354   0.06574524
  0.08058293  0.09588334  0.11003518  0.12464153  0.1389625   0.15320149
  0.1672488   0.18087169  0.19479098  0.20874095  0.22266732  0.23654087
  0.25081062  0.26524307  0.27926326  0.29355932  0.30822924  0.32295406
  0.33753178  0.35259251  0.36711039  0.38180702  0.39678673  0.41189749
  0.42651437  0.4409503   0.4547552   0.46888497]
localization_length: 1.8099808342688128
1.8443390220252789
W_list: [1.7999999999999998]
L_list: [1.8443390220252789]
[-2.41421356 -1.         -1.         -0.41421356  0.41421356  1.
  1.          2.41421356]
W: 1.7999999999999998
num_iter: 0
[-0.46893318 -0.45487872 -0.44071925 -0.42679088 -0.41183287 -0.39703035
 -0.38202608 -0.36764693 -0.35207276 -0.33762114 -0.32275984 -0.30830169
 -0.29382792 -0.27917388 -0.26502722 -0.25097079 -0.23650743 -0.22281903
 -0.20894784 -0.19473114 -0.18056624 -0.16698623 -0.15278561 -0.13870331
 -0.12469586 -0.11039407 -0.09540781 -0.0801799  -0.06541511 -0.05004627
 -0.03355569 -0.01687166  0.01687804  0.03354337  0.05005029  0.0654175
  0.08017769  0.09540797  0.11039984  0.12469223  0.13870713  0.15277969
  0.16698989  0.18057586  0.19471856  0.20895138  0.22282149  0.23651022
  0.25097369  0.26503385  0.27917854  0.29383088  0.30829547  0.32275859
  0.33761232  0.35207767  0.36764471  0.38202241  0.39701245  0.4118465
  0.42678729  0.44071951  0.45484422  0.46896746]
localization_length: 1.8522183556640837
1.8380598290655177
W_list: [1.7999999999999998]
L_list: [1.8380598290655177]
