[-2.41421356 -1.         -1.         -0.41421356  0.41421356  1.
  1.          2.41421356]
W: 1.4
num_iter: 0
[-0.36007133 -0.33202433 -0.30309151 -0.27588213 -0.24966424 -0.22469751
 -0.20099027 -0.17841921 -0.15716182 -0.13654352 -0.11681977 -0.09698121
 -0.07715288 -0.05780064 -0.03876354 -0.01902298  0.01902863  0.03875057
  0.05780802  0.07716205  0.09697278  0.11681766  0.13654481  0.15716236
  0.17842579  0.20098858  0.22468174  0.24967968  0.27587676  0.30308391
  0.33202007  0.36008346]
localization_length: 3.285500674398009
3.3135851814870727
W_list: [1.4]
L_list: [3.3135851814870727]
[-2.41421356 -1.         -1.         -0.41421356  0.41421356  1.
  1.          2.41421356]
W: 1.4
num_iter: 0
[-0.36032454 -0.33203651 -0.30278284 -0.27561568 -0.24928077 -0.2249689
 -0.20110678 -0.17868311 -0.15710815 -0.13681508 -0.11642388 -0.09697574
 -0.07742182 -0.05766252 -0.03920833 -0.01922898  0.0192219   0.03921867
  0.05765891  0.07743603  0.09696988  0.11641305  0.13680794  0.15710265
  0.17869048  0.20111982  0.22498043  0.24927173  0.27561084  0.30278042
  0.33203622  0.36032463]
localization_length: 3.2514990225972706
3.2809602537468723
W_list: [1.4]
L_list: [3.2809602537468723]
