Norm difference: 1.0
Norm difference: 1.0
1 1
1 2
1 3
2 1
2 2
2 3
3 1
3 2
3 3
1 1
1 2
1 3
2 1
2 2
2 3
3 1
3 2
3 3
1 1
1 2
1 3
2 1
2 2
2 3
3 1
3 2
3 3
1 1
1 2
1 3
2 1
2 2
2 3
3 1
3 2
3 3
1 1
1 2
1 3
2 1
2 2
2 3
3 1
3 2
3 3
1 1
1 2
1 3
2 1
2 2
2 3
3 1
3 2
3 3
1 1
1 2
1 3
2 1
2 2
2 3
3 1
3 2
3 3
1 1
1 2
1 3
2 1
2 2
2 3
3 1
3 2
3 3
1 1
1 2
1 3
2 1
2 2
2 3
3 1
3 2
3 3
1 1
1 2
1 3
2 1
2 2
2 3
3 1
3 2
3 3
1 1
1 2
1 3
2 1
2 2
2 3
3 1
3 2
3 3
1 1
1 2
1 3
2 1
2 2
2 3
3 1
3 2
3 3
1 1
1 2
1 3
2 1
2 2
2 3
3 1
3 2
3 3
1 1
1 2
1 3
2 1
2 2
2 3
3 1
3 2
3 3
1 1
1 2
1 3
2 1
2 2
2 3
3 1
3 2
3 3
1 1
1 2
1 3
2 1
2 2
2 3
3 1
3 2
3 3
1 1
1 2
1 3
2 1
2 2
2 3
3 1
3 2
3 3
1 1
1 2
1 3
2 1
2 2
2 3
3 1
3 2
3 3
1 1
1 2
1 3
2 1
2 2
2 3
3 1
3 2
3 3
1 1
1 2
1 3
2 1
2 2
2 3
3 1
3 2
3 3
1 1 1 0.0012544389634355155
1 2 1 0.0007490951293289254
1 3 1 0.0010732649841780836
2 1 1 0.0008085658933674217
2 2 1 0.0006724758086666547
2 3 1 0.0008756998373408934
3 1 1 0.0011879681169058127
3 2 1 0.0008553627047971713
3 3 1 0.00110643506465688
1 1 2 0.0009438182737945543
1 2 2 0.0008721534717184837
1 3 2 0.0008617225324383766
2 1 2 0.0006781172260187987
2 2 2 0.0006353045575813104
2 3 2 0.0006542563433806639
3 1 2 0.0011034174753978923
3 2 2 0.00080541781072607
3 3 2 0.0010628624669457773
1 1 3 0.000664471291788268
1 2 3 0.0006187475052542308
1 3 3 0.0010524048206736387
2 1 3 0.0006681909260557162
2 2 3 0.0005057887992626501
2 3 3 0.0005317456841974325
3 1 3 0.0011823698041589664
3 2 3 0.0007777815623743353
3 3 3 0.000960516367399834
1 1 4 0.001109101750382353
1 2 4 0.0007546310351831981
1 3 4 0.0012005703619100395
2 1 4 0.0007909189545793175
2 2 4 0.000798640053820153
2 3 4 0.0007287001466067881
3 1 4 0.0011538652419466723
3 2 4 0.0006812500137185588
3 3 4 0.0011880138296472475
1 1 5 0.001014216333790042
1 2 5 0.0008741787888911856
1 3 5 0.0011319702446496874
2 1 5 0.0006991910684149365
2 2 5 0.0004367730634452288
2 3 5 0.0009347517300695685
3 1 5 0.0009519043540407298
3 2 5 0.0010932159018303437
3 3 5 0.0009798693020007503
1 1 6 0.0011694682656607032
1 2 6 0.0008144589140882666
1 3 6 0.0012324762066822789
2 1 6 0.0008497919033979172
2 2 6 0.0007408499236782648
2 3 6 0.0007434904591345048
3 1 6 0.0010105168524664444
3 2 6 0.0006567012266997603
3 3 6 0.0010722533241872985
1 1 7 0.0011325045961131468
1 2 7 0.0008076292676845396
1 3 7 0.0009304168318978861
2 1 7 0.0007496656379161537
2 2 7 0.0005019044412893941
2 3 7 0.0006518935778182752
3 1 7 0.0015237232213868156
3 2 7 0.0009605058718465516
3 3 7 0.001140548626507708
1 1 8 0.0012192419707684975
1 2 8 0.0009714018759142294
1 3 8 0.001014087942810721
2 1 8 0.001079893935373151
2 2 8 0.0007107439593390509
2 3 8 0.0007057728207408569
3 1 8 0.001239070467025478
3 2 8 0.0011110869760779286
3 3 8 0.0012547533572135352
1 1 9 0.0012669370216644668
1 2 9 0.0011549586578309908
1 3 9 0.0008282602510997729
2 1 9 0.0008575614280918464
2 2 9 0.0005137694700443243
2 3 9 0.0008065804271100683
3 1 9 0.0013231936503407332
3 2 9 0.0013118130128534585
3 3 9 0.001197773119580261
1 1 10 0.0013015098748459884
1 2 10 0.0011410629685209106
1 3 10 0.00111769463850718
2 1 10 0.000874713606122714
2 2 10 0.0007407264094270683
2 3 10 0.0007156704365012007
3 1 10 0.001322235766295688
3 2 10 0.0010547344822854287
3 3 10 0.0012799062073453277
1 1 11 0.0014759341148747162
1 2 11 0.0010412378689174068
1 3 11 0.0009879712473915066
2 1 11 0.0007818743108519326
2 2 11 0.0005097168037034212
2 3 11 0.0007315704421069603
3 1 11 0.0017790152810257007
3 2 11 0.0012534148260830713
3 3 11 0.0011969499937833285
1 1 12 0.001483305541589502
1 2 12 0.0012561257329207153
1 3 12 0.001026622441488046
2 1 12 0.0008514545250275091
2 2 12 0.0007666029334711327
2 3 12 0.0008208489058859666
3 1 12 0.001801355125382227
3 2 12 0.0012466208539838554
3 3 12 0.0011579312423937278
1 1 13 0.0012953334813511962
1 2 13 0.0013517172885132405
1 3 13 0.001226132235643482
2 1 13 0.0008349978985440134
2 2 13 0.0006894733394036321
2 3 13 0.0009774195758578887
3 1 13 0.0017654502216238135
3 2 13 0.0013995821267770495
3 3 13 0.001122296451911981
1 1 14 0.0015038729720632357
1 2 14 0.0012092701963416438
1 3 14 0.0011108524734924894
2 1 14 0.000896560675667692
2 2 14 0.0009057228147734458
2 3 14 0.0006597860352626999
3 1 14 0.0016444882987397592
3 2 14 0.00110809880299138
3 3 14 0.0013500969254901338
1 1 15 0.0019144481735226698
1 2 15 0.0013898131816502974
1 3 15 0.0013625052346372792
2 1 15 0.00108541785117533
2 2 15 0.0008443081643777679
2 3 15 0.0011566024647382818
3 1 15 0.0020150317472775806
3 2 15 0.0015352951475374379
3 3 15 0.001189323959045791
1 1 16 0.0016148788798406276
1 2 16 0.001348821011366464
1 3 16 0.0012258640862490352
2 1 16 0.0011316390640790808
2 2 16 0.0009399255550191929
2 3 16 0.0008855722910369823
3 1 16 0.0017958360030130489
3 2 16 0.0017843578115084788
3 3 16 0.001662743990726824
1 1 17 0.002063077751334845
1 2 17 0.001714312832723775
1 3 17 0.0012348357057851236
2 1 17 0.0015065967788079279
2 2 17 0.00139809221213062
2 3 17 0.0008980437291684174
3 1 17 0.0018097747824130286
3 2 17 0.001450090682877476
3 3 17 0.0014735450460377597
1 1 18 0.0019625950432961446
1 2 18 0.0013864383711902771
1 3 18 0.0011892827315848778
2 1 18 0.001376306909086182
2 2 18 0.0011023023408427588
2 3 18 0.0009089025436079635
3 1 18 0.002588923074159069
3 2 18 0.0017718697526020242
3 3 18 0.0017156235747803328
1 1 19 0.0021623891499580454
1 2 19 0.0014531456529254436
1 3 19 0.001571771146601749
2 1 19 0.00122517990416281
2 2 19 0.0010878417778338524
2 3 19 0.001123676597833923
3 1 19 0.0022383377144985814
3 2 19 0.001796260860818207
3 3 19 0.0016454041902609344
1 1 20 0.0017714220889623183
1 2 20 0.0015533686797405365
1 3 20 0.0016878259133465269
2 1 20 0.0016915900618225184
2 2 20 0.001155871346129518
2 3 20 0.001069134632118542
3 1 20 0.002496945074057882
3 2 20 0.0022275067512339225
3 3 20 0.0018693000717820436
