W: 3.6
num_iter: 0
[-0.94595646 -0.94595646 -0.890596   -0.890596   -0.81669966 -0.81669966
 -0.72476451 -0.72476451 -0.61281884 -0.61281884 -0.47601734 -0.47601734
 -0.3116927  -0.3116927  -0.10378574 -0.10378574  0.10378501  0.10378501
  0.31169536  0.31169536  0.47601091  0.47601091  0.6128199   0.6128199
  0.72476331  0.72476331  0.81670141  0.81670141  0.89059422  0.89059422
  0.94596112  0.94596112]
localization_length: 1.2044128216999288
1.1943354195640208
W_list: [3.6]
L_list: [9.554683356512166]
