W: 3.2
num_iter: 0
[-1.21521808 -1.21521808 -1.1477452  -1.1477452  -1.05503216 -1.05503216
 -0.93159967 -0.93159967 -0.77929484 -0.77929484 -0.60032801 -0.60032801
 -0.40014253 -0.40014253 -0.1598595  -0.1598595   0.15986398  0.15986398
  0.40014143  0.40014143  0.60032727  0.60032727  0.77929321  0.77929321
  0.93160168  0.93160168  1.05502951  1.05502951  1.14774855  1.14774855
  1.21521437  1.21521437]
localization_length: 0.7819366137630973
0.7825540336149407
W_list: [3.2]
L_list: [6.2604322689195255]
