[-2.41421356 -1.         -1.         -0.41421356  0.41421356  1.
  1.          2.41421356]
W: 3.8000000000000003
num_iter: 0
[-0.89792337 -0.88426575 -0.87123679 -0.85694321 -0.84231758 -0.8272335
 -0.81130687 -0.79491911 -0.77770817 -0.76021042 -0.7415906  -0.72170179
 -0.70236136 -0.68233919 -0.66037501 -0.63854183 -0.61549368 -0.59135696
 -0.56675786 -0.54100089 -0.51477528 -0.48671599 -0.45749773 -0.42800225
 -0.39679016 -0.36475603 -0.33052951 -0.2941432  -0.25459653 -0.21274748
 -0.16565489 -0.1090351   0.10902354  0.16566607  0.21275454  0.25459601
  0.29414229  0.33051371  0.36476543  0.39677467  0.42801014  0.45750346
  0.48671468  0.51477331  0.54099863  0.56675925  0.59136804  0.61549114
  0.63853863  0.6603783   0.68234664  0.70233986  0.72170778  0.74159683
  0.76020022  0.77770078  0.79492358  0.8113132   0.82723121  0.84232695
  0.85694498  0.87124037  0.88425668  0.89792713]
localization_length: 0.28663534874869634
0.2877282740821646
W_list: [3.8000000000000003]
L_list: [0.2877282740821646]
[-2.41421356 -1.         -1.         -0.41421356  0.41421356  1.
  1.          2.41421356]
W: 3.8000000000000003
num_iter: 0
[-0.89747578 -0.88461397 -0.87099904 -0.85672114 -0.84275342 -0.8270709
 -0.81117634 -0.79526233 -0.7777232  -0.76017517 -0.74125073 -0.72238004
 -0.70225423 -0.68182548 -0.66066281 -0.63826667 -0.61527506 -0.59143047
 -0.56670919 -0.54117533 -0.51410598 -0.48705816 -0.45783107 -0.42851109
 -0.39780774 -0.3648254  -0.33038444 -0.29416324 -0.25591849 -0.21464039
 -0.16611438 -0.10946957  0.10946486  0.16610487  0.21465735  0.25591942
  0.29414761  0.33039413  0.36482997  0.39779609  0.42851939  0.45783632
  0.48705659  0.51410106  0.54116952  0.56671754  0.59146402  0.61526501
  0.63826705  0.66065659  0.68181932  0.70225806  0.72237132  0.74125186
  0.7601759   0.77771935  0.79526154  0.81117306  0.82707746  0.84275211
  0.85671971  0.87099526  0.88460992  0.89747899]
localization_length: 0.28547973744712024
0.2848785864324494
W_list: [3.8000000000000003]
L_list: [0.2848785864324494]
