Norm difference: 1.0
Norm difference: 1.0
1 1
1 2
2 1
2 2
1 1
1 2
2 1
2 2
1 1
1 2
2 1
2 2
1 1
1 2
2 1
2 2
1 1
1 2
2 1
2 2
1 1
1 2
2 1
2 2
1 1
1 2
2 1
2 2
1 1
1 2
2 1
2 2
1 1
1 2
2 1
2 2
1 1
1 2
2 1
2 2
1 1
1 2
2 1
2 2
1 1
1 2
2 1
2 2
1 1
1 2
2 1
2 2
1 1
1 2
2 1
2 2
1 1
1 2
2 1
2 2
1 1
1 2
2 1
2 2
1 1
1 2
2 1
2 2
1 1
1 2
2 1
2 2
1 1
1 2
2 1
2 2
1 1
1 2
2 1
2 2
1 1 1 0.005163534297876641
1 2 1 0.007440266075902928
2 1 1 0.005428160377397057
2 2 1 0.006875179943109509
1 1 2 0.004635159590718085
1 2 2 0.004849309452375846
2 1 2 0.004770447791402381
2 2 2 0.0057131048217753866
1 1 3 0.0033681507670300813
1 2 3 0.0026391459196850944
2 1 3 0.0037137210109631684
2 2 3 0.002760932787985844
1 1 4 0.002352143495316493
1 2 4 0.002043805519560395
2 1 4 0.0033524813753065914
2 2 4 0.002255407290540257
1 1 5 0.002421214131895454
1 2 5 0.0018536948261920479
2 1 5 0.00195849363400549
2 2 5 0.00264722230632157
1 1 6 0.0007478084968056984
1 2 6 0.0016131250935118256
2 1 6 0.0011945974698989482
2 2 6 0.002042638268311752
1 1 7 0.0005909143559204526
1 2 7 0.0007223874309342223
2 1 7 0.0008669780636821874
2 2 7 0.0011670094173638769
1 1 8 0.0005066988564680269
1 2 8 0.000830560951333694
2 1 8 0.0006728820545304033
2 2 8 0.0005703567675282981
1 1 9 0.0002970822677192217
1 2 9 0.0005335994095384681
2 1 9 0.0006530368530818978
2 2 9 0.00045770653310781874
1 1 10 0.00045502978076828355
1 2 10 0.0004447213035072645
2 1 10 0.0004220761378221834
2 2 10 0.0004241289111849746
1 1 11 0.0003469132453857936
1 2 11 0.0002830128143366557
2 1 11 0.00023770931502874217
2 2 11 0.000451948408174217
1 1 12 0.00019174532069748555
1 2 12 0.00040661163264117385
2 1 12 0.00023938059919558294
2 2 12 0.00046881290331490555
1 1 13 0.00016602632040281113
1 2 13 0.0003722772173438091
2 1 13 0.0003226091663118263
2 2 13 0.00043032643288445926
1 1 14 0.0002590871407684734
1 2 14 0.0002093627010460864
2 1 14 0.0002658012851747099
2 2 14 0.0004347319610840691
1 1 15 0.00015050666980156795
1 2 15 0.0002088494795970932
2 1 15 0.00023942208432277913
2 2 15 0.00039046055726136
1 1 16 9.230478640324434e-5
1 2 16 0.00017363946879139756
2 1 16 0.00023303064310591087
2 2 16 0.00021988268487241756
1 1 17 9.316519327740017e-5
1 2 17 7.920188444468928e-5
2 1 17 0.00012090600953641691
2 2 17 0.00012700965006745603
1 1 18 3.718502131938808e-5
1 2 18 3.697861535602989e-5
2 1 18 4.5330286862753076e-5
2 2 18 7.074124568234314e-5
1 1 19 2.2129793229955554e-5
1 2 19 2.7202941209352777e-5
2 1 19 2.9456074319812285e-5
2 2 19 4.057923596028623e-5
1 1 20 1.4282973986731572e-5
1 2 20 1.5051593887481919e-5
2 1 20 1.659257558313029e-5
2 2 20 1.5072152342607412e-5
