W: 1.2
num_iter: 0
[-1.13088729 -1.13088729 -1.11431137 -1.11431137 -1.0925775  -1.0925775
 -1.06428811 -1.06428811 -1.02718856 -1.02718856 -0.97930382 -0.97930382
 -0.91913258 -0.91913258 -0.84233985 -0.84233985 -0.74608732 -0.74608732
 -0.63054738 -0.63054738 -0.50179594 -0.50179594 -0.37984435 -0.37984435
 -0.27567973 -0.27567973 -0.18549035 -0.18549035 -0.10430792 -0.10430792
 -0.02378931 -0.02378931  0.02379088  0.02379088  0.1043077   0.1043077
  0.1854903   0.1854903   0.27567982  0.27567982  0.37984577  0.37984577
  0.5018029   0.5018029   0.63054757  0.63054757  0.74608783  0.74608783
  0.84233763  0.84233763  0.91913918  0.91913918  0.97930092  0.97930092
  1.02718801  1.02718801  1.0642859   1.0642859   1.09257319  1.09257319
  1.11430754  1.11430754  1.13088625  1.13088625]
localization_length: 2.6272301697127047
2.7043865478728084
W_list: [1.2]
L_list: [43.270184765964935]
