W: 4.2
num_iter: 0
[-0.9988414  -0.9988414  -0.94782831 -0.94782831 -0.88004695 -0.88004695
 -0.79299181 -0.79299181 -0.68396585 -0.68396585 -0.54587121 -0.54587121
 -0.372211   -0.372211   -0.14625702 -0.14625702  0.14625937  0.14625937
  0.37220719  0.37220719  0.54587079  0.54587079  0.68396402  0.68396402
  0.79299528  0.79299528  0.88005019  0.88005019  0.94782462  0.94782462
  0.99884208  0.99884208]
localization_length: 0.8546598056807589
0.8566711806897048
W_list: [4.2]
L_list: [6.853369445517639]
