W: 4.2
num_iter: 0
[-1.04635747 -1.04635747 -1.0227756  -1.0227756  -0.99487492 -0.99487492
 -0.96275596 -0.96275596 -0.92645953 -0.92645953 -0.88502642 -0.88502642
 -0.8395531  -0.8395531  -0.78865579 -0.78865579 -0.73182451 -0.73182451
 -0.66898909 -0.66898909 -0.59834369 -0.59834369 -0.51964695 -0.51964695
 -0.43172225 -0.43172225 -0.3351355  -0.3351355  -0.22742768 -0.22742768
 -0.09942539 -0.09942539  0.09942919  0.09942919  0.22742439  0.22742439
  0.33513941  0.33513941  0.43172624  0.43172624  0.51964695  0.51964695
  0.59834498  0.59834498  0.66898655  0.66898655  0.73182116  0.73182116
  0.7886538   0.7886538   0.83955769  0.83955769  0.88503136  0.88503136
  0.92646676  0.92646676  0.96275181  0.96275181  0.9948774   0.9948774
  1.02276381  1.02276381  1.04635236  1.04635236]
localization_length: 0.6286120631522248
0.6287266770530578
W_list: [4.2]
L_list: [10.059626832848926]
