Norm difference: 1.0
Norm difference: 1.0
1 1
1 2
1 3
2 1
2 2
2 3
3 1
3 2
3 3
1 1
1 2
1 3
2 1
2 2
2 3
3 1
3 2
3 3
1 1
1 2
1 3
2 1
2 2
2 3
3 1
3 2
3 3
1 1
1 2
1 3
2 1
2 2
2 3
3 1
3 2
3 3
1 1
1 2
1 3
2 1
2 2
2 3
3 1
3 2
3 3
1 1
1 2
1 3
2 1
2 2
2 3
3 1
3 2
3 3
1 1
1 2
1 3
2 1
2 2
2 3
3 1
3 2
3 3
1 1
1 2
1 3
2 1
2 2
2 3
3 1
3 2
3 3
1 1
1 2
1 3
2 1
2 2
2 3
3 1
3 2
3 3
1 1
1 2
1 3
2 1
2 2
2 3
3 1
3 2
3 3
1 1
1 2
1 3
2 1
2 2
2 3
3 1
3 2
3 3
1 1
1 2
1 3
2 1
2 2
2 3
3 1
3 2
3 3
1 1
1 2
1 3
2 1
2 2
2 3
3 1
3 2
3 3
1 1
1 2
1 3
2 1
2 2
2 3
3 1
3 2
3 3
1 1
1 2
1 3
2 1
2 2
2 3
3 1
3 2
3 3
1 1
1 2
1 3
2 1
2 2
2 3
3 1
3 2
3 3
1 1
1 2
1 3
2 1
2 2
2 3
3 1
3 2
3 3
1 1
1 2
1 3
2 1
2 2
2 3
3 1
3 2
3 3
1 1
1 2
1 3
2 1
2 2
2 3
3 1
3 2
3 3
1 1
1 2
1 3
2 1
2 2
2 3
3 1
3 2
3 3
1 1 1 0.0013043933739626228
1 2 1 0.0012032330354971906
1 3 1 0.0009090514310291949
2 1 1 0.0008492417658587492
2 2 1 0.0006631339441264567
2 3 1 0.0007962528541621813
3 1 1 0.0010796097254472021
3 2 1 0.0010242300529024668
3 3 1 0.0010067405620100083
1 1 2 0.001390935055806944
1 2 2 0.0008484139428768436
1 3 2 0.0011832002804927297
2 1 2 0.0008290572764881744
2 2 2 0.0006139432307792141
2 3 2 0.0007080226958080721
3 1 2 0.0011499161476312527
3 2 2 0.0008683873671242752
3 3 2 0.001093424763389038
1 1 3 0.0009901044021385242
1 2 3 0.0010472311192544687
1 3 3 0.001104728741777535
2 1 3 0.0006712034625386431
2 2 3 0.0007933570149326316
2 3 3 0.0006193696432515482
3 1 3 0.0010756619872575035
3 2 3 0.0008202861772488209
3 3 3 0.0008322680665729688
1 1 4 0.0012180891038835358
1 2 4 0.0008753627063866103
1 3 4 0.001246635305910392
2 1 4 0.000749446096538896
2 2 4 0.0006360980515949203
2 3 4 0.0008186168637636297
3 1 4 0.0008056404142968845
3 2 4 0.0009262445721438219
3 3 4 0.0007462159026756114
1 1 5 0.0009921672424663803
1 2 5 0.0010874246494370504
1 3 5 0.0011697969255987828
2 1 5 0.0004878682331107725
2 2 5 0.00036018970951023834
2 3 5 0.0006278556039600837
3 1 5 0.001287224715196397
3 2 5 0.0009049658055858278
3 3 5 0.000872743525601349
1 1 6 0.0009192761473694116
1 2 6 0.0010010484878586591
1 3 6 0.0011076013849099435
2 1 6 0.0005890070613264069
2 2 6 0.0005410544017150178
2 3 6 0.0006748565760537184
3 1 6 0.0009350069780167796
3 2 6 0.0009191797250621516
3 3 6 0.0007623668088005211
1 1 7 0.0010565753916816135
1 2 7 0.0006611263637762361
1 3 7 0.0008605890836126653
2 1 7 0.0004821047075543448
2 2 7 0.00046878553907656994
2 3 7 0.0006315082881419397
3 1 7 0.0010621669587421926
3 2 7 0.0009133358094202745
3 3 7 0.0010745243243317007
1 1 8 0.0011034501438109874
1 2 8 0.0008542187268078179
1 3 8 0.0009796781633455325
2 1 8 0.0006836752779910199
2 2 8 0.0003927146862199988
2 3 8 0.0005908180252306482
3 1 8 0.0008709863542181796
3 2 8 0.0007565262315604501
3 3 8 0.0011193856804012834
1 1 9 0.0011409675093583531
1 2 9 0.0005867343155027721
1 3 9 0.0009638341805602047
2 1 9 0.000616188099425103
2 2 9 0.0004739477077842982
2 3 9 0.0005526688771031716
3 1 9 0.0012264335529702164
3 2 9 0.0007805206120397102
3 3 9 0.0013014102473499546
1 1 10 0.0010949126079796356
1 2 10 0.0010162029905540777
1 3 10 0.0009047592692541405
2 1 10 0.0006890856287513555
2 2 10 0.0005713637714577426
2 3 10 0.0005334901207073247
3 1 10 0.0011400870772422422
3 2 10 0.0006610764237484054
3 3 10 0.0010049966316473566
1 1 11 0.001323786510643589
1 2 11 0.0009736352672590171
1 3 11 0.0010742485981865544
2 1 11 0.0008794095522462037
2 2 11 0.0004765034834172818
2 3 11 0.0004925390724758464
3 1 11 0.0012345034252527645
3 2 11 0.0011245664353006651
3 3 11 0.0009150116261257607
1 1 12 0.0013242612830710408
1 2 12 0.0011505154647801232
1 3 12 0.001096063813106451
2 1 12 0.000646699654906519
2 2 12 0.0006234063947940915
2 3 12 0.0005202798905794713
3 1 12 0.0011247764621669927
3 2 12 0.0009006236597393502
3 3 12 0.0009627919099972693
1 1 13 0.001037423424965885
1 2 13 0.0010834886431251732
1 3 13 0.0010635310918673477
2 1 13 0.000822419791292296
2 2 13 0.0005989529044338584
2 3 13 0.0005355857713818309
3 1 13 0.00108378040239683
3 2 13 0.001079966274866386
3 3 13 0.0009726969000023369
1 1 14 0.0015653155722334018
1 2 14 0.0012949448829405164
1 3 14 0.0010799582289051568
2 1 14 0.000659953000763953
2 2 14 0.0006752804243499516
2 3 14 0.0005821836070406992
3 1 14 0.0012050859199470702
3 2 14 0.0008026229150903371
3 3 14 0.001051315367135437
1 1 15 0.0012767809617368411
1 2 15 0.0014668699863116177
1 3 15 0.0010525922687191613
2 1 15 0.0009292500775852896
2 2 15 0.0007957419973274284
2 3 15 0.0007084233604444268
3 1 15 0.0010793261900213155
3 2 15 0.0012402410695349045
3 3 15 0.001077800698975158
1 1 16 0.001594614028769159
1 2 16 0.0012029474298545762
1 3 16 0.0012549750630786115
2 1 16 0.0007859919542966744
2 2 16 0.0005802538588661686
2 3 16 0.000629534963228961
3 1 16 0.0010921934856183947
3 2 16 0.0010233062846013155
3 3 16 0.001123140061153969
1 1 17 0.0013411103677606802
1 2 17 0.0015651289073871303
1 3 17 0.0020227841409033035
2 1 17 0.000912979826362219
2 2 17 0.0009144096480927296
2 3 17 0.0013102995605240983
3 1 17 0.001399538214895297
3 2 17 0.0011730960535463227
3 3 17 0.0013296123130280483
1 1 18 0.002258049317742851
1 2 18 0.0015696136990501187
1 3 18 0.0028983212888747363
2 1 18 0.001204570979065488
2 2 18 0.0009374125022007289
2 3 18 0.0014477307233806591
3 1 18 0.0016622727744114573
3 2 18 0.0014321531898388385
3 3 18 0.0016831355427889788
1 1 19 0.002495676815525109
1 2 19 0.0017852443809229994
1 3 19 0.00228407481774627
2 1 19 0.001427285631338347
2 2 19 0.0011704841261018987
2 3 19 0.0011281649720024122
3 1 19 0.0021460592178141383
3 2 19 0.0015127249401092114
3 3 19 0.0019413362363051637
1 1 20 0.0021325322292296894
1 2 20 0.0019869475637635066
1 3 20 0.0018215560004247026
2 1 20 0.001215751609644871
2 2 20 0.0010002666410076865
2 3 20 0.0012903578934615073
3 1 20 0.0018980110915077313
3 2 20 0.0019621830432982813
3 3 20 0.0016828180848081325
