Norm difference: 1.0
Norm difference: 1.0
1 1
1 2
1 3
2 1
2 2
2 3
3 1
3 2
3 3
1 1
1 2
1 3
2 1
2 2
2 3
3 1
3 2
3 3
1 1
1 2
1 3
2 1
2 2
2 3
3 1
3 2
3 3
1 1
1 2
1 3
2 1
2 2
2 3
3 1
3 2
3 3
1 1
1 2
1 3
2 1
2 2
2 3
3 1
3 2
3 3
1 1
1 2
1 3
2 1
2 2
2 3
3 1
3 2
3 3
1 1
1 2
1 3
2 1
2 2
2 3
3 1
3 2
3 3
1 1
1 2
1 3
2 1
2 2
2 3
3 1
3 2
3 3
1 1
1 2
1 3
2 1
2 2
2 3
3 1
3 2
3 3
1 1
1 2
1 3
2 1
2 2
2 3
3 1
3 2
3 3
1 1
1 2
1 3
2 1
2 2
2 3
3 1
3 2
3 3
1 1
1 2
1 3
2 1
2 2
2 3
3 1
3 2
3 3
1 1
1 2
1 3
2 1
2 2
2 3
3 1
3 2
3 3
1 1
1 2
1 3
2 1
2 2
2 3
3 1
3 2
3 3
1 1
1 2
1 3
2 1
2 2
2 3
3 1
3 2
3 3
1 1
1 2
1 3
2 1
2 2
2 3
3 1
3 2
3 3
1 1
1 2
1 3
2 1
2 2
2 3
3 1
3 2
3 3
1 1
1 2
1 3
2 1
2 2
2 3
3 1
3 2
3 3
1 1
1 2
1 3
2 1
2 2
2 3
3 1
3 2
3 3
1 1
1 2
1 3
2 1
2 2
2 3
3 1
3 2
3 3
1 1 1 0.014437974302047917
1 2 1 0.01257435334862716
1 3 1 0.015386696260448241
2 1 1 0.011835622374924179
2 2 1 0.006514296752582169
2 3 1 0.012670203213503761
3 1 1 0.010707238355537248
3 2 1 0.006435657710130278
3 3 1 0.01445216032496183
1 1 2 0.014959617357330438
1 2 2 0.006424921976218352
1 3 2 0.01719203339370713
2 1 2 0.010180658165095717
2 2 2 0.004171587120507821
2 3 2 0.008272701572589481
3 1 2 0.011675501503079713
3 2 2 0.006395247311344669
3 3 2 0.009489119696468555
1 1 3 0.011402078799607524
1 2 3 0.009745398727273997
1 3 3 0.011831871430464286
2 1 3 0.008628411874609849
2 2 3 0.005646174871586331
2 3 3 0.007423622604593004
3 1 3 0.007689268735233826
3 2 3 0.0076529536430542415
3 3 3 0.007609141217444136
1 1 4 0.0103231366664782
1 2 4 0.006985119128936758
1 3 4 0.013097132675201375
2 1 4 0.004914853521997374
2 2 4 0.002638135656007696
2 3 4 0.005461083157390171
3 1 4 0.008140136722635142
3 2 4 0.005625344724447524
3 3 4 0.0067734621672298715
1 1 5 0.007920505740554008
1 2 5 0.006811388246138188
1 3 5 0.009433864018991444
2 1 5 0.010269141548248829
2 2 5 0.0035199706704775067
2 3 5 0.004421369690126997
3 1 5 0.004514329259708136
3 2 5 0.003809088191765282
3 3 5 0.0064571127850404685
1 1 6 0.0071388393778069785
1 2 6 0.004305553860732841
1 3 6 0.00726772050371022
2 1 6 0.0027353698165405033
2 2 6 0.006475537881721225
2 3 6 0.004945932328317487
3 1 6 0.002978748366580579
3 2 6 0.002256125707505758
3 3 6 0.005337185310444846
1 1 7 0.005130574610147658
1 2 7 0.0019852173633078747
1 3 7 0.0047811619629677185
2 1 7 0.003939168249216932
2 2 7 0.0013939008061771658
2 3 7 0.007238037148839962
3 1 7 0.002715636165075061
3 2 7 0.0017439568556609473
3 3 7 0.0029776827830521927
1 1 8 0.0037440848063039303
1 2 8 0.0019477485024590312
1 3 8 0.0020915353913955187
2 1 8 0.0037325093834721457
2 2 8 0.0017547446754570136
2 3 8 0.003840413338659939
3 1 8 0.002646703798310058
3 2 8 0.0018181454376151479
3 3 8 0.0020628407227692167
1 1 9 0.0023926483051736353
1 2 9 0.0010726229621290714
1 3 9 0.0022796218475228907
2 1 9 0.0019301447328319691
2 2 9 0.0013295725519002267
2 3 9 0.001570918836983946
3 1 9 0.002183808383990223
3 2 9 0.0009616221117752073
3 3 9 0.0017113685485260117
1 1 10 0.0025249156283544023
1 2 10 0.0010655802258341704
1 3 10 0.0017719682808394117
2 1 10 0.001381604414990432
2 2 10 0.0013259712794470185
2 3 10 0.001401495919476577
3 1 10 0.0019061354067013662
3 2 10 0.0008052832845938457
3 3 10 0.0008631759531473465
1 1 11 0.0015406290766545165
1 2 11 0.000800101286799715
1 3 11 0.0019685809088537012
2 1 11 0.0020926010337724106
2 2 11 0.0006860762554247027
2 3 11 0.0008553219969306396
3 1 11 0.0014560553449317738
3 2 11 0.0006495068407601004
3 3 11 0.0010840062383069213
1 1 12 0.0011469736379946412
1 2 12 0.0008504661646078831
1 3 12 0.001378190438269357
2 1 12 0.0012628258349007685
2 2 12 0.0005129382989977604
2 3 12 0.0010363244487461495
3 1 12 0.00115275712137463
3 2 12 0.00088439491785935
3 3 12 0.0010764417995197714
1 1 13 0.0015209532450383336
1 2 13 0.0005776712060062232
1 3 13 0.0013142665330060444
2 1 13 0.0006073862261639546
2 2 13 0.0006770426150738791
2 3 13 0.0007754107121817497
3 1 13 0.0010405988251965031
3 2 13 0.0005426399123466565
3 3 13 0.0010841056299923592
1 1 14 0.0010350735203336564
1 2 14 0.0009729494379919773
1 3 14 0.0011755252779036389
2 1 14 0.0005988291154389032
2 2 14 0.0004048467750896176
2 3 14 0.0005595727424467023
3 1 14 0.0007888123043670607
3 2 14 0.000709299081050326
3 3 14 0.0012083973478348858
1 1 15 0.0012373002951709443
1 2 15 0.0010135924101163343
1 3 15 0.001049301647279512
2 1 15 0.0007686320480387108
2 2 15 0.0003703996978203398
2 3 15 0.0008419451445926349
3 1 15 0.0009725519871195919
3 2 15 0.0009375798488816536
3 3 15 0.0008790766564880098
1 1 16 0.0010407685797911331
1 2 16 0.0009324692845272709
1 3 16 0.0013489520487944544
2 1 16 0.0005753554636885796
2 2 16 0.0007955012852731257
2 3 16 0.0007949377643812624
3 1 16 0.0009250214664607492
3 2 16 0.0010960787015271646
3 3 16 0.000952128394129882
1 1 17 0.0010011887005777539
1 2 17 0.001420638343352275
1 3 17 0.0010294932978962058
2 1 17 0.0005717099364343088
2 2 17 0.0006634894967594571
2 3 17 0.0005021717201092602
3 1 17 0.0009243682028174068
3 2 17 0.0013015231146763272
3 3 17 0.0008319051768587045
1 1 18 0.0008979115335105996
1 2 18 0.0011713460465876415
1 3 18 0.0012073898413556832
2 1 18 0.0006250155398233782
2 2 18 0.000702357359560121
2 3 18 0.0007305252456474608
3 1 18 0.0008167833795952138
3 2 18 0.0012206498161388662
3 3 18 0.0010715906573120482
1 1 19 0.0009341511358974909
1 2 19 0.001493123056878559
1 3 19 0.0013502421663934173
2 1 19 0.00048675913890345554
2 2 19 0.0008240126572811278
2 3 19 0.0006040351035013447
3 1 19 0.0006638880934714086
3 2 19 0.0013366477634548432
3 3 19 0.0014196035135579789
1 1 20 0.0010047838691229442
1 2 20 0.00137595512276624
1 3 20 0.0008405356840777787
2 1 20 0.0004298613389671936
2 2 20 0.0007861944364348028
2 3 20 0.0009072442114597172
3 1 20 0.0008563535101371105
3 2 20 0.0010652790065538097
3 3 20 0.0009717735077274662
