W: 4.2
num_iter: 0
[-1.04607494 -1.04607494 -1.02293965 -1.02293965 -0.99465953 -0.99465953
 -0.96294055 -0.96294055 -0.92641687 -0.92641687 -0.88567882 -0.88567882
 -0.84000255 -0.84000255 -0.78891594 -0.78891594 -0.73226707 -0.73226707
 -0.66936497 -0.66936497 -0.59884494 -0.59884494 -0.51980421 -0.51980421
 -0.43201366 -0.43201366 -0.33557063 -0.33557063 -0.22775273 -0.22775273
 -0.10015506 -0.10015506  0.10015174  0.10015174  0.22775066  0.22775066
  0.33557369  0.33557369  0.43201113  0.43201113  0.51980092  0.51980092
  0.59884455  0.59884455  0.66936154  0.66936154  0.73226489  0.73226489
  0.78892132  0.78892132  0.84000682  0.84000682  0.88567422  0.88567422
  0.92641919  0.92641919  0.96294     0.96294     0.99465993  0.99465993
  1.02294119  1.02294119  1.04608032  1.04608032]
localization_length: 0.6240530473095757
0.6260343297179273
W_list: [4.2]
L_list: [10.016549275486836]
