W: 2.6
num_iter: 0
[-0.78826536 -0.78826536 -0.73483119 -0.73483119 -0.66251876 -0.66251876
 -0.57287282 -0.57287282 -0.46886167 -0.46886167 -0.34876439 -0.34876439
 -0.21270823 -0.21270823 -0.05272722 -0.05272722  0.05273018  0.05273018
  0.21270303  0.21270303  0.34876554  0.34876554  0.46885796  0.46885796
  0.57287239  0.57287239  0.66252192  0.66252192  0.73483323  0.73483323
  0.78826539  0.78826539]
localization_length: 2.370692064966778
2.3886775331061036
W_list: [2.6]
L_list: [19.10942026484883]
