[-2.41421356 -1.         -1.         -0.41421356  0.41421356  1.
  1.          2.41421356]
W: 3.8000000000000003
num_iter: 0
[-0.85383764 -0.70031282 -0.51213841 -0.28513574  0.28513089  0.51214315
  0.70030801  0.85384255]
localization_length: 0.8767902944691459
0.8788348997426811
num_iter: 1
[-0.85443091 -0.70147673 -0.51209243 -0.28426304  0.28426005  0.51209255
  0.70148001  0.8544305 ]
localization_length: 0.8794763838693969
0.885575520235872
num_iter: 2
[-0.85459819 -0.70267198 -0.5111867  -0.28328986  0.28327501  0.51119282
  0.70268021  0.85459869]
localization_length: 0.8825346103688764
0.878276110873908
W_list: [3.8000000000000003]
L_list: [0.8808955102841538]
[-2.41421356 -1.         -1.         -0.41421356  0.41421356  1.
  1.          2.41421356]
W: 3.8000000000000003
num_iter: 0
[-0.85216316 -0.6999129  -0.50970973 -0.28325974  0.28326025  0.50971367
  0.69990503  0.85216658]
localization_length: 0.8825821893535194
0.8788184886927666
num_iter: 1
[-0.85328171 -0.70302199 -0.51194336 -0.28467754  0.28468008  0.51194527
  0.70301486  0.85328439]
localization_length: 0.8781865919634816
0.8763464560989386
num_iter: 2
[-0.85418999 -0.70130854 -0.51211782 -0.283669    0.28366863  0.51210707
  0.70132388  0.85418577]
localization_length: 0.8813099936213745
0.8809869127769834
W_list: [3.8000000000000003]
L_list: [0.8787172858562295]
