[-2.41421356 -1.         -1.         -0.41421356  0.41421356  1.
  1.          2.41421356]
W: 3.6
num_iter: 0
[-0.85303395 -0.82604752 -0.79732262 -0.76509804 -0.73114712 -0.69450439
 -0.65482335 -0.61205909 -0.5668307  -0.51854884 -0.46734156 -0.41210759
 -0.35218967 -0.28704654 -0.21303788 -0.12553211  0.12552913  0.21304047
  0.2870521   0.35219019  0.41210843  0.46733444  0.5185583   0.56682045
  0.61206416  0.654821    0.69450337  0.73114856  0.7651017   0.79732011
  0.82604081  0.85303774]
localization_length: 0.4978923862738249
0.5037449472278273
W_list: [3.6]
L_list: [0.5037449472278273]
[-2.41421356 -1.         -1.         -0.41421356  0.41421356  1.
  1.          2.41421356]
W: 3.6
num_iter: 0
[-0.85302283 -0.82519632 -0.79646856 -0.76456792 -0.73064697 -0.69399661
 -0.6548522  -0.61249689 -0.56707078 -0.51898647 -0.46665034 -0.41184985
 -0.35211063 -0.28699498 -0.21313075 -0.12529976  0.12530536  0.21313242
  0.28698884  0.35211592  0.4118508   0.4666797   0.51895698  0.56709487
  0.61247967  0.65484949  0.6939965   0.73063799  0.76457481  0.79646862
  0.8251931   0.85301679]
localization_length: 0.49880380954194065
0.49775114515681634
W_list: [3.6]
L_list: [0.49775114515681634]
