Norm difference: 1.0
Norm difference: 1.0
1 1
1 2
2 1
2 2
1 1
1 2
2 1
2 2
1 1
1 2
2 1
2 2
1 1
1 2
2 1
2 2
1 1
1 2
2 1
2 2
1 1
1 2
2 1
2 2
1 1
1 2
2 1
2 2
1 1
1 2
2 1
2 2
1 1
1 2
2 1
2 2
1 1
1 2
2 1
2 2
1 1
1 2
2 1
2 2
1 1
1 2
2 1
2 2
1 1
1 2
2 1
2 2
1 1
1 2
2 1
2 2
1 1
1 2
2 1
2 2
1 1
1 2
2 1
2 2
1 1
1 2
2 1
2 2
1 1
1 2
2 1
2 2
1 1
1 2
2 1
2 2
1 1
1 2
2 1
2 2
1 1 1 0.009819220521473786
1 2 1 0.011323053254413285
2 1 1 0.012373848360103381
2 2 1 0.014055774194587992
1 1 2 0.011692879728933226
1 2 2 0.013825502414312968
2 1 2 0.011621980779795957
2 2 2 0.010880714484557375
1 1 3 0.009353006258919732
1 2 3 0.01281486942639673
2 1 3 0.011666555577352003
2 2 3 0.012663012336624063
1 1 4 0.009687802572715488
1 2 4 0.011523151974835602
2 1 4 0.010026233145562648
2 2 4 0.011709417401429823
1 1 5 0.011224358809538296
1 2 5 0.011596667122877314
2 1 5 0.010395923190654154
2 2 5 0.013205510645529217
1 1 6 0.007179303194406715
1 2 6 0.009946649377558021
2 1 6 0.009846512531140862
2 2 6 0.012903413615507347
1 1 7 0.01096429020397656
1 2 7 0.011609732254086371
2 1 7 0.011427982813471583
2 2 7 0.01182270051392063
1 1 8 0.00770216855452375
1 2 8 0.009266975605707226
2 1 8 0.00718022301559586
2 2 8 0.010770633197035445
1 1 9 0.008872253745433451
1 2 9 0.010741205315764224
2 1 9 0.0073510028523672945
2 2 9 0.01143755328650082
1 1 10 0.007718625337256463
1 2 10 0.009127753920216761
2 1 10 0.007578798958626866
2 2 10 0.007763458761421445
1 1 11 0.00629669911486927
1 2 11 0.009998919650127138
2 1 11 0.006112719653376523
2 2 11 0.007641470721572863
1 1 12 0.006145531426086004
1 2 12 0.007642568947965354
2 1 12 0.005772621850980323
2 2 12 0.00679021621340751
1 1 13 0.004715703075053579
1 2 13 0.008297892524663356
2 1 13 0.005513064915526439
2 2 13 0.007459123577151816
1 1 14 0.005749728965806822
1 2 14 0.005266338198397542
2 1 14 0.004110435492512542
2 2 14 0.005918478386752427
1 1 15 0.005208445381107944
1 2 15 0.0060091603510982325
2 1 15 0.00505882252857075
2 2 15 0.006618935707846876
1 1 16 0.003890227971282955
1 2 16 0.005389841628521299
2 1 16 0.004864279848830907
2 2 16 0.004901350851407908
1 1 17 0.0043483254107414045
1 2 17 0.005986336600038354
2 1 17 0.0033048811245201216
2 2 17 0.005672993139676707
1 1 18 0.0025147907569795344
1 2 18 0.005607250241397294
2 1 18 0.002041767690575726
2 2 18 0.005092183872023118
1 1 19 0.00296365000218879
1 2 19 0.005018692848220015
2 1 19 0.0029752092623438675
2 2 19 0.00395470976679394
1 1 20 0.0025370467614183635
1 2 20 0.002846364904271019
2 1 20 0.0023054607085167644
2 2 20 0.0026825753345080658
