Norm difference: 1.0
Norm difference: 1.0
1 1
1 2
2 1
2 2
1 1
1 2
2 1
2 2
1 1
1 2
2 1
2 2
1 1
1 2
2 1
2 2
1 1
1 2
2 1
2 2
1 1
1 2
2 1
2 2
1 1
1 2
2 1
2 2
1 1
1 2
2 1
2 2
1 1
1 2
2 1
2 2
1 1
1 2
2 1
2 2
1 1
1 2
2 1
2 2
1 1
1 2
2 1
2 2
1 1
1 2
2 1
2 2
1 1
1 2
2 1
2 2
1 1
1 2
2 1
2 2
1 1
1 2
2 1
2 2
1 1
1 2
2 1
2 2
1 1
1 2
2 1
2 2
1 1
1 2
2 1
2 2
1 1
1 2
2 1
2 2
1 1 1 0.012695742096774223
1 2 1 0.012306997765465207
2 1 1 0.017377737466035638
2 2 1 0.009330172978209273
1 1 2 0.0064387885158507865
1 2 2 0.011991800802966638
2 1 2 0.013364359124346461
2 2 2 0.012409711648171312
1 1 3 0.007733467038071226
1 2 3 0.010833304573309756
2 1 3 0.009683869936153826
2 2 3 0.009663216034401925
1 1 4 0.007607233010775131
1 2 4 0.011452964161628568
2 1 4 0.007142389762575735
2 2 4 0.007151705096745567
1 1 5 0.008056522145274813
1 2 5 0.004182772764204934
2 1 5 0.0053151940806525294
2 2 5 0.009282717297004571
1 1 6 0.004951341354477509
1 2 6 0.0030887585260327734
2 1 6 0.007271243685191407
2 2 6 0.00492174730184967
1 1 7 0.003372152116901988
1 2 7 0.0018511143409048092
2 1 7 0.005334610762144304
2 2 7 0.0026302474043840753
1 1 8 0.0029621168064867765
1 2 8 0.0027626316341560837
2 1 8 0.002064391872415634
2 2 8 0.0013458609617165503
1 1 9 0.00206325966006955
1 2 9 0.0021413538828346885
2 1 9 0.002070358095673558
2 2 9 0.00203097482145716
1 1 10 0.001481967063474535
1 2 10 0.0012979709832278757
2 1 10 0.0019144789251812923
2 2 10 0.0016168308766689545
1 1 11 0.0011830072362099553
1 2 11 0.0008175208519108645
2 1 11 0.0012117829596338572
2 2 11 0.0013471335433828456
1 1 12 0.0008295544131889668
1 2 12 0.0007156680910499491
2 1 12 0.0009240442940653653
2 2 12 0.0007765593262724079
1 1 13 0.000634017625677551
1 2 13 0.0008378047873673336
2 1 13 0.0009628076050409124
2 2 13 0.0005379621300843042
1 1 14 0.0005986408387218145
1 2 14 0.0005266633752531129
2 1 14 0.0006371478532224029
2 2 14 0.0006548577636354623
1 1 15 0.0005902242172211019
1 2 15 0.0004976304774516737
2 1 15 0.0006829385524578217
2 2 15 0.0006381730282071503
1 1 16 0.0005972290879552926
1 2 16 0.0005306356720307049
2 1 16 0.0008438641093987731
2 2 16 0.0005689391481869066
1 1 17 0.0009161994299297888
1 2 17 0.000542128698874065
2 1 17 0.00045319935304016584
2 2 17 0.0005233586319801945
1 1 18 0.000773642415698932
1 2 18 0.00046264263183799293
2 1 18 0.0008153609246544085
2 2 18 0.0006126795886662533
1 1 19 0.0006549065714576008
1 2 19 0.0006183330981585596
2 1 19 0.0007006128574294736
2 2 19 0.0004971887422084772
1 1 20 0.0005194249595740924
1 2 20 0.0006614120664749067
2 1 20 0.0007873659364785408
2 2 20 0.0005694600807679449
