Norm difference: 1.0000000000000002
Norm difference: 1.0
1 1
1 2
1 3
2 1
2 2
2 3
3 1
3 2
3 3
1 1
1 2
1 3
2 1
2 2
2 3
3 1
3 2
3 3
1 1
1 2
1 3
2 1
2 2
2 3
3 1
3 2
3 3
1 1
1 2
1 3
2 1
2 2
2 3
3 1
3 2
3 3
1 1
1 2
1 3
2 1
2 2
2 3
3 1
3 2
3 3
1 1
1 2
1 3
2 1
2 2
2 3
3 1
3 2
3 3
1 1
1 2
1 3
2 1
2 2
2 3
3 1
3 2
3 3
1 1
1 2
1 3
2 1
2 2
2 3
3 1
3 2
3 3
1 1
1 2
1 3
2 1
2 2
2 3
3 1
3 2
3 3
1 1
1 2
1 3
2 1
2 2
2 3
3 1
3 2
3 3
1 1
1 2
1 3
2 1
2 2
2 3
3 1
3 2
3 3
1 1
1 2
1 3
2 1
2 2
2 3
3 1
3 2
3 3
1 1
1 2
1 3
2 1
2 2
2 3
3 1
3 2
3 3
1 1
1 2
1 3
2 1
2 2
2 3
3 1
3 2
3 3
1 1
1 2
1 3
2 1
2 2
2 3
3 1
3 2
3 3
1 1
1 2
1 3
2 1
2 2
2 3
3 1
3 2
3 3
1 1
1 2
1 3
2 1
2 2
2 3
3 1
3 2
3 3
1 1
1 2
1 3
2 1
2 2
2 3
3 1
3 2
3 3
1 1
1 2
1 3
2 1
2 2
2 3
3 1
3 2
3 3
1 1
1 2
1 3
2 1
2 2
2 3
3 1
3 2
3 3
1 1 1 0.005585702159669732
1 2 1 0.004906487804687188
1 3 1 0.004277840969204012
2 1 1 0.004898077818412583
2 2 1 0.005147351848278467
2 3 1 0.004846325008981157
3 1 1 0.004433321003407236
3 2 1 0.005956624588181184
3 3 1 0.005918246986749723
1 1 2 0.004943420349946355
1 2 2 0.004484613557267508
1 3 2 0.006241497355254816
2 1 2 0.006546547372363175
2 2 2 0.00652535391722666
2 3 2 0.0056036958811383885
3 1 2 0.005148881084271545
3 2 2 0.005842368713973858
3 3 2 0.005472360381869515
1 1 3 0.004682268690030111
1 2 3 0.005870908031084346
1 3 3 0.00550444483867799
2 1 3 0.005915919903512276
2 2 3 0.006976981138167896
2 3 3 0.006654852671975552
3 1 3 0.005725257307909757
3 2 3 0.006808109399331375
3 3 3 0.005163588963407325
1 1 4 0.00455535692056345
1 2 4 0.005674207215783156
1 3 4 0.005471501149787295
2 1 4 0.0068298173099291554
2 2 4 0.008757819271499065
2 3 4 0.006827425461356351
3 1 4 0.006958394971240787
3 2 4 0.005686253938856789
3 3 4 0.004816913252570273
1 1 5 0.006112258002488674
1 2 5 0.006560049380805552
1 3 5 0.005011744791276895
2 1 5 0.007918635035922697
2 2 5 0.005970643286899287
2 3 5 0.004977026053615753
3 1 5 0.006578162389753994
3 2 5 0.006665750215611649
3 3 5 0.005130683975238541
1 1 6 0.0057501309425894345
1 2 6 0.004728424936886721
1 3 6 0.004932347139081113
2 1 6 0.006840529017406232
2 2 6 0.006146501530833442
2 3 6 0.005914711337865261
3 1 6 0.006346189515836898
3 2 6 0.0044715157779263255
3 3 6 0.0058343350864176365
1 1 7 0.006315602044775298
1 2 7 0.005552566206050202
1 3 7 0.005611535376214895
2 1 7 0.007814540420155938
2 2 7 0.007598781799811216
2 3 7 0.00756310759347896
3 1 7 0.008182980447558788
3 2 7 0.007094022899833849
3 3 7 0.005031963602322083
1 1 8 0.0056193718283607625
1 2 8 0.007572891429214185
1 3 8 0.0064903029996808675
2 1 8 0.008255258628692414
2 2 8 0.008796258497755961
2 3 8 0.007889227823853854
3 1 8 0.006768420708871391
3 2 8 0.005824485657673852
3 3 8 0.008263880317403124
1 1 9 0.006529006721434141
1 2 9 0.0067670808762491375
1 3 9 0.006646189431657089
2 1 9 0.008390229922863309
2 2 9 0.006514716475485236
2 3 9 0.008769881622567388
3 1 9 0.006212743565881046
3 2 9 0.00840616366728077
3 3 9 0.007857928773790103
1 1 10 0.007350917957971779
1 2 10 0.005162510982572783
1 3 10 0.00706581681090211
2 1 10 0.007069404821571511
2 2 10 0.007531983366881846
2 3 10 0.007512236871215013
3 1 10 0.0062419705464689754
3 2 10 0.006284847542138488
3 3 10 0.0068893883199098475
1 1 11 0.0063241632673575136
1 2 11 0.007097605630260488
1 3 11 0.00794254137822139
2 1 11 0.0066052970698951465
2 2 11 0.006744662685678129
2 3 11 0.00871277685498819
3 1 11 0.00563819834152521
3 2 11 0.007048504494023294
3 3 11 0.007346281662733889
1 1 12 0.006152578177460578
1 2 12 0.0071432715044336195
1 3 12 0.007726463658201586
2 1 12 0.006794591425140252
2 2 12 0.006375618312205759
2 3 12 0.007644812380054061
3 1 12 0.006478543950858463
3 2 12 0.0056584253964489205
3 3 12 0.006838553122770147
1 1 13 0.0059625493328887315
1 2 13 0.00777634376575965
1 3 13 0.006887169216064795
2 1 13 0.006793212002709029
2 2 13 0.005695758520109375
2 3 13 0.007507151851146915
3 1 13 0.007158730348320648
3 2 13 0.004865531983209028
3 3 13 0.006307890164297575
1 1 14 0.005698349974821597
1 2 14 0.004877461654637835
1 3 14 0.006577525254506072
2 1 14 0.006264631683351474
2 2 14 0.005911813973359112
2 3 14 0.006859293079558496
3 1 14 0.0063687220713978835
3 2 14 0.005023044329724109
3 3 14 0.006521020422694546
1 1 15 0.005360754054270444
1 2 15 0.005885331643089025
1 3 15 0.006175114092702426
2 1 15 0.005583936201353779
2 2 15 0.005136862836781328
2 3 15 0.007276539061113499
3 1 15 0.006289266124630199
3 2 15 0.0058587053363365355
3 3 15 0.00628875516937856
1 1 16 0.005777125826966632
1 2 16 0.004422036056733111
1 3 16 0.005358602993201048
2 1 16 0.0056864692071407815
2 2 16 0.0052169344619372475
2 3 16 0.006325078030387602
3 1 16 0.0056872785126779865
3 2 16 0.005556352007782871
3 3 16 0.007310640087368229
1 1 17 0.006566166578405237
1 2 17 0.0038591108794392933
1 3 17 0.0049645719728554
2 1 17 0.00559271355756947
2 2 17 0.003174560137833763
2 3 17 0.005268192098656724
3 1 17 0.004728253978779757
3 2 17 0.005038676161109047
3 3 17 0.0063352144684933704
1 1 18 0.005566220943744795
1 2 18 0.0036194413482171263
1 3 18 0.005402602272809314
2 1 18 0.005992119490365258
2 2 18 0.003233414517749225
2 3 18 0.0058816718573109165
3 1 18 0.005954979404990733
3 2 18 0.0036771014022861015
3 3 18 0.005476284202420529
1 1 19 0.004929737608758098
1 2 19 0.004784834975609333
1 3 19 0.005328596814164565
2 1 19 0.0045669368429511045
2 2 19 0.0042410013455377975
2 3 19 0.00571629609028384
3 1 19 0.004700254975003269
3 2 19 0.0035920211199663697
3 3 19 0.005287533066180275
1 1 20 0.0045629893113104895
1 2 20 0.0034783716268867045
1 3 20 0.004635352221300494
2 1 20 0.0047694302304203875
2 2 20 0.0035611445672012526
2 3 20 0.004585384388148617
3 1 20 0.005318984991639532
3 2 20 0.00382281670802966
3 3 20 0.0046696401569402
