W: 2.2
num_iter: 0
[-1.17790563 -1.17790563 -1.16753525 -1.16753525 -1.15653017 -1.15653017
 -1.14407262 -1.14407262 -1.12984891 -1.12984891 -1.11412418 -1.11412418
 -1.0965505  -1.0965505  -1.07698107 -1.07698107 -1.05475954 -1.05475954
 -1.0304959  -1.0304959  -1.0036833  -1.0036833  -0.97379737 -0.97379737
 -0.94128045 -0.94128045 -0.90581847 -0.90581847 -0.86692844 -0.86692844
 -0.82504894 -0.82504894 -0.78069992 -0.78069992 -0.73356898 -0.73356898
 -0.68390344 -0.68390344 -0.63354801 -0.63354801 -0.58170377 -0.58170377
 -0.53007672 -0.53007672 -0.47843692 -0.47843692 -0.42804983 -0.42804983
 -0.37765077 -0.37765077 -0.32867905 -0.32867905 -0.27977525 -0.27977525
 -0.23142559 -0.23142559 -0.18285441 -0.18285441 -0.13416433 -0.13416433
 -0.0849542  -0.0849542  -0.02891523 -0.02891523  0.02891615  0.02891615
  0.08495899  0.08495899  0.13416148  0.13416148  0.18285108  0.18285108
  0.23142357  0.23142357  0.2797759   0.2797759   0.32867935  0.32867935
  0.3776554   0.3776554   0.42805552  0.42805552  0.47843391  0.47843391
  0.53007539  0.53007539  0.58170133  0.58170133  0.6335415   0.6335415
  0.68389797  0.68389797  0.73357227  0.73357227  0.78070678  0.78070678
  0.82504887  0.82504887  0.86692698  0.86692698  0.90582003  0.90582003
  0.94128312  0.94128312  0.97379984  0.97379984  1.00367881  1.00367881
  1.03049595  1.03049595  1.05475784  1.05475784  1.07697982  1.07697982
  1.09655383  1.09655383  1.11412055  1.11412055  1.1298597   1.1298597
  1.14406809  1.14406809  1.15652705  1.15652705  1.16753484  1.16753484
  1.17790525  1.17790525]
localization_length: 1.080745358351531
1.0874949922939174
W_list: [2.2]
L_list: [34.79983975340536]
