W: 2.2
num_iter: 0
[-1.17330257 -1.17330257 -1.15080104 -1.15080104 -1.12283184 -1.12283184
 -1.08726855 -1.08726855 -1.04356509 -1.04356509 -0.98993225 -0.98993225
 -0.92499924 -0.92499924 -0.84697751 -0.84697751 -0.75768521 -0.75768521
 -0.65927281 -0.65927281 -0.55575749 -0.55575749 -0.45311322 -0.45311322
 -0.35227389 -0.35227389 -0.25496831 -0.25496831 -0.15740217 -0.15740217
 -0.05053168 -0.05053168  0.05053533  0.05053533  0.1574004   0.1574004
  0.25496399  0.25496399  0.35226716  0.35226716  0.45311426  0.45311426
  0.55575729  0.55575729  0.65927476  0.65927476  0.7576879   0.7576879
  0.84697951  0.84697951  0.92499954  0.92499954  0.98993092  0.98993092
  1.04356828  1.04356828  1.08726891  1.08726891  1.12282837  1.12282837
  1.15080492  1.15080492  1.17330135  1.17330135]
localization_length: 1.2368479019374967
1.2202949136864125
W_list: [2.2]
L_list: [19.5247186189826]
