W: 3.4000000000000004
num_iter: 0
[-0.87495335 -0.87495335 -0.85460584 -0.85460584 -0.83010179 -0.83010179
 -0.80076895 -0.80076895 -0.76717553 -0.76717553 -0.72966644 -0.72966644
 -0.68724887 -0.68724887 -0.64002528 -0.64002528 -0.58760085 -0.58760085
 -0.52949086 -0.52949086 -0.46584164 -0.46584164 -0.39505094 -0.39505094
 -0.31895491 -0.31895491 -0.23581236 -0.23581236 -0.14711821 -0.14711821
 -0.04575752 -0.04575752  0.04575997  0.04575997  0.14711472  0.14711472
  0.23580788  0.23580788  0.3189507   0.3189507   0.39505102  0.39505102
  0.46584073  0.46584073  0.52949437  0.52949437  0.58759886  0.58759886
  0.64001978  0.64001978  0.68725085  0.68725085  0.72966445  0.72966445
  0.76717368  0.76717368  0.80077495  0.80077495  0.83010399  0.83010399
  0.85461632  0.85461632  0.87495105  0.87495105]
localization_length: 1.3658957294184475
1.355637225502984
W_list: [3.4000000000000004]
L_list: [21.690195608047745]
