W: 4.0
num_iter: 0
[-0.97653801 -0.97653801 -0.95527104 -0.95527104 -0.92984443 -0.92984443
 -0.90034004 -0.90034004 -0.86620627 -0.86620627 -0.82802368 -0.82802368
 -0.78457239 -0.78457239 -0.73619195 -0.73619195 -0.68146075 -0.68146075
 -0.62099271 -0.62099271 -0.55294735 -0.55294735 -0.47755596 -0.47755596
 -0.39297401 -0.39297401 -0.30079592 -0.30079592 -0.19989334 -0.19989334
 -0.07987765 -0.07987765  0.07988074  0.07988074  0.19989269  0.19989269
  0.30080203  0.30080203  0.39297446  0.39297446  0.47755231  0.47755231
  0.55294445  0.55294445  0.62098741  0.62098741  0.68146015  0.68146015
  0.73619287  0.73619287  0.78457618  0.78457618  0.82801993  0.82801993
  0.86621021  0.86621021  0.90034051  0.90034051  0.92984781  0.92984781
  0.95526637  0.95526637  0.97653739  0.97653739]
localization_length: 0.782446659782547
0.7850350808171915
W_list: [4.0]
L_list: [12.560561293075065]
