Norm difference: 1.0
Norm difference: 1.0
1 1
1 2
1 3
2 1
2 2
2 3
3 1
3 2
3 3
1 1
1 2
1 3
2 1
2 2
2 3
3 1
3 2
3 3
1 1
1 2
1 3
2 1
2 2
2 3
3 1
3 2
3 3
1 1
1 2
1 3
2 1
2 2
2 3
3 1
3 2
3 3
1 1
1 2
1 3
2 1
2 2
2 3
3 1
3 2
3 3
1 1
1 2
1 3
2 1
2 2
2 3
3 1
3 2
3 3
1 1
1 2
1 3
2 1
2 2
2 3
3 1
3 2
3 3
1 1
1 2
1 3
2 1
2 2
2 3
3 1
3 2
3 3
1 1
1 2
1 3
2 1
2 2
2 3
3 1
3 2
3 3
1 1
1 2
1 3
2 1
2 2
2 3
3 1
3 2
3 3
1 1
1 2
1 3
2 1
2 2
2 3
3 1
3 2
3 3
1 1
1 2
1 3
2 1
2 2
2 3
3 1
3 2
3 3
1 1
1 2
1 3
2 1
2 2
2 3
3 1
3 2
3 3
1 1
1 2
1 3
2 1
2 2
2 3
3 1
3 2
3 3
1 1
1 2
1 3
2 1
2 2
2 3
3 1
3 2
3 3
1 1
1 2
1 3
2 1
2 2
2 3
3 1
3 2
3 3
1 1
1 2
1 3
2 1
2 2
2 3
3 1
3 2
3 3
1 1
1 2
1 3
2 1
2 2
2 3
3 1
3 2
3 3
1 1
1 2
1 3
2 1
2 2
2 3
3 1
3 2
3 3
1 1
1 2
1 3
2 1
2 2
2 3
3 1
3 2
3 3
1 1 1 0.0007509741378386448
1 2 1 0.0007986803466672659
1 3 1 0.000729140481111385
2 1 1 0.000603596703620167
2 2 1 0.0006282939342703963
2 3 1 0.0006829547501762595
3 1 1 0.0007745696136591485
3 2 1 0.0006260304779481515
3 3 1 0.0004754551464618784
1 1 2 0.0010292449721111866
1 2 2 0.0009238214675841908
1 3 2 0.0007952338605608912
2 1 2 0.0010261374051324867
2 2 2 0.0012739677862836374
2 3 2 0.0012391654282111466
3 1 2 0.0009313324157620578
3 2 2 0.001258076026445721
3 3 2 0.0011570979495782144
1 1 3 0.0011747948497941106
1 2 3 0.0011992282899690324
1 3 3 0.0008694364120002494
2 1 3 0.000992558670997349
2 2 3 0.00120284293583153
2 3 3 0.0007901838194039716
3 1 3 0.0010791871124883625
3 2 3 0.0012215308266186001
3 3 3 0.0009726616314613228
1 1 4 0.0008306007057008091
1 2 4 0.0008733144383983458
1 3 4 0.0006815052121670005
2 1 4 0.0009486248895985028
2 2 4 0.0011826375495324296
2 3 4 0.001136674850709353
3 1 4 0.0010180905277220411
3 2 4 0.0009805584097055927
3 3 4 0.0010893147088553328
1 1 5 0.001213526658808421
1 2 5 0.0017741741043184871
1 3 5 0.0012628733354471254
2 1 5 0.0014027037702776092
2 2 5 0.0020677549152506225
2 3 5 0.0010641890097645844
3 1 5 0.001655268339206941
3 2 5 0.0020850649526676862
3 3 5 0.0008575874983811323
1 1 6 0.0008725661084264579
1 2 6 0.0010143961422366583
1 3 6 0.0008652121518936473
2 1 6 0.00106110915983054
2 2 6 0.0013022496895844287
2 3 6 0.0012574788720466498
3 1 6 0.001178407783213332
3 2 6 0.0011715125192324066
3 3 6 0.0013941745175125228
1 1 7 0.001461685484692595
1 2 7 0.0018037217282715888
1 3 7 0.00156037520797915
2 1 7 0.0017760718683483008
2 2 7 0.002732759068241015
2 3 7 0.0021192877748081296
3 1 7 0.0017276666452375696
3 2 7 0.0024652855099630048
3 3 7 0.0018438762976219515
1 1 8 0.0016202474831603683
1 2 8 0.0015317361523831177
1 3 8 0.001582855346506235
2 1 8 0.0007209833943210576
2 2 8 0.001180134129180451
2 3 8 0.0015745786282087347
3 1 8 0.0009796300665234263
3 2 8 0.0014317618220784883
3 3 8 0.0012474604880563101
1 1 9 0.0015056636827335444
1 2 9 0.002218753245407787
1 3 9 0.0016317837263063275
2 1 9 0.0018069923865897315
2 2 9 0.003576218096834721
2 3 9 0.0018921455817227154
3 1 9 0.0014232941663180024
3 2 9 0.0030568083257089063
3 3 9 0.0019810606849890436
1 1 10 0.0019492684644224559
1 2 10 0.002422699378374689
1 3 10 0.0016166456568045997
2 1 10 0.0016855383368018129
2 2 10 0.0015606821188814232
2 3 10 0.001878034358859942
3 1 10 0.0013857136675294174
3 2 10 0.0009831423181557775
3 3 10 0.001429837397570155
1 1 11 0.0014610521563148521
1 2 11 0.001955240802500519
1 3 11 0.0016259747825711965
2 1 11 0.0017431364124389915
2 2 11 0.0027174354453319348
2 3 11 0.0023493050415584996
3 1 11 0.0014800480300734599
3 2 11 0.0024535565110246167
3 3 11 0.0018879399729530848
1 1 12 0.0019980948523419854
1 2 12 0.0026308621891960775
1 3 12 0.001808333444784782
2 1 12 0.0017125726025580188
2 2 12 0.002141099021541924
2 3 12 0.0013643031038021102
3 1 12 0.0015471422290623071
3 2 12 0.0016059209313882181
3 3 12 0.001526563583191505
1 1 13 0.0014192207708752284
1 2 13 0.002171878212168633
1 3 13 0.0018032170185120564
2 1 13 0.0012525623917924334
2 2 13 0.002881253441623384
2 3 13 0.0019754490354709077
3 1 13 0.0013028953673810423
3 2 13 0.002375657642950492
3 3 13 0.0019036967323827942
1 1 14 0.0010419561649160445
1 2 14 0.002397595689626498
1 3 14 0.002239408125937205
2 1 14 0.0022012060589203537
2 2 14 0.0020979656188508462
2 3 14 0.0019039741004526674
3 1 14 0.0020269497510581316
3 2 14 0.0020390046293467553
3 3 14 0.0010546756063857098
1 1 15 0.0016910778697044333
1 2 15 0.002237867956680251
1 3 15 0.0017420007274323314
2 1 15 0.0014096519016996106
2 2 15 0.002354286186388876
2 3 15 0.0017479059791046547
3 1 15 0.0011659513713060993
3 2 15 0.0021948402886417615
3 3 15 0.0014177553874144423
1 1 16 0.0013565670229759136
1 2 16 0.0022013829613115933
1 3 16 0.0012798630877670684
2 1 16 0.0017761985103059933
2 2 16 0.0026079817352258165
2 3 16 0.0011966343843041586
3 1 16 0.0020081982353677796
3 2 16 0.0022341321199615583
3 3 16 0.0015797880435976495
1 1 17 0.0019117536710190658
1 2 17 0.002030285796178843
1 3 17 0.001427375246895473
2 1 17 0.0018156951250345704
2 2 17 0.002275783395225367
2 3 17 0.0018019328570310171
3 1 17 0.0012204541972325451
3 2 17 0.002097623724563129
3 3 17 0.0015843106871483198
1 1 18 0.0022340108997164166
1 2 18 0.0018689503784053555
1 3 18 0.001421109889530679
2 1 18 0.002765905848227338
2 2 18 0.002065767977242084
2 3 18 0.0016935680991654206
3 1 18 0.002328568089424337
3 2 18 0.0022356882805730912
3 3 18 0.001581689967569129
1 1 19 0.0015394485417020306
1 2 19 0.0021163994627085804
1 3 19 0.0016054574265620607
2 1 19 0.0014573507518602512
2 2 19 0.001935003311451736
2 3 19 0.0016272307854377128
3 1 19 0.0015648425840982094
3 2 19 0.0017744465020249091
3 3 19 0.001612967544512486
1 1 20 0.001859590722969948
1 2 20 0.002333719541434077
1 3 20 0.001455714169997782
2 1 20 0.0027693053932084854
2 2 20 0.0026161993898017387
2 3 20 0.0014482609351284246
3 1 20 0.0028498345228418175
3 2 20 0.002175686647353154
3 3 20 0.0011975076752217188
