Norm difference: 1.0
Norm difference: 0.9999999999999999
1 1
1 2
1 3
2 1
2 2
2 3
3 1
3 2
3 3
1 1
1 2
1 3
2 1
2 2
2 3
3 1
3 2
3 3
1 1
1 2
1 3
2 1
2 2
2 3
3 1
3 2
3 3
1 1
1 2
1 3
2 1
2 2
2 3
3 1
3 2
3 3
1 1
1 2
1 3
2 1
2 2
2 3
3 1
3 2
3 3
1 1
1 2
1 3
2 1
2 2
2 3
3 1
3 2
3 3
1 1
1 2
1 3
2 1
2 2
2 3
3 1
3 2
3 3
1 1
1 2
1 3
2 1
2 2
2 3
3 1
3 2
3 3
1 1
1 2
1 3
2 1
2 2
2 3
3 1
3 2
3 3
1 1
1 2
1 3
2 1
2 2
2 3
3 1
3 2
3 3
1 1
1 2
1 3
2 1
2 2
2 3
3 1
3 2
3 3
1 1
1 2
1 3
2 1
2 2
2 3
3 1
3 2
3 3
1 1
1 2
1 3
2 1
2 2
2 3
3 1
3 2
3 3
1 1
1 2
1 3
2 1
2 2
2 3
3 1
3 2
3 3
1 1
1 2
1 3
2 1
2 2
2 3
3 1
3 2
3 3
1 1
1 2
1 3
2 1
2 2
2 3
3 1
3 2
3 3
1 1
1 2
1 3
2 1
2 2
2 3
3 1
3 2
3 3
1 1
1 2
1 3
2 1
2 2
2 3
3 1
3 2
3 3
1 1
1 2
1 3
2 1
2 2
2 3
3 1
3 2
3 3
1 1
1 2
1 3
2 1
2 2
2 3
3 1
3 2
3 3
1 1 1 0.004466644505629969
1 2 1 0.006545322684196416
1 3 1 0.005193974207476184
2 1 1 0.005820389360596893
2 2 1 0.005600522329646107
2 3 1 0.006342974004466306
3 1 1 0.004821227154864413
3 2 1 0.005603720227250988
3 3 1 0.005188396239139051
1 1 2 0.006560441743260323
1 2 2 0.006273078698980969
1 3 2 0.0057494747585239495
2 1 2 0.007239698353844212
2 2 2 0.006624308228430062
2 3 2 0.00482442458717037
3 1 2 0.005043775538344295
3 2 2 0.005706508999681997
3 3 2 0.005471505596138177
1 1 3 0.006921440971848764
1 2 3 0.00604206085473047
1 3 3 0.005530181657613257
2 1 3 0.005621919204297666
2 2 3 0.006684489429652746
2 3 3 0.006409741904321464
3 1 3 0.005941270405424396
3 2 3 0.005671408983901708
3 3 3 0.004856035061578124
1 1 4 0.005083862283299284
1 2 4 0.007657519046492878
1 3 4 0.007502375080256673
2 1 4 0.00656785522349716
2 2 4 0.008113926704941713
2 3 4 0.007505057359928569
3 1 4 0.006708174806762763
3 2 4 0.007000729097513074
3 3 4 0.004829867125701478
1 1 5 0.0050999066895772455
1 2 5 0.0066286730099727135
1 3 5 0.007022038197864201
2 1 5 0.006120636760411106
2 2 5 0.006720839368684015
2 3 5 0.008070814777247595
3 1 5 0.005230545771679874
3 2 5 0.007213172088121625
3 3 5 0.0077149586236494065
1 1 6 0.006683164029856822
1 2 6 0.00636614493833908
1 3 6 0.006466709265176579
2 1 6 0.0065915486962303625
2 2 6 0.00876333136492536
2 3 6 0.007301944638495618
3 1 6 0.006622761484805502
3 2 6 0.006693752887286665
3 3 6 0.00735078775333565
1 1 7 0.005719637414368183
1 2 7 0.00752711911498209
1 3 7 0.0069049188547836956
2 1 7 0.006243518535441032
2 2 7 0.007462149003350849
2 3 7 0.007557943539337109
3 1 7 0.005324016071044378
3 2 7 0.005688836404103859
3 3 7 0.008379661912139532
1 1 8 0.005661167152270171
1 2 8 0.007270616982973929
1 3 8 0.00810827791221198
2 1 8 0.00807678129447004
2 2 8 0.007990259328074017
2 3 8 0.009892113517324986
3 1 8 0.005236439556219281
3 2 8 0.007208905998903867
3 3 8 0.0080405595101503
1 1 9 0.007798606670982938
1 2 9 0.0045945076406773725
1 3 9 0.008924079359380407
2 1 9 0.009018219274350018
2 2 9 0.00751636671410044
2 3 9 0.00907573932233044
3 1 9 0.006562034238764278
3 2 9 0.008054145288152957
3 3 9 0.008583461933059625
1 1 10 0.006267775923279742
1 2 10 0.006496621695408877
1 3 10 0.008337953670479833
2 1 10 0.008518098887167664
2 2 10 0.008408109251230913
2 3 10 0.010744412840035831
3 1 10 0.008680727163360729
3 2 10 0.005023438413237267
3 3 10 0.009215580707998041
1 1 11 0.005010864178827013
1 2 11 0.006613263962795925
1 3 11 0.00879535365991643
2 1 11 0.010924035223139072
2 2 11 0.007371457242261567
2 3 11 0.009816620212115323
3 1 11 0.009595855699121374
3 2 11 0.007275172446732456
3 3 11 0.007206262882502729
1 1 12 0.007034083380881953
1 2 12 0.005079083294981668
1 3 12 0.006642524229021583
2 1 12 0.008152841485328775
2 2 12 0.008503798417394019
2 3 12 0.009566749649143731
3 1 12 0.0074628839536973425
3 2 12 0.006653488012548626
3 3 12 0.008503224489328266
1 1 13 0.006670518410383981
1 2 13 0.005343098789765798
1 3 13 0.007281194900505716
2 1 13 0.00786935932506232
2 2 13 0.007960519840795242
2 3 13 0.011134885707998733
3 1 13 0.008886794233508173
3 2 13 0.005924334013811043
3 3 13 0.00821572620498997
1 1 14 0.007537693324311023
1 2 14 0.006027644029021418
1 3 14 0.007309771397192319
2 1 14 0.010970697443263715
2 2 14 0.006917329442547461
2 3 14 0.008940112173944675
3 1 14 0.006348218690320903
3 2 14 0.005351219283725878
3 3 14 0.008344935302625617
1 1 15 0.008066670137640616
1 2 15 0.004118107983531374
1 3 15 0.006360237391428945
2 1 15 0.008552433963252424
2 2 15 0.007465421819619603
2 3 15 0.01027693898022051
3 1 15 0.005084516061459101
3 2 15 0.006376265294662649
3 3 15 0.009180220190335249
1 1 16 0.006561458372498549
1 2 16 0.005087685090915972
1 3 16 0.006871646596933845
2 1 16 0.008272036581801917
2 2 16 0.008392473731733371
2 3 16 0.010591491510694223
3 1 16 0.006541272996663681
3 2 16 0.006219304242128223
3 3 16 0.006673986174540042
1 1 17 0.005371998162985723
1 2 17 0.005294598872923268
1 3 17 0.007478724769225521
2 1 17 0.008270365601548126
2 2 17 0.007383943763475505
2 3 17 0.009923596905967383
3 1 17 0.006575344250414952
3 2 17 0.004922711013430201
3 3 17 0.007813366500811724
1 1 18 0.005732700647443129
1 2 18 0.005199279926204891
1 3 18 0.007110083579285541
2 1 18 0.007474656173266353
2 2 18 0.007125202011683969
2 3 18 0.009930829084448844
3 1 18 0.007500582276780861
3 2 18 0.006605761727517557
3 3 18 0.006771842947999695
1 1 19 0.0047820773048586115
1 2 19 0.004774827709660897
1 3 19 0.007424605577712062
2 1 19 0.007920726103130207
2 2 19 0.00726350005654976
2 3 19 0.009867338411004348
3 1 19 0.006444336735979242
3 2 19 0.005250084676207374
3 3 19 0.007084800771488942
1 1 20 0.004830370898528338
1 2 20 0.0058692748372751
1 3 20 0.006998812535121496
2 1 20 0.007982139582255035
2 2 20 0.007084106297340959
2 3 20 0.009050301092590729
3 1 20 0.006960912801526026
3 2 20 0.005613075698033178
3 3 20 0.008129827836774038
