Norm difference: 1.0
Norm difference: 1.0
1 1
1 2
2 1
2 2
1 1
1 2
2 1
2 2
1 1
1 2
2 1
2 2
1 1
1 2
2 1
2 2
1 1
1 2
2 1
2 2
1 1
1 2
2 1
2 2
1 1
1 2
2 1
2 2
1 1
1 2
2 1
2 2
1 1
1 2
2 1
2 2
1 1
1 2
2 1
2 2
1 1
1 2
2 1
2 2
1 1
1 2
2 1
2 2
1 1
1 2
2 1
2 2
1 1
1 2
2 1
2 2
1 1
1 2
2 1
2 2
1 1
1 2
2 1
2 2
1 1
1 2
2 1
2 2
1 1
1 2
2 1
2 2
1 1
1 2
2 1
2 2
1 1
1 2
2 1
2 2
1 1 1 0.0058863419709208045
1 2 1 0.007777279226751374
2 1 1 0.00790978816685593
2 2 1 0.009565160739229344
1 1 2 0.007516258510385844
1 2 2 0.008095197794599652
2 1 2 0.005597875511098484
2 2 2 0.008234989290747952
1 1 3 0.00399001816282019
1 2 3 0.007036889951209155
2 1 3 0.007352274397929173
2 2 3 0.00768216703341377
1 1 4 0.006798600500917476
1 2 4 0.004101493186447325
2 1 4 0.006058949577037796
2 2 4 0.00598001673007419
1 1 5 0.003906226440904918
1 2 5 0.0055138347874926635
2 1 5 0.006086424884576476
2 2 5 0.004112030009627635
1 1 6 0.0045316631416027105
1 2 6 0.004362591386865336
2 1 6 0.005215972829578657
2 2 6 0.004846427133626885
1 1 7 0.0034753282749957386
1 2 7 0.003240341296653472
2 1 7 0.005162096634990725
2 2 7 0.004868261570583715
1 1 8 0.0037916673160227773
1 2 8 0.002456609035431013
2 1 8 0.004053983035786007
2 2 8 0.004372744515224127
1 1 9 0.003353875625148308
1 2 9 0.003907350849664666
2 1 9 0.0030249826755754223
2 2 9 0.00335032425904582
1 1 10 0.0028115617356288644
1 2 10 0.002462187414178578
2 1 10 0.002410653385327957
2 2 10 0.0031582682914267574
1 1 11 0.0022863207017809737
1 2 11 0.002525184089451026
2 1 11 0.00231598332814307
2 2 11 0.0018353463136840608
1 1 12 0.0014776750882025825
1 2 12 0.0014657160535528695
2 1 12 0.002392657371218277
2 2 12 0.0018264801138468882
1 1 13 0.0018887028015557653
1 2 13 0.00192671850581097
2 1 13 0.0016681380822396621
2 2 13 0.001476629710775493
1 1 14 0.0016534854109766183
1 2 14 0.0009762434811421255
2 1 14 0.0019287549693441258
2 2 14 0.0014685989112436669
1 1 15 0.0015353852521583864
1 2 15 0.0014619967383330387
2 1 15 0.0015645155604116386
2 2 15 0.0011180213344507963
1 1 16 0.0009474379157438959
1 2 16 0.000992859877744804
2 1 16 0.0010949623533547115
2 2 16 0.0015483877460339597
1 1 17 0.0013483565415521616
1 2 17 0.0010190569156656628
2 1 17 0.0010966457558832681
2 2 17 0.0012799039663811428
1 1 18 0.0008032177942659117
1 2 18 0.0009990064416014021
2 1 18 0.0010627842408620538
2 2 18 0.0009064796070227209
1 1 19 0.0007878402485041111
1 2 19 0.0010235405602199658
2 1 19 0.0006722751175650979
2 2 19 0.000856672715492159
1 1 20 0.0007418137461258442
1 2 20 0.0007100119377161866
2 1 20 0.0009267055959227269
2 2 20 0.0008363927247823768
