W: 3.0
num_iter: 0
[-0.99831485 -0.99831485 -0.93303925 -0.93303925 -0.8458024  -0.8458024
 -0.73510394 -0.73510394 -0.60542262 -0.60542262 -0.45801597 -0.45801597
 -0.29029799 -0.29029799 -0.09139486 -0.09139486  0.09139821  0.09139821
  0.29029837  0.29029837  0.45801118  0.45801118  0.60541635  0.60541635
  0.73510764  0.73510764  0.84580162  0.84580162  0.93304983  0.93304983
  0.99830866  0.99830866]
localization_length: 1.3676918246850789
1.3666495882895506
W_list: [3.0]
L_list: [10.933196706316405]
