Norm difference: 1.0
Norm difference: 1.0
1 1
1 2
2 1
2 2
1 1
1 2
2 1
2 2
1 1
1 2
2 1
2 2
1 1
1 2
2 1
2 2
1 1
1 2
2 1
2 2
1 1
1 2
2 1
2 2
1 1
1 2
2 1
2 2
1 1
1 2
2 1
2 2
1 1
1 2
2 1
2 2
1 1
1 2
2 1
2 2
1 1
1 2
2 1
2 2
1 1
1 2
2 1
2 2
1 1
1 2
2 1
2 2
1 1
1 2
2 1
2 2
1 1
1 2
2 1
2 2
1 1
1 2
2 1
2 2
1 1
1 2
2 1
2 2
1 1
1 2
2 1
2 2
1 1
1 2
2 1
2 2
1 1
1 2
2 1
2 2
1 1 1 0.011312343170303612
1 2 1 0.01507978270912357
2 1 1 0.014225078367561858
2 2 1 0.009785605465473215
1 1 2 0.013563597605774825
1 2 2 0.018226031907095104
2 1 2 0.014606178161315523
2 2 2 0.010772589659875261
1 1 3 0.011834642543731025
1 2 3 0.010143931143772423
2 1 3 0.011634097626933366
2 2 3 0.013216855831699828
1 1 4 0.015393123701547898
1 2 4 0.009913546145924598
2 1 4 0.011341328638066266
2 2 4 0.012115554123632957
1 1 5 0.007898197187778169
1 2 5 0.011257113128116693
2 1 5 0.009820223440371742
2 2 5 0.010438838796812677
1 1 6 0.009899976093854837
1 2 6 0.010549651664300174
2 1 6 0.012308389681603974
2 2 6 0.008256525175392845
1 1 7 0.007487353172308963
1 2 7 0.006914804276343961
2 1 7 0.008714093540383511
2 2 7 0.007930620562936417
1 1 8 0.009987555941394295
1 2 8 0.006470688388483752
2 1 8 0.006788841060576536
2 2 8 0.009212398300146458
1 1 9 0.00593664980464262
1 2 9 0.006100938881720077
2 1 9 0.005380519949988849
2 2 9 0.007362377760376876
1 1 10 0.005592918285417455
1 2 10 0.006831641602450565
2 1 10 0.007424628559033077
2 2 10 0.004672483644537779
1 1 11 0.003784336110535345
1 2 11 0.005675572776692547
2 1 11 0.005475110721740602
2 2 11 0.004268196454567504
1 1 12 0.00453400584773131
1 2 12 0.0037750359462121776
2 1 12 0.00337252202314292
2 2 12 0.005592866071641509
1 1 13 0.004109427672621561
1 2 13 0.00297110885632829
2 1 13 0.0030955745167613605
2 2 13 0.00366581865134026
1 1 14 0.002683345064911792
1 2 14 0.003225701157009337
2 1 14 0.003769802188536001
2 2 14 0.002588272682076083
1 1 15 0.002394947658717607
1 2 15 0.0025522339552539663
2 1 15 0.002598861508576053
2 2 15 0.0029079702501805874
1 1 16 0.002384231116997596
1 2 16 0.002035641362027105
2 1 16 0.002343794881478849
2 2 16 0.0023489835295326467
1 1 17 0.0020197418402750243
1 2 17 0.0022122993182454014
2 1 17 0.0019133612313957358
2 2 17 0.002127973710357973
1 1 18 0.0016635611319489932
1 2 18 0.0018081572662708672
2 1 18 0.001801821883900287
2 2 18 0.0016993081479515053
1 1 19 0.0012172524032307236
1 2 19 0.001730212246225053
2 1 19 0.0018534509027636694
2 2 19 0.0013670297122109353
1 1 20 0.0013262865546476029
1 2 20 0.0013252851116106721
2 1 20 0.001283123580433042
2 2 20 0.0015989288363399356
