W: 3.0
num_iter: 0
[-1.20474175 -1.20474175 -1.138725   -1.138725   -1.04613176 -1.04613176
 -0.91986059 -0.91986059 -0.76353543 -0.76353543 -0.58100907 -0.58100907
 -0.38090327 -0.38090327 -0.14547208 -0.14547208  0.14547809  0.14547809
  0.38089811  0.38089811  0.58100952  0.58100952  0.76353063  0.76353063
  0.91986236  0.91986236  1.04613548  1.04613548  1.13872587  1.13872587
  1.2047389   1.2047389 ]
localization_length: 0.859271401913517
0.8683265160546064
W_list: [3.0]
L_list: [6.946612128436851]
