Norm difference: 1.0
Norm difference: 1.0
1 1
1 2
1 3
2 1
2 2
2 3
3 1
3 2
3 3
1 1
1 2
1 3
2 1
2 2
2 3
3 1
3 2
3 3
1 1
1 2
1 3
2 1
2 2
2 3
3 1
3 2
3 3
1 1
1 2
1 3
2 1
2 2
2 3
3 1
3 2
3 3
1 1
1 2
1 3
2 1
2 2
2 3
3 1
3 2
3 3
1 1
1 2
1 3
2 1
2 2
2 3
3 1
3 2
3 3
1 1
1 2
1 3
2 1
2 2
2 3
3 1
3 2
3 3
1 1
1 2
1 3
2 1
2 2
2 3
3 1
3 2
3 3
1 1
1 2
1 3
2 1
2 2
2 3
3 1
3 2
3 3
1 1
1 2
1 3
2 1
2 2
2 3
3 1
3 2
3 3
1 1
1 2
1 3
2 1
2 2
2 3
3 1
3 2
3 3
1 1
1 2
1 3
2 1
2 2
2 3
3 1
3 2
3 3
1 1
1 2
1 3
2 1
2 2
2 3
3 1
3 2
3 3
1 1
1 2
1 3
2 1
2 2
2 3
3 1
3 2
3 3
1 1
1 2
1 3
2 1
2 2
2 3
3 1
3 2
3 3
1 1
1 2
1 3
2 1
2 2
2 3
3 1
3 2
3 3
1 1
1 2
1 3
2 1
2 2
2 3
3 1
3 2
3 3
1 1
1 2
1 3
2 1
2 2
2 3
3 1
3 2
3 3
1 1
1 2
1 3
2 1
2 2
2 3
3 1
3 2
3 3
1 1
1 2
1 3
2 1
2 2
2 3
3 1
3 2
3 3
1 1 1 0.01928665583448837
1 2 1 0.01712677156245484
1 3 1 0.012627236704891498
2 1 1 0.019224389684938774
2 2 1 0.01542326159439028
2 3 1 0.014222966761451331
3 1 1 0.012428138038043976
3 2 1 0.014825280938021662
3 3 1 0.014510330205121904
1 1 2 0.010919968456204632
1 2 2 0.015801469775541813
1 3 2 0.016495868359856752
2 1 2 0.01351492752978178
2 2 2 0.017599384809271774
2 3 2 0.0165178916474185
3 1 2 0.014940447548823881
3 2 2 0.0186713731032195
3 3 2 0.013919625822632994
1 1 3 0.011567677281686426
1 2 3 0.012481441633140545
1 3 3 0.015244863996956261
2 1 3 0.015241258477442596
2 2 3 0.01434976133136458
2 3 3 0.013692967570447431
3 1 3 0.012906419794356139
3 2 3 0.015861477340257037
3 3 3 0.0123298338915893
1 1 4 0.01134232114782184
1 2 4 0.014620743357749877
1 3 4 0.016707194716819855
2 1 4 0.016023910407409254
2 2 4 0.013701698692082986
2 3 4 0.014156266990226454
3 1 4 0.011886716113791442
3 2 4 0.015233847144612142
3 3 4 0.011538834787277893
1 1 5 0.014873406230954043
1 2 5 0.012091335566869546
1 3 5 0.012398599098067462
2 1 5 0.01575737451251043
2 2 5 0.013639055892222262
2 3 5 0.011333180393059354
3 1 5 0.01316786802159274
3 2 5 0.012047293332106062
3 3 5 0.01075991360756306
1 1 6 0.012538198842284276
1 2 6 0.015000432454652931
1 3 6 0.011702237532045396
2 1 6 0.013054602288961234
2 2 6 0.012276180941870326
2 3 6 0.009532420069922205
3 1 6 0.012396095511115507
3 2 6 0.010824767155017337
3 3 6 0.01053071089372763
1 1 7 0.01187528425080511
1 2 7 0.011430962827335496
1 3 7 0.008398524121374627
2 1 7 0.009969822080674996
2 2 7 0.011898647734153266
2 3 7 0.00969437616878161
3 1 7 0.013264314745836003
3 2 7 0.009235479795985966
3 3 7 0.00996195735071723
1 1 8 0.00970956852273228
1 2 8 0.01088591896135676
1 3 8 0.008446951374230564
2 1 8 0.007903374438152233
2 2 8 0.009395197331609076
2 3 8 0.009013841582053962
3 1 8 0.011600919491746357
3 2 8 0.007289263701703054
3 3 8 0.008364840158837785
1 1 9 0.009408023369929203
1 2 9 0.007607049682030302
1 3 9 0.007782016482550389
2 1 9 0.008918523454292731
2 2 9 0.008478463274447016
2 3 9 0.008448473285407243
3 1 9 0.007754838885106717
3 2 9 0.0094434095696265
3 3 9 0.008231968804182692
1 1 10 0.009810248190907997
1 2 10 0.006329440702458851
1 3 10 0.0065994975789067985
2 1 10 0.00859575284869512
2 2 10 0.0068740942741956634
2 3 10 0.008239537663156972
3 1 10 0.007433822416353308
3 2 10 0.0073043461559659404
3 3 10 0.007067635839329659
1 1 11 0.009193131243221297
1 2 11 0.006865328702061526
1 3 11 0.00739280432803513
2 1 11 0.007296803287111418
2 2 11 0.006448593854123455
2 3 11 0.006556132089962455
3 1 11 0.006253703732058498
3 2 11 0.0066549631396966135
3 3 11 0.006991325066936008
1 1 12 0.006424230797329925
1 2 12 0.005063510203540995
1 3 12 0.006722023461692308
2 1 12 0.006285864366826656
2 2 12 0.005857252338098846
2 3 12 0.005185929473520988
3 1 12 0.005299559951410878
3 2 12 0.005992469757449414
3 3 12 0.006072075374682484
1 1 13 0.0033079627931776956
1 2 13 0.00763592429724963
1 3 13 0.005888638077375473
2 1 13 0.004854758156716777
2 2 13 0.005782704247143921
2 3 13 0.005331473592430945
3 1 13 0.004879761154246735
3 2 13 0.004501114728178457
3 3 13 0.005296627557117281
1 1 14 0.003164533859772343
1 2 14 0.005478287984009932
1 3 14 0.005185726574850107
2 1 14 0.004578348861893709
2 2 14 0.004471723537387021
2 3 14 0.004068262556403857
3 1 14 0.00427301403485774
3 2 14 0.0041417623991233535
3 3 14 0.004537709477614223
1 1 15 0.0047384760052808375
1 2 15 0.004701966619172276
1 3 15 0.004803281948949937
2 1 15 0.0031486844249693654
2 2 15 0.004092710680316732
2 3 15 0.004173459774234754
3 1 15 0.0036768348095441274
3 2 15 0.004134750512152229
3 3 15 0.0036072731121330887
1 1 16 0.003990306365201887
1 2 16 0.0037098823889770774
1 3 16 0.004252747003601498
2 1 16 0.0028477538407121936
2 2 16 0.0035926786002833536
2 3 16 0.003965655889431295
3 1 16 0.004010365212710659
3 2 16 0.00350001117653043
3 3 16 0.0030885096124447188
1 1 17 0.0036109943654327875
1 2 17 0.0028755876694427146
1 3 17 0.0037257723451792797
2 1 17 0.0027095358039570983
2 2 17 0.0030782732147663946
2 3 17 0.004234010945744977
3 1 17 0.0027259688725324075
3 2 17 0.0029976291145893123
3 3 17 0.0033285645418616736
1 1 18 0.002930168710725724
1 2 18 0.00346074734875
1 3 18 0.0031158954155645945
2 1 18 0.002762679492180116
2 2 18 0.0026359317348259347
2 3 18 0.003281669410560506
3 1 18 0.0023836700096615455
3 2 18 0.0027881712406452133
3 3 18 0.0029475967959319144
1 1 19 0.0029907072821924244
1 2 19 0.0027704420962825493
1 3 19 0.0024617093858090135
2 1 19 0.0024449805381327556
2 2 19 0.003123484339942783
2 3 19 0.002915752658813154
3 1 19 0.0017015721233423439
3 2 19 0.0027783650125750205
3 3 19 0.003875848069477699
1 1 20 0.002713639198226507
1 2 20 0.002435784712965079
1 3 20 0.0019880886497876883
2 1 20 0.0031034645974922334
2 2 20 0.0021308318626475672
2 3 20 0.0021666904189473085
3 1 20 0.0021096547516767828
3 2 20 0.0019085890272329893
3 3 20 0.0027213583655394964
