[-2.41421356 -1.         -1.         -0.41421356  0.41421356  1.
  1.          2.41421356]
W: 3.2
num_iter: 0
[-0.77402537 -0.74814273 -0.71835664 -0.68675099 -0.65268843 -0.6167717
 -0.57739595 -0.53761531 -0.49442283 -0.44863846 -0.40066415 -0.35003977
 -0.29577943 -0.23764546 -0.17213978 -0.09659517  0.09658811  0.17214478
  0.23764345  0.29579812  0.35003575  0.40066544  0.44863854  0.49441567
  0.53762118  0.57739171  0.6167719   0.65269226  0.68674229  0.71835632
  0.74814507  0.77402159]
localization_length: 0.6470776004927751
0.6419402294189877
W_list: [3.2]
L_list: [0.6419402294189877]
[-2.41421356 -1.         -1.         -0.41421356  0.41421356  1.
  1.          2.41421356]
W: 3.2
num_iter: 0
[-0.77467806 -0.74768933 -0.71842882 -0.68657311 -0.65289323 -0.61669224
 -0.5773977  -0.53699659 -0.49438113 -0.44912816 -0.40030319 -0.35025279
 -0.29486732 -0.23785297 -0.17259874 -0.09626464  0.09626168  0.17259836
  0.23785512  0.29486239  0.35025299  0.40031994  0.44912132  0.49437259
  0.53699769  0.57740783  0.61667515  0.65290611  0.68657205  0.71842069
  0.74768957  0.77468454]
localization_length: 0.6492718690180007
0.6466607025082322
W_list: [3.2]
L_list: [0.6466607025082322]
