Norm difference: 1.0
Norm difference: 1.0
1 1
1 2
2 1
2 2
1 1
1 2
2 1
2 2
1 1
1 2
2 1
2 2
1 1
1 2
2 1
2 2
1 1
1 2
2 1
2 2
1 1
1 2
2 1
2 2
1 1
1 2
2 1
2 2
1 1
1 2
2 1
2 2
1 1
1 2
2 1
2 2
1 1
1 2
2 1
2 2
1 1
1 2
2 1
2 2
1 1
1 2
2 1
2 2
1 1
1 2
2 1
2 2
1 1
1 2
2 1
2 2
1 1
1 2
2 1
2 2
1 1
1 2
2 1
2 2
1 1
1 2
2 1
2 2
1 1
1 2
2 1
2 2
1 1
1 2
2 1
2 2
1 1
1 2
2 1
2 2
1 1 1 0.0001265407782379685
1 2 1 0.0001609596489354534
2 1 1 0.00010579187092415177
2 2 1 0.00012265558265038556
1 1 2 0.0001048003147939014
1 2 2 0.00011838121108247793
2 1 2 0.00013743949644468532
2 2 2 8.003272063960343e-5
1 1 3 0.00014665799737320794
1 2 3 0.00011724518123907238
2 1 3 0.00015650708519626455
2 2 3 0.00010575142602103479
1 1 4 0.00013864416415663235
1 2 4 8.818874834177818e-5
2 1 4 0.00011212826048321682
2 2 4 0.00013024953113432598
1 1 5 0.00014753706897982795
1 2 5 0.00014591211526813775
2 1 5 0.00010911552785187244
2 2 5 0.0001316804718004283
1 1 6 0.0001390449211142309
1 2 6 0.00012814063318292062
2 1 6 0.00014945100549810982
2 2 6 0.00010973782799847214
1 1 7 0.00015773569114335917
1 2 7 0.00017451930959998854
2 1 7 0.0001583588936921229
2 2 7 0.00015286526551400525
1 1 8 0.00022154562996192835
1 2 8 0.00020627837047895118
2 1 8 0.00018678476744919432
2 2 8 0.00019362009553873231
1 1 9 0.0002648581792811684
1 2 9 0.00035320562087756354
2 1 9 0.0002654207031882442
2 2 9 0.00031358631077954877
1 1 10 0.00032765368686656895
1 2 10 0.0004142707373499737
2 1 10 0.0002529615064145906
2 2 10 0.00030031410897819754
1 1 11 0.0003948918158166838
1 2 11 0.0003797384983916226
2 1 11 0.0002724228808708522
2 2 11 0.0002714626466844667
1 1 12 0.0003384620912769604
1 2 12 0.00030315678686638917
2 1 12 0.00033219475385430977
2 2 12 0.00039241755334841374
1 1 13 0.00032147346984139796
1 2 13 0.00027714165519659474
2 1 13 0.000408791458608568
2 2 13 0.00042450542209263666
1 1 14 0.0003826045204555213
1 2 14 0.0004317206438742155
2 1 14 0.00035701362794842697
2 2 14 0.00028600826594529685
1 1 15 0.0004314268559072316
1 2 15 0.00033277092725494424
2 1 15 0.0003653533448127286
2 2 15 0.0003401796303907267
1 1 16 0.00040696014400957314
1 2 16 0.0002990146859881352
2 1 16 0.0003722881084218865
2 2 16 0.00025817163023945976
1 1 17 0.00037652824084999684
1 2 17 0.00033526128607519424
2 1 17 0.0004820240245423566
2 2 17 0.000338750383550401
1 1 18 0.0004161510598321205
1 2 18 0.0003396094722020686
2 1 18 0.0003275908430155026
2 2 18 0.0003697862146761838
1 1 19 0.0004279301495842294
1 2 19 0.00043770414589661556
2 1 19 0.0003226510726202867
2 2 19 0.0004839069427273234
1 1 20 0.00036633442021435735
1 2 20 0.0004942062385023657
2 1 20 0.0005881564617903884
2 2 20 0.00038507308626427143
