W: 2.4
num_iter: 0
[-0.9477301  -0.9477301  -0.93622908 -0.93622908 -0.92295646 -0.92295646
 -0.90896183 -0.90896183 -0.89291563 -0.89291563 -0.87521652 -0.87521652
 -0.85550205 -0.85550205 -0.83437373 -0.83437373 -0.81143168 -0.81143168
 -0.78718415 -0.78718415 -0.76118093 -0.76118093 -0.73342066 -0.73342066
 -0.70480824 -0.70480824 -0.67441848 -0.67441848 -0.64329986 -0.64329986
 -0.61108025 -0.61108025 -0.57791442 -0.57791442 -0.54412784 -0.54412784
 -0.5101392  -0.5101392  -0.47486268 -0.47486268 -0.43899209 -0.43899209
 -0.40257082 -0.40257082 -0.36604218 -0.36604218 -0.32825445 -0.32825445
 -0.29028671 -0.29028671 -0.25181185 -0.25181185 -0.21339029 -0.21339029
 -0.17442374 -0.17442374 -0.13503098 -0.13503098 -0.09513711 -0.09513711
 -0.05596707 -0.05596707 -0.01388646 -0.01388646  0.01388609  0.01388609
  0.05596821  0.05596821  0.09513817  0.09513817  0.1350287   0.1350287
  0.17442757  0.17442757  0.21338261  0.21338261  0.25180815  0.25180815
  0.29029831  0.29029831  0.32825081  0.32825081  0.36603907  0.36603907
  0.4025723   0.4025723   0.43899631  0.43899631  0.47486642  0.47486642
  0.5101399   0.5101399   0.54412881  0.54412881  0.57791305  0.57791305
  0.61108149  0.61108149  0.64330146  0.64330146  0.67442519  0.67442519
  0.70481009  0.70481009  0.73342414  0.73342414  0.76117691  0.76117691
  0.7871783   0.7871783   0.81142834  0.81142834  0.83437417  0.83437417
  0.85549467  0.85549467  0.8752186   0.8752186   0.89291132  0.89291132
  0.90896037  0.90896037  0.92295597  0.92295597  0.93623159  0.93623159
  0.94773047  0.94773047]
localization_length: 2.2504540491220197
2.290825661497585
W_list: [2.4]
L_list: [73.30642116792272]
