[-2.41421356 -1.         -1.         -0.41421356  0.41421356  1.
  1.          2.41421356]
W: 1.7999999999999998
num_iter: 0
[-0.46856707 -0.45512115 -0.44121536 -0.42693492 -0.4118337  -0.39671788
 -0.38248642 -0.36692917 -0.35251509 -0.33762973 -0.32288282 -0.30820306
 -0.2938168  -0.27946518 -0.26548335 -0.25064736 -0.23681187 -0.22259866
 -0.2086436  -0.19455171 -0.18100533 -0.16725632 -0.15281721 -0.13886348
 -0.12504582 -0.1105924  -0.09588716 -0.08096622 -0.06578834 -0.05004672
 -0.03392202 -0.01671802  0.016719    0.03392853  0.05003149  0.06580679
  0.08096727  0.09588076  0.11058995  0.12506002  0.13885643  0.15281348
  0.16726195  0.18100074  0.19454724  0.20864431  0.22259263  0.23681968
  0.2506415   0.26547662  0.27946582  0.29382339  0.30819636  0.32288854
  0.33762276  0.35250991  0.36692856  0.38249014  0.39672539  0.41184084
  0.42693724  0.44120987  0.45511608  0.46857066]
localization_length: 1.8692408059184025
1.8997595633263067
W_list: [1.7999999999999998]
L_list: [1.8997595633263067]
[-2.41421356 -1.         -1.         -0.41421356  0.41421356  1.
  1.          2.41421356]
W: 1.7999999999999998
num_iter: 0
[-0.46926386 -0.45548067 -0.44128836 -0.42642313 -0.41199187 -0.39704895
 -0.38228189 -0.36738161 -0.35235623 -0.33764617 -0.32313511 -0.30813549
 -0.29377777 -0.27932044 -0.26525433 -0.25139653 -0.23674761 -0.22291638
 -0.20890589 -0.19486859 -0.18101564 -0.16695557 -0.15316303 -0.13888235
 -0.12438159 -0.11018639 -0.09576975 -0.0807921  -0.06545544 -0.04998727
 -0.03360714 -0.01738466  0.01738271  0.03361557  0.04998532  0.06545047
  0.08079817  0.09575767  0.11018716  0.12439248  0.13888078  0.15316454
  0.16695383  0.1810162   0.19486492  0.20890002  0.22291179  0.2367445
  0.25139801  0.26525861  0.27931835  0.29378559  0.30813787  0.3231331
  0.33764126  0.35236397  0.36736472  0.3823055   0.39703169  0.41200002
  0.42643285  0.44129035  0.45546725  0.46926656]
localization_length: 1.7977635220836272
1.7760901781509832
W_list: [1.7999999999999998]
L_list: [1.7760901781509832]
