W: 2.8
num_iter: 0
[-0.77000911 -0.77000911 -0.75091059 -0.75091059 -0.72727196 -0.72727196
 -0.69887245 -0.69887245 -0.66654812 -0.66654812 -0.63030992 -0.63030992
 -0.58968722 -0.58968722 -0.54492823 -0.54492823 -0.49627166 -0.49627166
 -0.44284937 -0.44284937 -0.38415448 -0.38415448 -0.3210936  -0.3210936
 -0.25358878 -0.25358878 -0.18193601 -0.18193601 -0.10712661 -0.10712661
 -0.02600639 -0.02600639  0.02600952  0.02600952  0.10712871  0.10712871
  0.18193921  0.18193921  0.25358895  0.25358895  0.32109604  0.32109604
  0.38415339  0.38415339  0.44284253  0.44284253  0.4962723   0.4962723
  0.54492775  0.54492775  0.58969039  0.58969039  0.63030763  0.63030763
  0.6665466   0.6665466   0.69887023  0.69887023  0.72727155  0.72727155
  0.75091154  0.75091154  0.77000816  0.77000816]
localization_length: 2.40325530750801
2.398330660505367
W_list: [2.8]
L_list: [38.37329056808587]
