W: 2.4
num_iter: 0
[-0.69934534 -0.69934534 -0.68139044 -0.68139044 -0.65857254 -0.65857254
 -0.63125355 -0.63125355 -0.6004918  -0.6004918  -0.56567878 -0.56567878
 -0.52752943 -0.52752943 -0.48601209 -0.48601209 -0.440028   -0.440028
 -0.3910306  -0.3910306  -0.33777342 -0.33777342 -0.28094839 -0.28094839
 -0.2193915  -0.2193915  -0.15513692 -0.15513692 -0.08899054 -0.08899054
 -0.01897493 -0.01897493  0.01897331  0.01897331  0.08899247  0.08899247
  0.15513839  0.15513839  0.21939569  0.21939569  0.28094462  0.28094462
  0.33776798  0.33776798  0.39103174  0.39103174  0.44002569  0.44002569
  0.48601619  0.48601619  0.52752846  0.52752846  0.5656801   0.5656801
  0.60049436  0.60049436  0.6312496   0.6312496   0.65857286  0.65857286
  0.68139269  0.68139269  0.69934412  0.69934412]
localization_length: 3.294101381735796
3.355867088608249
W_list: [2.4]
L_list: [53.693873417731986]
