W: 2.4000000000000004
num_iter: 0
[-1.18341721 -1.18341721 -1.15968419 -1.15968419 -1.13035284 -1.13035284
 -1.09358497 -1.09358497 -1.0485738  -1.0485738  -0.9939403  -0.9939403
 -0.92886474 -0.92886474 -0.85284029 -0.85284029 -0.76627025 -0.76627025
 -0.67191206 -0.67191206 -0.5722869  -0.5722869  -0.47112109 -0.47112109
 -0.37162117 -0.37162117 -0.27366037 -0.27366037 -0.17218475 -0.17218475
 -0.05994591 -0.05994591  0.05994623  0.05994623  0.17218253  0.17218253
  0.27366127  0.27366127  0.37162816  0.37162816  0.4711194   0.4711194
  0.57228816  0.57228816  0.671909    0.671909    0.76626235  0.76626235
  0.85284076  0.85284076  0.92887259  0.92887259  0.99393851  0.99393851
  1.04857885  1.04857885  1.0935798   1.0935798   1.13035009  1.13035009
  1.15968077  1.15968077  1.18342238  1.18342238]
localization_length: 1.0426065461595253
1.0510419703350673
W_list: [2.4000000000000004]
L_list: [16.816671525361077]
