[-2.41421356 -1.         -1.         -0.41421356  0.41421356  1.
  1.          2.41421356]
W: 2.0
num_iter: 0
[-0.50959269 -0.48201959 -0.45277041 -0.42209933 -0.39097274 -0.35983713
 -0.32911681 -0.29774286 -0.26689198 -0.23559418 -0.2039355  -0.17180064
 -0.1399911  -0.10696532 -0.07298738 -0.03714087  0.03713899  0.07298162
  0.10697429  0.1399752   0.17181056  0.20393673  0.23558727  0.26689511
  0.2977469   0.32912229  0.35982784  0.39097155  0.42209824  0.45277773
  0.48202654  0.50958766]
localization_length: 1.6828675207610693
1.6889016081291799
W_list: [2.0]
L_list: [1.6889016081291799]
[-2.41421356 -1.         -1.         -0.41421356  0.41421356  1.
  1.          2.41421356]
W: 2.0
num_iter: 0
[-0.50911305 -0.48183964 -0.45221599 -0.4219204  -0.39126746 -0.36021741
 -0.32919651 -0.29814905 -0.26710877 -0.23553535 -0.20396132 -0.17263544
 -0.14045064 -0.10686126 -0.07295518 -0.03763012  0.03763466  0.07294987
  0.1068546   0.14046234  0.17264651  0.20394334  0.23553533  0.2670949
  0.29816951  0.32919302  0.36021734  0.39126349  0.42191775  0.45221418
  0.48184608  0.50911466]
localization_length: 1.6609034915183574
1.691818364503736
W_list: [2.0]
L_list: [1.691818364503736]
