W: 3.8
num_iter: 0
[-1.10332881 -1.10332881 -1.07478745 -1.07478745 -1.04232547 -1.04232547
 -1.00501704 -1.00501704 -0.96265158 -0.96265158 -0.91544392 -0.91544392
 -0.86300875 -0.86300875 -0.80568895 -0.80568895 -0.74227034 -0.74227034
 -0.67357228 -0.67357228 -0.5977691  -0.5977691  -0.51437315 -0.51437315
 -0.42379369 -0.42379369 -0.32568595 -0.32568595 -0.21864109 -0.21864109
 -0.09316881 -0.09316881  0.09316769  0.09316769  0.21864325  0.21864325
  0.32568309  0.32568309  0.42379024  0.42379024  0.51437442  0.51437442
  0.59776783  0.59776783  0.67356976  0.67356976  0.74226579  0.74226579
  0.80567847  0.80567847  0.86301033  0.86301033  0.91545246  0.91545246
  0.96265004  0.96265004  1.0050246   1.0050246   1.04232688  1.04232688
  1.07478879  1.07478879  1.10333272  1.10333272]
localization_length: 0.6708333899579051
0.671324330559288
W_list: [3.8]
L_list: [10.741189288948608]
