Norm difference: 1.0
Norm difference: 1.0
1 1
1 2
1 3
2 1
2 2
2 3
3 1
3 2
3 3
1 1
1 2
1 3
2 1
2 2
2 3
3 1
3 2
3 3
1 1
1 2
1 3
2 1
2 2
2 3
3 1
3 2
3 3
1 1
1 2
1 3
2 1
2 2
2 3
3 1
3 2
3 3
1 1
1 2
1 3
2 1
2 2
2 3
3 1
3 2
3 3
1 1
1 2
1 3
2 1
2 2
2 3
3 1
3 2
3 3
1 1
1 2
1 3
2 1
2 2
2 3
3 1
3 2
3 3
1 1
1 2
1 3
2 1
2 2
2 3
3 1
3 2
3 3
1 1
1 2
1 3
2 1
2 2
2 3
3 1
3 2
3 3
1 1
1 2
1 3
2 1
2 2
2 3
3 1
3 2
3 3
1 1
1 2
1 3
2 1
2 2
2 3
3 1
3 2
3 3
1 1
1 2
1 3
2 1
2 2
2 3
3 1
3 2
3 3
1 1
1 2
1 3
2 1
2 2
2 3
3 1
3 2
3 3
1 1
1 2
1 3
2 1
2 2
2 3
3 1
3 2
3 3
1 1
1 2
1 3
2 1
2 2
2 3
3 1
3 2
3 3
1 1
1 2
1 3
2 1
2 2
2 3
3 1
3 2
3 3
1 1
1 2
1 3
2 1
2 2
2 3
3 1
3 2
3 3
1 1
1 2
1 3
2 1
2 2
2 3
3 1
3 2
3 3
1 1
1 2
1 3
2 1
2 2
2 3
3 1
3 2
3 3
1 1
1 2
1 3
2 1
2 2
2 3
3 1
3 2
3 3
1 1 1 0.0019267648626769163
1 2 1 0.002004011752242089
1 3 1 0.0012425266868704545
2 1 1 0.002090490911559763
2 2 1 0.002007581863513193
2 3 1 0.0025246603216879603
3 1 1 0.0020373114920818314
3 2 1 0.0027665375632731004
3 3 1 0.002612597419590816
1 1 2 0.0030753483357259773
1 2 2 0.001560556927988873
1 3 2 0.0018913920625591694
2 1 2 0.0020889574098125674
2 2 2 0.0014211795320140772
2 3 2 0.0019513256294452924
3 1 2 0.0023193511305663874
3 2 2 0.001850261185478428
3 3 2 0.0020128020013097853
1 1 3 0.0019158758375893068
1 2 3 0.001578481918034404
1 3 3 0.0023932072599905955
2 1 3 0.002212246365498304
2 2 3 0.001705348008413388
2 3 3 0.0017130146189500398
3 1 3 0.0018311216601053404
3 2 3 0.0014938801736914427
3 3 3 0.0019814629283727418
1 1 4 0.0021856640155176847
1 2 4 0.0016662061998346587
1 3 4 0.0025065529718569673
2 1 4 0.0024083228636358972
2 2 4 0.0011482252907428878
2 3 4 0.0022202209032051983
3 1 4 0.002519872450773436
3 2 4 0.0013520195790986819
3 3 4 0.0014295620381324261
1 1 5 0.0014774381179448175
1 2 5 0.0015080896896302884
1 3 5 0.0020474557248692216
2 1 5 0.002349454311794243
2 2 5 0.002172627456310699
2 3 5 0.0017064842858333484
3 1 5 0.0022557209362721355
3 2 5 0.0015632446365189446
3 3 5 0.0017060912424366377
1 1 6 0.0016906129612829068
1 2 6 0.0013039100114283278
1 3 6 0.002634024478649994
2 1 6 0.0013181918312554718
2 2 6 0.001433965698569693
2 3 6 0.0022952977954094427
3 1 6 0.0025417147067765336
3 2 6 0.0021984620086935415
3 3 6 0.0016786015304123345
1 1 7 0.0014560319278500988
1 2 7 0.0014312768158187621
1 3 7 0.0024466363232589303
2 1 7 0.0022554553473775178
2 2 7 0.001973212425461209
2 3 7 0.0021289193611226873
3 1 7 0.001856153563614563
3 2 7 0.002022059278619708
3 3 7 0.0022545698525610765
1 1 8 0.0014745467531011073
1 2 8 0.00154859628484076
1 3 8 0.0020083064892822493
2 1 8 0.0013026354103384328
2 2 8 0.0013460637526003572
2 3 8 0.0019115153375413464
3 1 8 0.001747840869069334
3 2 8 0.0022200363675128885
3 3 8 0.002974333561170813
1 1 9 0.0018157294770230418
1 2 9 0.0015101609744224977
1 3 9 0.002092109338481328
2 1 9 0.0020854563514283242
2 2 9 0.0024008013570272014
2 3 9 0.0019488855148856146
3 1 9 0.001704884532085675
3 2 9 0.001349092332982204
3 3 9 0.0032180874773359847
1 1 10 0.001520074814409789
1 2 10 0.0019624211163386703
1 3 10 0.0027322009862719553
2 1 10 0.0014153212556681633
2 2 10 0.001452562769467843
2 3 10 0.0026823804514378995
3 1 10 0.0017888786694883392
3 2 10 0.002000797979410254
3 3 10 0.0024736250900441407
1 1 11 0.001654491386646681
1 2 11 0.0018196434001595718
1 3 11 0.0028735137351774674
2 1 11 0.0015830254435828014
2 2 11 0.0018540165264079565
2 3 11 0.002522009811977552
3 1 11 0.0019255536606443372
3 2 11 0.0021428246955222862
3 3 11 0.0025696407430436494
1 1 12 0.001967399282734054
1 2 12 0.002146368824098522
1 3 12 0.0025224110877999665
2 1 12 0.0015349679948205145
2 2 12 0.00173040347960734
2 3 12 0.0026311114903635503
3 1 12 0.0017869710348933053
3 2 12 0.0014605031812096332
3 3 12 0.002657286327825349
1 1 13 0.001983254189047114
1 2 13 0.00174712977164916
1 3 13 0.0028737942498195295
2 1 13 0.0015320909405283016
2 2 13 0.0016320675248084765
2 3 13 0.002774761325097064
3 1 13 0.0018590396494397089
3 2 13 0.002179141394606063
3 3 13 0.003229831384348072
1 1 14 0.0017316454464445935
1 2 14 0.0025216832233375687
1 3 14 0.0023463077004019983
2 1 14 0.0016024612429731823
2 2 14 0.002027269584192673
2 3 14 0.0027069956166095267
3 1 14 0.0025883408953394646
3 2 14 0.0023426578375256336
3 3 14 0.0031632910102947416
1 1 15 0.001521546761807131
1 2 15 0.00199884212967746
1 3 15 0.0033001291210580756
2 1 15 0.0019308695010913184
2 2 15 0.002225578017339785
2 3 15 0.0025983746922564666
3 1 15 0.0023851979979009597
3 2 15 0.002084001568543535
3 3 15 0.0034968421432031715
1 1 16 0.0020139957394498375
1 2 16 0.001949423692958957
1 3 16 0.0023579663602510442
2 1 16 0.002075189545353582
2 2 16 0.002210664890095723
2 3 16 0.002851825365766529
3 1 16 0.0019889481722774605
3 2 16 0.0030023052937068104
3 3 16 0.0033405453330799945
1 1 17 0.0027694825262499835
1 2 17 0.0019300032221199511
1 3 17 0.002539367283078205
2 1 17 0.002134286757857525
2 2 17 0.0022841089526523923
2 3 17 0.0029194747688222984
3 1 17 0.0024979414418714713
3 2 17 0.003524482177228225
3 3 17 0.0028050937101030656
1 1 18 0.0027702479706938695
1 2 18 0.001748371109845042
1 3 18 0.0022003672277570085
2 1 18 0.002374861068310034
2 2 18 0.0032737481690624853
2 3 18 0.0018295465621770764
3 1 18 0.0029066051058244573
3 2 18 0.0025502197573916054
3 3 18 0.003496894032020468
1 1 19 0.002977545171393086
1 2 19 0.0024700612532088796
1 3 19 0.0024014648965595613
2 1 19 0.003152043004608944
2 2 19 0.001825408100152616
2 3 19 0.0026639633054814553
3 1 19 0.002428167435231713
3 2 19 0.002837336841114449
3 3 19 0.0029620428629376265
1 1 20 0.0024650092766850063
1 2 20 0.0023962766351990706
1 3 20 0.0020047924072250046
2 1 20 0.0024787810484980734
2 2 20 0.0021232816057365407
2 3 20 0.0026643670411178933
3 1 20 0.0033387937776637976
3 2 20 0.0021219546631042986
3 3 20 0.003164734759349118
