C_list:
0.0006133957999965056 0.21955091804217128
C_list:
0.0006541186169760531 0.2222629907074037
C_list:
0.0006748463481017823 0.24731338244205428
C_list:
0.0006412213852967491 0.2610427733470785
C_list:
0.000650976641703011 0.28362572592403124
C_list:
0.0006185913602767977 0.2790055937054014
ndim2: 60
W_list: [2.3, 2.4, 2.5, 2.5999999999999996, 2.6999999999999997, 2.8]
L_list: [4.554752077182935, 4.499174589603367, 4.043452845639281, 3.830789824893621, 3.52577325890335, 3.5841575314647196]
C_list:
0.0005951840887436819 0.15462466742503042
C_list:
0.0005649326546154048 0.16685234495814397
C_list:
0.0005658545454717748 0.1800213263247216
C_list:
0.0004972320038758964 0.1884720385701196
C_list:
0.0005442386721320512 0.20941658514237027
C_list:
0.0005636426267081445 0.2207591327480501
ndim2: 60
W_list: [2.3, 2.4, 2.5, 2.5999999999999996, 2.6999999999999997, 2.8]
L_list: [6.467273408913547, 5.9933230201281065, 5.554897413633121, 5.3058268355704, 4.775170979510327, 4.52982391963502]
C_list:
0.0005054080147405671 0.12957454570446814
C_list:
0.0005417751225066362 0.1488755095768001
C_list:
0.0005250109783204423 0.1556408053770539
C_list:
0.0005571058661663877 0.1646665171765683
C_list:
0.0005349783498140151 0.17210929092480437
C_list:
0.0004808895772278683 0.18438558589660412
ndim2: 60
W_list: [2.3, 2.4, 2.5, 2.5999999999999996, 2.6999999999999997, 2.8]
L_list: [7.717565163460318, 6.717021509062457, 6.425050278925309, 6.07288000709775, 5.810261576389308, 5.423417427871824]
