[-2.41421356 -1.         -1.         -0.41421356  0.41421356  1.
  1.          2.41421356]
W: 3.4
num_iter: 0
[-0.81460645 -0.78741482 -0.75883191 -0.72640663 -0.69282571 -0.65547556
 -0.6162472  -0.5758363  -0.53145504 -0.48483815 -0.43495252 -0.3813861
 -0.32416945 -0.26097544 -0.19289075 -0.11067933  0.11068198  0.19289243
  0.26097545  0.32417271  0.38136991  0.43494668  0.48484054  0.53146107
  0.57583681  0.61623584  0.65548596  0.69281298  0.7264192   0.75885575
  0.78739909  0.81460497]
localization_length: 0.5646944289263015
0.566348047305996
W_list: [3.4]
L_list: [0.566348047305996]
[-2.41421356 -1.         -1.         -0.41421356  0.41421356  1.
  1.          2.41421356]
W: 3.4
num_iter: 0
[-0.81404024 -0.78637787 -0.75838805 -0.72590241 -0.69229035 -0.65586029
 -0.6165809  -0.57495264 -0.53091977 -0.4838537  -0.43438719 -0.38120295
 -0.32407603 -0.26102869 -0.19294784 -0.11033938  0.11033916  0.19294738
  0.26103296  0.32407181  0.38120539  0.4343872   0.48385615  0.53092446
  0.57495382  0.61657329  0.65584704  0.69229181  0.72588806  0.75840714
  0.78638249  0.81404015]
localization_length: 0.5664353388364041
0.5617367701121404
W_list: [3.4]
L_list: [0.5617367701121404]
