Norm difference: 1.0
Norm difference: 1.0
1 1
1 2
2 1
2 2
1 1
1 2
2 1
2 2
1 1
1 2
2 1
2 2
1 1
1 2
2 1
2 2
1 1
1 2
2 1
2 2
1 1
1 2
2 1
2 2
1 1
1 2
2 1
2 2
1 1
1 2
2 1
2 2
1 1
1 2
2 1
2 2
1 1
1 2
2 1
2 2
1 1
1 2
2 1
2 2
1 1
1 2
2 1
2 2
1 1
1 2
2 1
2 2
1 1
1 2
2 1
2 2
1 1
1 2
2 1
2 2
1 1
1 2
2 1
2 2
1 1
1 2
2 1
2 2
1 1
1 2
2 1
2 2
1 1
1 2
2 1
2 2
1 1
1 2
2 1
2 2
1 1 1 0.005014989671382141
1 2 1 0.004288598342094064
2 1 1 0.00412617965446191
2 2 1 0.0033481657766977592
1 1 2 0.004637166121634917
1 2 2 0.003592278136267029
2 1 2 0.004004582193462319
2 2 2 0.0030266001822966317
1 1 3 0.004578565340854587
1 2 3 0.003945915504072327
2 1 3 0.0036261325734379944
2 2 3 0.0035652773884542557
1 1 4 0.002782547921070127
1 2 4 0.003610959605503679
2 1 4 0.002361837316439211
2 2 4 0.002972972849421366
1 1 5 0.0029711625676014436
1 2 5 0.0025513538276908066
2 1 5 0.002564510355301076
2 2 5 0.0022164120612412964
1 1 6 0.0021937168708194487
1 2 6 0.002913687347720741
2 1 6 0.002135264676621899
2 2 6 0.002291092790107561
1 1 7 0.001424212684970672
1 2 7 0.0028449939059098277
2 1 7 0.0012614175508343776
2 2 7 0.002245215151732008
1 1 8 0.0014558571780648474
1 2 8 0.0018396490708512882
2 1 8 0.001372170983420604
2 2 8 0.001717569915578241
1 1 9 0.0013490789925465019
1 2 9 0.002165316657511423
2 1 9 0.001267022588443017
2 2 9 0.0016451939606829207
1 1 10 0.0015647820011383158
1 2 10 0.0016825105771122871
2 1 10 0.0011374648455961896
2 2 10 0.0014986050160199589
1 1 11 0.001452004974725586
1 2 11 0.001999446560865168
2 1 11 0.001400799511881558
2 2 11 0.0017500055733856272
1 1 12 0.0016949562539874668
1 2 12 0.0018709140894855325
2 1 12 0.0014091828615678272
2 2 12 0.0012954750520375894
1 1 13 0.0018993114819366539
1 2 13 0.001308867170837709
2 1 13 0.0013887477769982813
2 2 13 0.0011274037758218915
1 1 14 0.0015599096801569342
1 2 14 0.0017485887657784978
2 1 14 0.0012304648801095782
2 2 14 0.001399513400186746
1 1 15 0.0020047578395687013
1 2 15 0.00135665226964697
2 1 15 0.0015672099539456382
2 2 15 0.00101930694698401
1 1 16 0.0014254828652805307
1 2 16 0.00084224974540726
2 1 16 0.0010285832518937125
2 2 16 0.0006868715644789949
1 1 17 0.0010727416510069817
1 2 17 0.001361838714404778
2 1 17 0.0008771074880954795
2 2 17 0.001161604818515264
1 1 18 0.0012292457353424995
1 2 18 0.0009234056303320167
2 1 18 0.0009580107422547193
2 2 18 0.0007024055086617788
1 1 19 0.000669463952861201
1 2 19 0.0008813390124282457
2 1 19 0.0006006954816113911
2 2 19 0.0008275434835679062
1 1 20 0.0005737105163732666
1 2 20 0.0008828473358956125
2 1 20 0.000497340077982024
2 2 20 0.0006698642406856255
