Norm difference: 1.0
Norm difference: 1.0
1 1
1 2
2 1
2 2
1 1
1 2
2 1
2 2
1 1
1 2
2 1
2 2
1 1
1 2
2 1
2 2
1 1
1 2
2 1
2 2
1 1
1 2
2 1
2 2
1 1
1 2
2 1
2 2
1 1
1 2
2 1
2 2
1 1
1 2
2 1
2 2
1 1
1 2
2 1
2 2
1 1
1 2
2 1
2 2
1 1
1 2
2 1
2 2
1 1
1 2
2 1
2 2
1 1
1 2
2 1
2 2
1 1
1 2
2 1
2 2
1 1
1 2
2 1
2 2
1 1
1 2
2 1
2 2
1 1
1 2
2 1
2 2
1 1
1 2
2 1
2 2
1 1
1 2
2 1
2 2
1 1 1 0.004764135416981094
1 2 1 0.004020980380234832
2 1 1 0.004877440179616457
2 2 1 0.0037878089793258185
1 1 2 0.0048824338519588536
1 2 2 0.004661927842260456
2 1 2 0.004442206384294767
2 2 2 0.0027287895297274357
1 1 3 0.004103933551968407
1 2 3 0.004698416516550959
2 1 3 0.0032925476774175975
2 2 3 0.00305577793209367
1 1 4 0.004821787908426874
1 2 4 0.004733341496078872
2 1 4 0.00322641653428513
2 2 4 0.0037992026818616078
1 1 5 0.0042415212286007085
1 2 5 0.0032444271305266505
2 1 5 0.0036672748194559153
2 2 5 0.003624971209395701
1 1 6 0.004081283996615458
1 2 6 0.0036865371759022937
2 1 6 0.0036361984442194128
2 2 6 0.003397408095399624
1 1 7 0.004506827740694579
1 2 7 0.0029502620297765193
2 1 7 0.003383682104433826
2 2 7 0.0032384944636058947
1 1 8 0.004104151300974181
1 2 8 0.004008607169407737
2 1 8 0.0037584796304608605
2 2 8 0.0034123873982954064
1 1 9 0.003983824686473037
1 2 9 0.00442174335687599
2 1 9 0.004969508644373763
2 2 9 0.0029451307241208915
1 1 10 0.003890754959239749
1 2 10 0.004775542930604773
2 1 10 0.003768660119677346
2 2 10 0.0030533968857364272
1 1 11 0.005738256549550505
1 2 11 0.004697486385879362
2 1 11 0.003290372450621097
2 2 11 0.003976013031658302
1 1 12 0.0042915044425212
1 2 12 0.004755522112620669
2 1 12 0.0038159440637354296
2 2 12 0.004816868390608088
1 1 13 0.004880017882623237
1 2 13 0.004842470031955132
2 1 13 0.004947441982778444
2 2 13 0.004753357463508702
1 1 14 0.004915805432993354
1 2 14 0.0041983945357204075
2 1 14 0.004353270807851554
2 2 14 0.004548139949840316
1 1 15 0.0049732153772608645
1 2 15 0.004437013074510492
2 1 15 0.004309474971802505
2 2 15 0.004186556290078544
1 1 16 0.004149167660450347
1 2 16 0.004619852850116758
2 1 16 0.004770251880328366
2 2 16 0.0029962551889090145
1 1 17 0.004628695987714081
1 2 17 0.004765102390807353
2 1 17 0.0035694942652158743
2 2 17 0.0035445637581747805
1 1 18 0.005388552211822094
1 2 18 0.003773153862799435
2 1 18 0.0027738022807626385
2 2 18 0.003904348290256698
1 1 19 0.004171473335880013
1 2 19 0.003512366478739412
2 1 19 0.0034461331710022485
2 2 19 0.0035174077397977003
1 1 20 0.0033479911340997177
1 2 20 0.00408341549482783
2 1 20 0.0039993062796340175
2 2 20 0.002745179541377198
