Norm difference: 1.0
Norm difference: 1.0
1 1
1 2
1 3
2 1
2 2
2 3
3 1
3 2
3 3
1 1
1 2
1 3
2 1
2 2
2 3
3 1
3 2
3 3
1 1
1 2
1 3
2 1
2 2
2 3
3 1
3 2
3 3
1 1
1 2
1 3
2 1
2 2
2 3
3 1
3 2
3 3
1 1
1 2
1 3
2 1
2 2
2 3
3 1
3 2
3 3
1 1
1 2
1 3
2 1
2 2
2 3
3 1
3 2
3 3
1 1
1 2
1 3
2 1
2 2
2 3
3 1
3 2
3 3
1 1
1 2
1 3
2 1
2 2
2 3
3 1
3 2
3 3
1 1
1 2
1 3
2 1
2 2
2 3
3 1
3 2
3 3
1 1
1 2
1 3
2 1
2 2
2 3
3 1
3 2
3 3
1 1
1 2
1 3
2 1
2 2
2 3
3 1
3 2
3 3
1 1
1 2
1 3
2 1
2 2
2 3
3 1
3 2
3 3
1 1
1 2
1 3
2 1
2 2
2 3
3 1
3 2
3 3
1 1
1 2
1 3
2 1
2 2
2 3
3 1
3 2
3 3
1 1
1 2
1 3
2 1
2 2
2 3
3 1
3 2
3 3
1 1
1 2
1 3
2 1
2 2
2 3
3 1
3 2
3 3
1 1
1 2
1 3
2 1
2 2
2 3
3 1
3 2
3 3
1 1
1 2
1 3
2 1
2 2
2 3
3 1
3 2
3 3
1 1
1 2
1 3
2 1
2 2
2 3
3 1
3 2
3 3
1 1
1 2
1 3
2 1
2 2
2 3
3 1
3 2
3 3
1 1 1 0.002983653229659462
1 2 1 0.003054569770700263
1 3 1 0.004999599355942875
2 1 1 0.003169794298325118
2 2 1 0.003447074774706539
2 3 1 0.00510399930486743
3 1 1 0.003707724093054165
3 2 1 0.003721059769356895
3 3 1 0.00570375719639081
1 1 2 0.0027476834053251848
1 2 2 0.003156151088407598
1 3 2 0.004899661999725753
2 1 2 0.0019800420593564126
2 2 2 0.0026061051956194777
2 3 2 0.00392222027209845
3 1 2 0.0035105634042937725
3 2 2 0.002347783063908972
3 3 2 0.006125521681499066
1 1 3 0.004191830937521816
1 2 3 0.001519867525510171
1 3 3 0.005231398679413286
2 1 3 0.003301499724213304
2 2 3 0.001529828419865856
2 3 3 0.0038764598366595807
3 1 3 0.005453525052889293
3 2 3 0.0018000046328370538
3 3 3 0.004851643961398269
1 1 4 0.0036874766301048466
1 2 4 0.0019624203084455125
1 3 4 0.005248315432841815
2 1 4 0.00449954239476258
2 2 4 0.0013635773275219143
2 3 4 0.0037789099168547362
3 1 4 0.0076250426562901475
3 2 4 0.001249809661878186
3 3 4 0.005849721456884237
1 1 5 0.004576492441953968
1 2 5 0.002310822757061523
1 3 5 0.0041624277789643945
2 1 5 0.0034539847156328713
2 2 5 0.0031367409887575457
2 3 5 0.0034999184523986275
3 1 5 0.005447099972262075
3 2 5 0.003325913785169951
3 3 5 0.004170105618499998
1 1 6 0.006001061000453848
1 2 6 0.0016194696739613307
1 3 6 0.004938319718083828
2 1 6 0.0028541620465497796
2 2 6 0.0023530106916671194
2 3 6 0.004226909840698756
3 1 6 0.004757984338624606
3 2 6 0.003045979918691217
3 3 6 0.0075988677709763865
1 1 7 0.003651214383597035
1 2 7 0.003212386863828775
1 3 7 0.0034833658884365097
2 1 7 0.0023356898551190448
2 2 7 0.0017003730872039448
2 3 7 0.0038172522527106503
3 1 7 0.004856467448197235
3 2 7 0.002280503602206074
3 3 7 0.005574619784837273
1 1 8 0.003440897787059718
1 2 8 0.002666815975199744
1 3 8 0.0043852100733274765
2 1 8 0.0028671821380713966
2 2 8 0.0017436575694609
2 3 8 0.0038730987287639617
3 1 8 0.003540233652183946
3 2 8 0.0029561443006006537
3 3 8 0.006875752276697131
1 1 9 0.0039084706080661944
1 2 9 0.0014612678587978246
1 3 9 0.00431586248789991
2 1 9 0.0033879328756964366
2 2 9 0.0021339120950510573
2 3 9 0.0038967947450748385
3 1 9 0.005011751395558031
3 2 9 0.0033044407690391063
3 3 9 0.005293335570712282
1 1 10 0.0028501764798088253
1 2 10 0.002295051220270809
1 3 10 0.004262828831186033
2 1 10 0.0031500183877923144
2 2 10 0.0026651994225139735
2 3 10 0.0033668844547845673
3 1 10 0.005251425866356594
3 2 10 0.0026103386235599357
3 3 10 0.003905179857069968
1 1 11 0.003537792969788317
1 2 11 0.0024607829487780534
1 3 11 0.004349834101840302
2 1 11 0.0027123615785973857
2 2 11 0.0015497591703558266
2 3 11 0.003250168788410164
3 1 11 0.003495966204811736
3 2 11 0.0027037653350982177
3 3 11 0.0032017624442954606
1 1 12 0.0028759528952024336
1 2 12 0.0024332737793251987
1 3 12 0.0037806244579863097
2 1 12 0.0021643535301735855
2 2 12 0.0018335343356314592
2 3 12 0.003077530093952283
3 1 12 0.004365532283231246
3 2 12 0.002953148302230508
3 3 12 0.003891138695184989
1 1 13 0.0028242496475272246
1 2 13 0.001956276327226187
1 3 13 0.003469177014661084
2 1 13 0.0029346704197562674
2 2 13 0.0014120684377612398
2 3 13 0.0027926368256203874
3 1 13 0.004837138797141147
3 2 13 0.0019229110795238966
3 3 13 0.0035546564035763965
1 1 14 0.0033834029641160992
1 2 14 0.0019880322521425345
1 3 14 0.002780417445487294
2 1 14 0.004007861028742727
2 2 14 0.0010846495422549964
2 3 14 0.003192909045440261
3 1 14 0.0037989453864760102
3 2 14 0.0028360499995550253
3 3 14 0.0036788094901033614
1 1 15 0.0044536322078843425
1 2 15 0.0014676274254668649
1 3 15 0.0029680559213093516
2 1 15 0.0028804818891597058
2 2 15 0.001886493695441088
2 3 15 0.0023086769644783582
3 1 15 0.004477456166081859
3 2 15 0.0023855175513228634
3 3 15 0.0047987086596294835
1 1 16 0.0049927688886267476
1 2 16 0.0014612470725146505
1 3 16 0.0031135046921281057
2 1 16 0.0026375214871541446
2 2 16 0.0018812948096041653
2 3 16 0.0032743171319636693
3 1 16 0.003404585827921342
3 2 16 0.002171278541368991
3 3 16 0.0033091543180222955
1 1 17 0.0028918453648840645
1 2 17 0.0026942058202711816
1 3 17 0.0031513192484312856
2 1 17 0.0027785798325014144
2 2 17 0.0017501919659022337
2 3 17 0.0033467654027836725
3 1 17 0.0025689900466750897
3 2 17 0.0028321165888141693
3 3 17 0.004576251176617856
1 1 18 0.003085974467809325
1 2 18 0.0025663309183140423
1 3 18 0.0045918562912843726
2 1 18 0.0026398552274927733
2 2 18 0.0018670454295665981
2 3 18 0.0037738116342688247
3 1 18 0.00374023795713675
3 2 18 0.002191857890262397
3 3 18 0.0033456016084837115
1 1 19 0.003278400364185518
1 2 19 0.001857364195681831
1 3 19 0.0036645002182446955
2 1 19 0.003214629155343361
2 2 19 0.001931853935457559
2 3 19 0.0033706007488472135
3 1 19 0.0038299323546708832
3 2 19 0.002104435242540769
3 3 19 0.003247294854585607
1 1 20 0.002519130900216841
1 2 20 0.0019400461465731399
1 3 20 0.0037826745314331078
2 1 20 0.002910118564093245
2 2 20 0.002016709184070542
2 3 20 0.003150083674285622
3 1 20 0.0029960737472313906
3 2 20 0.0020856964188567654
3 3 20 0.0024438387058921766
