W: 1.8
num_iter: 0
[-1.14678215 -1.14678215 -1.09551921 -1.09551921 -1.0135078  -1.0135078
 -0.8843553  -0.8843553  -0.69821994 -0.69821994 -0.47426557 -0.47426557
 -0.26914576 -0.26914576 -0.07232484 -0.07232484  0.07232248  0.07232248
  0.26914691  0.26914691  0.47426676  0.47426676  0.69821595  0.69821595
  0.88435854  0.88435854  1.01350833  1.01350833  1.09551863  1.09551863
  1.14678296  1.14678296]
localization_length: 1.7283699576652627
1.7231253711466552
W_list: [1.8]
L_list: [13.785002969173242]
