W: 3.8
num_iter: 0
[-0.99107171 -0.99107171 -0.98072117 -0.98072117 -0.96881558 -0.96881558
 -0.95612912 -0.95612912 -0.94241906 -0.94241906 -0.92750566 -0.92750566
 -0.91156637 -0.91156637 -0.89427455 -0.89427455 -0.87598774 -0.87598774
 -0.85670759 -0.85670759 -0.83579506 -0.83579506 -0.81416356 -0.81416356
 -0.79138101 -0.79138101 -0.76706371 -0.76706371 -0.74165786 -0.74165786
 -0.71473399 -0.71473399 -0.68679754 -0.68679754 -0.65672887 -0.65672887
 -0.62603534 -0.62603534 -0.59341339 -0.59341339 -0.55895019 -0.55895019
 -0.52224788 -0.52224788 -0.48432341 -0.48432341 -0.44416525 -0.44416525
 -0.40248466 -0.40248466 -0.35883697 -0.35883697 -0.31308354 -0.31308354
 -0.26590988 -0.26590988 -0.21543272 -0.21543272 -0.1637186  -0.1637186
 -0.10906623 -0.10906623 -0.04572611 -0.04572611  0.04572841  0.04572841
  0.10906436  0.10906436  0.16371422  0.16371422  0.21542963  0.21542963
  0.26590928  0.26590928  0.31307892  0.31307892  0.35884054  0.35884054
  0.40248471  0.40248471  0.44416428  0.44416428  0.48432358  0.48432358
  0.52224526  0.52224526  0.55895271  0.55895271  0.5934117   0.5934117
  0.62603448  0.62603448  0.65672576  0.65672576  0.68679565  0.68679565
  0.71473526  0.71473526  0.74165757  0.74165757  0.76706867  0.76706867
  0.79137995  0.79137995  0.8141667   0.8141667   0.83579082  0.83579082
  0.85671115  0.85671115  0.87599019  0.87599019  0.89427308  0.89427308
  0.91157396  0.91157396  0.92750515  0.92750515  0.94241893  0.94241893
  0.95612785  0.95612785  0.96881653  0.96881653  0.98072493  0.98072493
  0.99107009  0.99107009]
localization_length: 0.6834169925995206
0.6831926391315624
W_list: [3.8]
L_list: [21.862164452209996]
