[-2.41421356 -1.         -1.         -0.41421356  0.41421356  1.
  1.          2.41421356]
W: 1.4
num_iter: 0
[-0.36809753 -0.35410985 -0.33994253 -0.32595256 -0.31226881 -0.29717815
 -0.28404843 -0.27051765 -0.25726748 -0.24464021 -0.23195035 -0.21963759
 -0.20768722 -0.19642458 -0.18461727 -0.17389442 -0.16302008 -0.15273506
 -0.14201173 -0.13166857 -0.12192971 -0.11126755 -0.1013428  -0.09178019
 -0.08160092 -0.07134079 -0.06145486 -0.05171006 -0.04127594 -0.03134456
 -0.0203929  -0.01038967  0.01039894  0.02038428  0.03133798  0.04127883
  0.05170326  0.06146021  0.07133891  0.08160259  0.09178104  0.10134049
  0.11127458  0.12193203  0.13166799  0.14200617  0.15273331  0.16302195
  0.17389101  0.18461314  0.19642969  0.20768902  0.21963073  0.23194896
  0.24463691  0.25726232  0.27053032  0.2840484   0.29718687  0.31227321
  0.32595741  0.33993443  0.35411151  0.3680935 ]
localization_length: 3.0077958048873104
2.9763918201772146
W_list: [1.4]
L_list: [2.9763918201772146]
[-2.41421356 -1.         -1.         -0.41421356  0.41421356  1.
  1.          2.41421356]
W: 1.4
num_iter: 0
[-0.36837486 -0.35505229 -0.34006741 -0.32572365 -0.31166599 -0.29768714
 -0.28359364 -0.27002137 -0.2571958  -0.24421379 -0.23169025 -0.21914909
 -0.2074668  -0.19602732 -0.18460688 -0.17380285 -0.16304885 -0.15240984
 -0.14194525 -0.13148625 -0.12130041 -0.11117329 -0.10138749 -0.09157625
 -0.08137899 -0.07121465 -0.06147606 -0.05141129 -0.04174436 -0.03102468
 -0.02065107 -0.01030223  0.01030853  0.02065224  0.03102458  0.04174622
  0.05141392  0.06147956  0.07121985  0.08137314  0.0915601   0.10138849
  0.11117589  0.12129705  0.13148445  0.14193676  0.15241452  0.16304485
  0.17380961  0.18460388  0.19603689  0.20746976  0.21913349  0.2316962
  0.24421357  0.25720886  0.27001655  0.28359178  0.29768083  0.31167055
  0.32572756  0.34006161  0.35504733  0.36838147]
localization_length: 3.0333231306674198
2.992192879099554
W_list: [1.4]
L_list: [2.992192879099554]
