W: 4.2
num_iter: 0
[-0.99895163 -0.99895163 -0.9479292  -0.9479292  -0.87987571 -0.87987571
 -0.79318775 -0.79318775 -0.68403418 -0.68403418 -0.54605081 -0.54605081
 -0.3730605  -0.3730605  -0.14631943 -0.14631943  0.14631971  0.14631971
  0.37306264  0.37306264  0.54605415  0.54605415  0.68403951  0.68403951
  0.79318588  0.79318588  0.87987256  0.87987256  0.94792519  0.94792519
  0.99894955  0.99894955]
localization_length: 0.854295317597829
0.8593135224268597
W_list: [4.2]
L_list: [6.874508179414877]
