W: 2.0
num_iter: 0
[-0.9046621  -0.9046621  -0.89394385 -0.89394385 -0.88155002 -0.88155002
 -0.86737878 -0.86737878 -0.85180204 -0.85180204 -0.83416081 -0.83416081
 -0.81457614 -0.81457614 -0.79296623 -0.79296623 -0.7698261  -0.7698261
 -0.74426186 -0.74426186 -0.71770994 -0.71770994 -0.68886928 -0.68886928
 -0.65886977 -0.65886977 -0.62805363 -0.62805363 -0.59567705 -0.59567705
 -0.56257459 -0.56257459 -0.52918328 -0.52918328 -0.49476802 -0.49476802
 -0.46007796 -0.46007796 -0.4257254  -0.4257254  -0.39091288 -0.39091288
 -0.35565202 -0.35565202 -0.32095697 -0.32095697 -0.28555042 -0.28555042
 -0.25071612 -0.25071612 -0.21573414 -0.21573414 -0.1804267  -0.1804267
 -0.14567027 -0.14567027 -0.11101009 -0.11101009 -0.07695433 -0.07695433
 -0.04309242 -0.04309242 -0.00915035 -0.00915035  0.00914856  0.00914856
  0.04309325  0.04309325  0.07696099  0.07696099  0.11100806  0.11100806
  0.14567022  0.14567022  0.18042798  0.18042798  0.21573488  0.21573488
  0.25071483  0.25071483  0.28555188  0.28555188  0.32096466  0.32096466
  0.35565347  0.35565347  0.39091108  0.39091108  0.42572513  0.42572513
  0.46007927  0.46007927  0.49477166  0.49477166  0.52918425  0.52918425
  0.56257534  0.56257534  0.5956785   0.5956785   0.62805426  0.62805426
  0.6588703   0.6588703   0.68886224  0.68886224  0.71770932  0.71770932
  0.74425527  0.74425527  0.76982298  0.76982298  0.79296702  0.79296702
  0.81457247  0.81457247  0.83416604  0.83416604  0.85179869  0.85179869
  0.86737751  0.86737751  0.88154586  0.88154586  0.89394207  0.89394207
  0.90466554  0.90466554]
localization_length: 3.4158387616676555
3.4063042832288386
W_list: [2.0]
L_list: [109.00173706332284]
