Norm difference: 1.0
Norm difference: 1.0
1 1
1 2
2 1
2 2
1 1
1 2
2 1
2 2
1 1
1 2
2 1
2 2
1 1
1 2
2 1
2 2
1 1
1 2
2 1
2 2
1 1
1 2
2 1
2 2
1 1
1 2
2 1
2 2
1 1
1 2
2 1
2 2
1 1
1 2
2 1
2 2
1 1
1 2
2 1
2 2
1 1
1 2
2 1
2 2
1 1
1 2
2 1
2 2
1 1
1 2
2 1
2 2
1 1
1 2
2 1
2 2
1 1
1 2
2 1
2 2
1 1
1 2
2 1
2 2
1 1
1 2
2 1
2 2
1 1
1 2
2 1
2 2
1 1
1 2
2 1
2 2
1 1
1 2
2 1
2 2
1 1 1 1.278227773337387e-6
1 2 1 1.9653130842607918e-6
2 1 1 1.4867810639744571e-6
2 2 1 1.325798520783461e-6
1 1 2 1.4494435611401429e-6
1 2 2 1.2514462006282118e-6
2 1 2 5.284250343698176e-7
2 2 2 1.0652436358495228e-6
1 1 3 6.811117293804023e-7
1 2 3 1.0132692289980052e-6
2 1 3 9.430241667344552e-7
2 2 3 6.809177371253518e-7
1 1 4 8.400988223100344e-7
1 2 4 8.254320305596248e-7
2 1 4 5.833437874055709e-7
2 2 4 5.481116663244601e-7
1 1 5 5.868769705007216e-7
1 2 5 4.5211846062964017e-7
2 1 5 4.549544653355145e-7
2 2 5 6.345000522731212e-7
1 1 6 4.3578719142312984e-7
1 2 6 5.522996961175553e-7
2 1 6 6.452655245801193e-7
2 2 6 4.995814924864628e-7
1 1 7 6.352826511800132e-7
1 2 7 6.58935340504488e-7
2 1 7 6.708622807607371e-7
2 2 7 8.477824089388641e-7
1 1 8 5.575981742630943e-7
1 2 8 8.715912743402476e-7
2 1 8 4.088339708685192e-7
2 2 8 1.0432894639281573e-6
1 1 9 9.529831655587208e-7
1 2 9 8.537069566448227e-7
2 1 9 1.8037387954195994e-6
2 2 9 3.727477624254173e-7
1 1 10 1.55652793328999e-6
1 2 10 5.900536904824807e-7
2 1 10 1.3897032070430287e-6
2 2 10 1.0041649306387064e-6
1 1 11 1.1219824111432907e-6
1 2 11 1.3147632566820574e-6
2 1 11 4.2844541650487917e-7
2 2 11 1.8881437346128192e-6
1 1 12 9.950733773239623e-7
1 2 12 1.495515661613885e-6
2 1 12 1.2608686849181913e-6
2 2 12 8.972369824989339e-7
1 1 13 2.0110349659731557e-6
1 2 13 1.2789464196771176e-6
2 1 13 3.412403160372383e-6
2 2 13 1.7603991774406456e-6
1 1 14 2.3170716050618063e-6
1 2 14 1.3030345985600184e-6
2 1 14 9.684741560961886e-7
2 2 14 6.817151185504158e-7
1 1 15 2.0637616097151648e-6
1 2 15 1.4839510754559616e-6
2 1 15 3.236240284903105e-6
2 2 15 2.4464413243261652e-6
1 1 16 3.4011277537258985e-6
1 2 16 3.4104712262346233e-6
2 1 16 3.782766977124193e-6
2 2 16 5.057588155008745e-6
1 1 17 6.193359613871046e-6
1 2 17 6.038439714473411e-6
2 1 17 1.1084524707814034e-5
2 2 17 7.67353048062328e-6
1 1 18 8.096779299543626e-6
1 2 18 8.342489764304222e-6
2 1 18 3.337061442038885e-6
2 2 18 8.886875988288327e-6
1 1 19 9.472896122995433e-6
1 2 19 8.386262104543358e-6
2 1 19 1.7528269064818337e-5
2 2 19 6.503454044776237e-6
1 1 20 1.4539827208291778e-5
1 2 20 1.2186682829113452e-5
2 1 20 9.136641261496774e-6
2 2 20 1.9337880247619987e-5
