W: 3.2
num_iter: 0
[-0.83998462 -0.83998462 -0.82042987 -0.82042987 -0.79587134 -0.79587134
 -0.76711173 -0.76711173 -0.73403445 -0.73403445 -0.69636992 -0.69636992
 -0.65438852 -0.65438852 -0.60763284 -0.60763284 -0.55607395 -0.55607395
 -0.49984228 -0.49984228 -0.43723486 -0.43723486 -0.36942944 -0.36942944
 -0.2949251  -0.2949251  -0.21648278 -0.21648278 -0.13189192 -0.13189192
 -0.03746472 -0.03746472  0.03746529  0.03746529  0.13189248  0.13189248
  0.21648385  0.21648385  0.29491811  0.29491811  0.36942936  0.36942936
  0.43723893  0.43723893  0.49984124  0.49984124  0.5560779   0.5560779
  0.60763384  0.60763384  0.65439335  0.65439335  0.69636579  0.69636579
  0.73403539  0.73403539  0.76711032  0.76711032  0.79587129  0.79587129
  0.82042868  0.82042868  0.83998251  0.83998251]
localization_length: 1.6682361219628135
1.6956588667715833
W_list: [3.2]
L_list: [27.130541868345333]
