Norm difference: 1.0
Norm difference: 1.0
1 1
1 2
2 1
2 2
1 1
1 2
2 1
2 2
1 1
1 2
2 1
2 2
1 1
1 2
2 1
2 2
1 1
1 2
2 1
2 2
1 1
1 2
2 1
2 2
1 1
1 2
2 1
2 2
1 1
1 2
2 1
2 2
1 1
1 2
2 1
2 2
1 1
1 2
2 1
2 2
1 1
1 2
2 1
2 2
1 1
1 2
2 1
2 2
1 1
1 2
2 1
2 2
1 1
1 2
2 1
2 2
1 1
1 2
2 1
2 2
1 1
1 2
2 1
2 2
1 1
1 2
2 1
2 2
1 1
1 2
2 1
2 2
1 1
1 2
2 1
2 2
1 1
1 2
2 1
2 2
1 1 1 0.010045300639080313
1 2 1 0.012772957036381094
2 1 1 0.0188736150080943
2 2 1 0.016551818987978955
1 1 2 0.011949999724377524
1 2 2 0.013113498517315931
2 1 2 0.013531048051767252
2 2 2 0.016242910900899462
1 1 3 0.011721446417666764
1 2 3 0.013535734627259483
2 1 3 0.011388256844317058
2 2 3 0.01223670004126607
1 1 4 0.01095822904139906
1 2 4 0.010086261140622593
2 1 4 0.012302439211633867
2 2 4 0.013009043185446803
1 1 5 0.009272043046555377
1 2 5 0.010033613027886922
2 1 5 0.01227193574029658
2 2 5 0.00925264369759908
1 1 6 0.008418689928514127
1 2 6 0.009296269378846176
2 1 6 0.010277221538633235
2 2 6 0.009163821481396802
1 1 7 0.005581965319253189
1 2 7 0.006550659874524479
2 1 7 0.007633857000181822
2 2 7 0.009134156200107109
1 1 8 0.005997423416960698
1 2 8 0.0064927197099224395
2 1 8 0.005527543417517112
2 2 8 0.007385879664140863
1 1 9 0.00348041232845474
1 2 9 0.004137622541578353
2 1 9 0.004926000649274844
2 2 9 0.005475161609658599
1 1 10 0.004328221450259385
1 2 10 0.0047313574207469705
2 1 10 0.0043096071341995066
2 2 10 0.0045434372747080575
1 1 11 0.0046958514584962445
1 2 11 0.003586939167743152
2 1 11 0.003409270564201388
2 2 11 0.004144522566256833
1 1 12 0.0034131669905951003
1 2 12 0.002536695358445047
2 1 12 0.003978376629337055
2 2 12 0.004101348268073429
1 1 13 0.002270505038109194
1 2 13 0.003966339649135025
2 1 13 0.0031452194444203476
2 2 13 0.002718842204567807
1 1 14 0.001810964577979279
1 2 14 0.0022886658648489664
2 1 14 0.0024953960108421063
2 2 14 0.0032501604972742246
1 1 15 0.0025080808553195316
1 2 15 0.002444349264294837
2 1 15 0.0018304183948087201
2 2 15 0.002298137093878488
1 1 16 0.0013955455534437468
1 2 16 0.0019477308510290666
2 1 16 0.0024776107639578153
2 2 16 0.0023209228528963182
1 1 17 0.0016473201557965968
1 2 17 0.0017850968972473059
2 1 17 0.0017183091504191055
2 2 17 0.0018403402264813283
1 1 18 0.0015018006355585344
1 2 18 0.0012745844120349479
2 1 18 0.0015925887985951607
2 2 18 0.0017009193976310992
1 1 19 0.0013808781575701374
1 2 19 0.0014932580229503143
2 1 19 0.0013973805587672015
2 2 19 0.0013429357595305732
1 1 20 0.000862044332908026
1 2 20 0.0013695250549319402
2 1 20 0.0012298057611426418
2 2 20 0.0014937689194552653
