Norm difference: 1.0
Norm difference: 1.0
1 1
1 2
2 1
2 2
1 1
1 2
2 1
2 2
1 1
1 2
2 1
2 2
1 1
1 2
2 1
2 2
1 1
1 2
2 1
2 2
1 1
1 2
2 1
2 2
1 1
1 2
2 1
2 2
1 1
1 2
2 1
2 2
1 1
1 2
2 1
2 2
1 1
1 2
2 1
2 2
1 1
1 2
2 1
2 2
1 1
1 2
2 1
2 2
1 1
1 2
2 1
2 2
1 1
1 2
2 1
2 2
1 1
1 2
2 1
2 2
1 1
1 2
2 1
2 2
1 1
1 2
2 1
2 2
1 1
1 2
2 1
2 2
1 1
1 2
2 1
2 2
1 1
1 2
2 1
2 2
1 1 1 0.00032259720051471403
1 2 1 0.0004893964020055094
2 1 1 0.0006989179293322318
2 2 1 0.0005195124640050119
1 1 2 0.000656925136445989
1 2 2 0.0006213219841508579
2 1 2 0.0007187050410331038
2 2 2 0.0007580668117651986
1 1 3 0.0002992723965099788
1 2 3 0.000623085463132537
2 1 3 0.0008019158725499877
2 2 3 0.0010822555534593097
1 1 4 0.0009614753117439086
1 2 4 0.0005915036440732856
2 1 4 0.0008247060187322458
2 2 4 0.0014247769665059328
1 1 5 0.0006433037906467071
1 2 5 0.000548898259008718
2 1 5 0.0005127443605134566
2 2 5 0.0009519721125181666
1 1 6 0.0007706838329645581
1 2 6 0.000831423535178845
2 1 6 0.0010313473176499532
2 2 6 0.0007308367778886811
1 1 7 0.0005464238723723866
1 2 7 0.0006150922601034662
2 1 7 0.0010335527300568055
2 2 7 0.0005677668280404901
1 1 8 0.000899234052741265
1 2 8 0.0005559536196538448
2 1 8 0.0011578462702537494
2 2 8 0.0008868171269471416
1 1 9 0.0006694398453352082
1 2 9 0.0007044960177593803
2 1 9 0.0009448055325463817
2 2 9 0.0011476009313271095
1 1 10 0.0006752916658651759
1 2 10 0.0007328600827429015
2 1 10 0.0009627020027152385
2 2 10 0.0011362091559410329
1 1 11 0.0007799775084719702
1 2 11 0.0007241645473517393
2 1 11 0.0007943604526048483
2 2 11 0.0010367002228860805
1 1 12 0.00048701581568680075
1 2 12 0.0008119514247151864
2 1 12 0.0005857883373738333
2 2 12 0.0012405716225206641
1 1 13 0.0007181789284555377
1 2 13 0.0009258931144360332
2 1 13 0.000707701848909411
2 2 13 0.0010142892915256207
1 1 14 0.0005863944334862606
1 2 14 0.0008741352144658644
2 1 14 0.0007677764923361733
2 2 14 0.0006694518551739589
1 1 15 0.00032963695522173316
1 2 15 0.0006887752186467259
2 1 15 0.0007074292675001066
2 2 15 0.0006893206216849045
1 1 16 0.0006060816143661002
1 2 16 0.0005763070839418046
2 1 16 0.0006878106449687224
2 2 16 0.0008684039171462781
1 1 17 0.00047857962522460166
1 2 17 0.0004804544693094204
2 1 17 0.0005245835116284406
2 2 17 0.0007568526924610269
1 1 18 0.0005202232935502837
1 2 18 0.0003875468216617478
2 1 18 0.0006254835175009527
2 2 18 0.0005949559518711005
1 1 19 0.0004191178261794196
1 2 19 0.0004807381742920339
2 1 19 0.0005593628405264867
2 2 19 0.0004895925197321053
1 1 20 0.0003576245468700017
1 2 20 0.0004663118957785288
2 1 20 0.0004728724954146344
2 2 20 0.00045090252058868716
