Norm difference: 1.0
Norm difference: 1.0000000000000002
1 1
1 2
1 3
2 1
2 2
2 3
3 1
3 2
3 3
1 1
1 2
1 3
2 1
2 2
2 3
3 1
3 2
3 3
1 1
1 2
1 3
2 1
2 2
2 3
3 1
3 2
3 3
1 1
1 2
1 3
2 1
2 2
2 3
3 1
3 2
3 3
1 1
1 2
1 3
2 1
2 2
2 3
3 1
3 2
3 3
1 1
1 2
1 3
2 1
2 2
2 3
3 1
3 2
3 3
1 1
1 2
1 3
2 1
2 2
2 3
3 1
3 2
3 3
1 1
1 2
1 3
2 1
2 2
2 3
3 1
3 2
3 3
1 1
1 2
1 3
2 1
2 2
2 3
3 1
3 2
3 3
1 1
1 2
1 3
2 1
2 2
2 3
3 1
3 2
3 3
1 1
1 2
1 3
2 1
2 2
2 3
3 1
3 2
3 3
1 1
1 2
1 3
2 1
2 2
2 3
3 1
3 2
3 3
1 1
1 2
1 3
2 1
2 2
2 3
3 1
3 2
3 3
1 1
1 2
1 3
2 1
2 2
2 3
3 1
3 2
3 3
1 1
1 2
1 3
2 1
2 2
2 3
3 1
3 2
3 3
1 1
1 2
1 3
2 1
2 2
2 3
3 1
3 2
3 3
1 1
1 2
1 3
2 1
2 2
2 3
3 1
3 2
3 3
1 1
1 2
1 3
2 1
2 2
2 3
3 1
3 2
3 3
1 1
1 2
1 3
2 1
2 2
2 3
3 1
3 2
3 3
1 1
1 2
1 3
2 1
2 2
2 3
3 1
3 2
3 3
1 1 1 0.005827252245498624
1 2 1 0.007874167635649998
1 3 1 0.007213702756039689
2 1 1 0.005545849206333213
2 2 1 0.00501250921309897
2 3 1 0.006076608042512932
3 1 1 0.008143331850556736
3 2 1 0.00788119389576078
3 3 1 0.007291051730725645
1 1 2 0.005405204801584716
1 2 2 0.005733258612319786
1 3 2 0.00806902938855127
2 1 2 0.005931950179784966
2 2 2 0.007120417610649283
2 3 2 0.005973193222338991
3 1 2 0.006810176570187232
3 2 2 0.008305642997954141
3 3 2 0.009271712461303287
1 1 3 0.0063482642967315275
1 2 3 0.004506730685209679
1 3 3 0.005776889026391835
2 1 3 0.005282171236459207
2 2 3 0.004305839467096312
2 3 3 0.005580285641462139
3 1 3 0.005310186452345956
3 2 3 0.005856621115251278
3 3 3 0.008189069535570992
1 1 4 0.004167396660253118
1 2 4 0.0059441862463345835
1 3 4 0.007823771149257416
2 1 4 0.0053900210511180855
2 2 4 0.004866700141154358
2 3 4 0.0067861374716479805
3 1 4 0.0072153357247572
3 2 4 0.005834177507638789
3 3 4 0.004998282760420138
1 1 5 0.004181257598937218
1 2 5 0.004659613899212678
1 3 5 0.0055551824633803
2 1 5 0.005472343875284402
2 2 5 0.0036983537789453532
2 3 5 0.004762659459039646
3 1 5 0.004881398107994764
3 2 5 0.004369115177295465
3 3 5 0.007475263460044813
1 1 6 0.004523985413753012
1 2 6 0.0034703101439796705
1 3 6 0.005274875946076934
2 1 6 0.00421107854550828
2 2 6 0.004823229249108115
2 3 6 0.007055757869028094
3 1 6 0.006042933227963011
3 2 6 0.005225196192098542
3 3 6 0.005678854594408341
1 1 7 0.003723176185168647
1 2 7 0.004526304192676844
1 3 7 0.006525303403003847
2 1 7 0.003083786414163383
2 2 7 0.004014149841494995
2 3 7 0.004815309985799867
3 1 7 0.004824823236704853
3 2 7 0.0032358172395625545
3 3 7 0.004880995051749116
1 1 8 0.004209928794255073
1 2 8 0.003840477108030766
1 3 8 0.0041857615106536145
2 1 8 0.0031026903932496234
2 2 8 0.003690301865555228
2 3 8 0.005127891771926619
3 1 8 0.0033872623075760612
3 2 8 0.005290122531017072
3 3 8 0.007199971956984424
1 1 9 0.003783081087598191
1 2 9 0.0030449507160919516
1 3 9 0.003391280003832115
2 1 9 0.002427617297942444
2 2 9 0.004053957662333787
2 3 9 0.005338331468419598
3 1 9 0.0033960517556033696
3 2 9 0.0028852191181543076
3 3 9 0.003243126217481862
1 1 10 0.002884113704049544
1 2 10 0.0035437069173718345
1 3 10 0.004382920389061969
2 1 10 0.0037855081677466416
2 2 10 0.0033598207661585146
2 3 10 0.0033193325710792255
3 1 10 0.0026012681837440364
3 2 10 0.0035964904856324283
3 3 10 0.005330265838695181
1 1 11 0.0028857702737448967
1 2 11 0.0027402740114576855
1 3 11 0.0027504762005230166
2 1 11 0.0025709552646794205
2 2 11 0.0028050752343983195
2 3 11 0.0024909476097139975
3 1 11 0.002694184330974355
3 2 11 0.003611327148955089
3 3 11 0.004094060509310249
1 1 12 0.0026577913295200615
1 2 12 0.0021771384838999617
1 3 12 0.0024928286460971115
2 1 12 0.0034656112994363815
2 2 12 0.0023757311208681933
2 3 12 0.0022857939987692053
3 1 12 0.0034744961562792774
3 2 12 0.002393994082924926
3 3 12 0.002348816047448944
1 1 13 0.002363170734909047
1 2 13 0.0021689758653510734
1 3 13 0.0022059016731572614
2 1 13 0.002302571355976459
2 2 13 0.0017700210216330832
2 3 13 0.001457978107793118
3 1 13 0.002291040445307038
3 2 13 0.0025469205814243807
3 3 13 0.0021840873489535643
1 1 14 0.0018001930247294289
1 2 14 0.001845725297706141
1 3 14 0.0020321040869029252
2 1 14 0.002513645471863367
2 2 14 0.0017460535587443134
2 3 14 0.002181921934995292
3 1 14 0.003273086563173699
3 2 14 0.0017313936709702805
3 3 14 0.001698895299564979
1 1 15 0.0016401280114557311
1 2 15 0.0014942920273677434
1 3 15 0.001603083944744739
2 1 15 0.001771476058221785
2 2 15 0.0019230463627422738
2 3 15 0.0014501271003913825
3 1 15 0.0021797085168889967
3 2 15 0.0017310831607299476
3 3 15 0.0016729014228734952
1 1 16 0.0015980458945897217
1 2 16 0.0013747317228330934
1 3 16 0.001644129896467179
2 1 16 0.001253074685407143
2 2 16 0.0014275039344016512
2 3 16 0.0023868029963333435
3 1 16 0.0019016418845861811
3 2 16 0.002131595418294477
3 3 16 0.0018891748600345828
1 1 17 0.0013621368607583712
1 2 17 0.0014193424517455404
1 3 17 0.001623098584138299
2 1 17 0.0011605359405084759
2 2 17 0.0014035285827860677
2 3 17 0.0013580179243365062
3 1 17 0.0018187160911212294
3 2 17 0.0013460309636741503
3 3 17 0.001399295736378723
1 1 18 0.0013659890580230538
1 2 18 0.0010725105178636884
1 3 18 0.0013533751987710213
2 1 18 0.000871063531238939
2 2 18 0.0011545791340179575
2 3 18 0.0019535611234325115
3 1 18 0.0013212181911320632
3 2 18 0.0015264708477817916
3 3 18 0.00246078155905152
1 1 19 0.0013123544547317977
1 2 19 0.0011157694982479457
1 3 19 0.0011003813431326762
2 1 19 0.0011568846089620411
2 2 19 0.001639606803029708
2 3 19 0.0011291070442081032
3 1 19 0.001132645529005137
3 2 19 0.0015184694124663553
3 3 19 0.0011293169710489368
1 1 20 0.0011217188498303184
1 2 20 0.0013619499310219435
1 3 20 0.0012407487803722632
2 1 20 0.0010998163759249776
2 2 20 0.0008745771831614188
2 3 20 0.0014087714531832315
3 1 20 0.0012945987826297773
3 2 20 0.0011989066703739855
3 3 20 0.001966494564161098
