[-2.41421356 -1.         -1.         -0.41421356  0.41421356  1.
  1.          2.41421356]
W: 2.8
num_iter: 0
[-0.69916807 -0.68639096 -0.67230643 -0.65813562 -0.64353167 -0.62779941
 -0.61260813 -0.59597026 -0.5795166  -0.5628009  -0.54465291 -0.52629133
 -0.50777013 -0.48936121 -0.46992126 -0.45019407 -0.43023876 -0.41003556
 -0.38891603 -0.36715111 -0.34599072 -0.3231282  -0.30114325 -0.27776324
 -0.25390796 -0.22906801 -0.20370014 -0.17628433 -0.1483607  -0.11821658
 -0.08616758 -0.04780491  0.04780805  0.08615374  0.11822553  0.14836621
  0.17627862  0.20369086  0.22907681  0.25391002  0.27777227  0.30114903
  0.32313321  0.34599884  0.36712884  0.38890668  0.41003404  0.43024337
  0.45019745  0.46992463  0.48936489  0.50778264  0.52630023  0.54464305
  0.56280675  0.57951762  0.59595588  0.61260627  0.62780412  0.64353265
  0.65813795  0.67229461  0.6863894   0.69916176]
localization_length: 0.6536986101943857
0.6494465639203207
W_list: [2.8]
L_list: [0.6494465639203207]
[-2.41421356 -1.         -1.         -0.41421356  0.41421356  1.
  1.          2.41421356]
W: 2.8
num_iter: 0
[-0.69926206 -0.6857959  -0.67209853 -0.65749407 -0.64308073 -0.62793153
 -0.61196308 -0.59555671 -0.57946658 -0.5617451  -0.54420806 -0.52602098
 -0.50749529 -0.48895976 -0.46974669 -0.44986406 -0.42992959 -0.4094349
 -0.38851088 -0.36786481 -0.34590229 -0.32403185 -0.30073633 -0.27793556
 -0.25389858 -0.22895555 -0.20377614 -0.17651753 -0.14858999 -0.11868916
 -0.0853582  -0.04720703  0.04721134  0.08535241  0.11869132  0.14858563
  0.1765171   0.20378622  0.22894978  0.25391128  0.27793892  0.30072457
  0.32403154  0.34590262  0.36787556  0.38849924  0.40943603  0.42993672
  0.44985603  0.46976069  0.48895566  0.50752156  0.5260102   0.54421029
  0.56173812  0.57946491  0.59554228  0.61196398  0.62793368  0.64307774
  0.65749262  0.67209762  0.68578928  0.69926257]
localization_length: 0.6619776552819142
0.6696627373467743
W_list: [2.8]
L_list: [0.6696627373467743]
