Norm difference: 1.0
Norm difference: 1.0
1 1
1 2
1 3
2 1
2 2
2 3
3 1
3 2
3 3
1 1
1 2
1 3
2 1
2 2
2 3
3 1
3 2
3 3
1 1
1 2
1 3
2 1
2 2
2 3
3 1
3 2
3 3
1 1
1 2
1 3
2 1
2 2
2 3
3 1
3 2
3 3
1 1
1 2
1 3
2 1
2 2
2 3
3 1
3 2
3 3
1 1
1 2
1 3
2 1
2 2
2 3
3 1
3 2
3 3
1 1
1 2
1 3
2 1
2 2
2 3
3 1
3 2
3 3
1 1
1 2
1 3
2 1
2 2
2 3
3 1
3 2
3 3
1 1
1 2
1 3
2 1
2 2
2 3
3 1
3 2
3 3
1 1
1 2
1 3
2 1
2 2
2 3
3 1
3 2
3 3
1 1
1 2
1 3
2 1
2 2
2 3
3 1
3 2
3 3
1 1
1 2
1 3
2 1
2 2
2 3
3 1
3 2
3 3
1 1
1 2
1 3
2 1
2 2
2 3
3 1
3 2
3 3
1 1
1 2
1 3
2 1
2 2
2 3
3 1
3 2
3 3
1 1
1 2
1 3
2 1
2 2
2 3
3 1
3 2
3 3
1 1
1 2
1 3
2 1
2 2
2 3
3 1
3 2
3 3
1 1
1 2
1 3
2 1
2 2
2 3
3 1
3 2
3 3
1 1
1 2
1 3
2 1
2 2
2 3
3 1
3 2
3 3
1 1
1 2
1 3
2 1
2 2
2 3
3 1
3 2
3 3
1 1
1 2
1 3
2 1
2 2
2 3
3 1
3 2
3 3
1 1 1 0.0035271665353499835
1 2 1 0.00409585719425423
1 3 1 0.0024965205163992718
2 1 1 0.0040962325318231576
2 2 1 0.0035125909786754895
2 3 1 0.0038697221898563528
3 1 1 0.003369913024473166
3 2 1 0.003611727827244288
3 3 1 0.003198164831012312
1 1 2 0.004501767434633699
1 2 2 0.0032032631429223316
1 3 2 0.0030941482705537805
2 1 2 0.003627007446430211
2 2 2 0.0029754913992212427
2 3 2 0.0038644604290336637
3 1 2 0.003906746113413894
3 2 2 0.002502140247206879
3 3 2 0.003154600210829594
1 1 3 0.002926680212813517
1 2 3 0.00251827823077682
1 3 3 0.0056018627443159994
2 1 3 0.0031964229609622342
2 2 3 0.002967733848982834
2 3 3 0.0032031631720151584
3 1 3 0.003510171877001973
3 2 3 0.00239910698242761
3 3 3 0.003424833421218408
1 1 4 0.003136145498167381
1 2 4 0.002750235054516987
1 3 4 0.00463739414493367
2 1 4 0.0037359495087669766
2 2 4 0.0026878181037286617
2 3 4 0.003998131219481266
3 1 4 0.0038255835219858413
3 2 4 0.002914751429568498
3 3 4 0.003212833301852819
1 1 5 0.004060813063956699
1 2 5 0.003023809181333093
1 3 5 0.004311039654444634
2 1 5 0.003433157003430596
2 2 5 0.0024256527375284406
2 3 5 0.004271365816371198
3 1 5 0.0035138305723719397
3 2 5 0.0022280574852840194
3 3 5 0.003896223750845583
1 1 6 0.0026342058331785267
1 2 6 0.0028003373127525434
1 3 6 0.003990720046281335
2 1 6 0.002563859458569379
2 2 6 0.0027025320161616134
2 3 6 0.002929717117071179
3 1 6 0.003064238957252717
3 2 6 0.00246749216477274
3 3 6 0.0036486939005958433
1 1 7 0.0027250758391060242
1 2 7 0.002914290442823675
1 3 7 0.0033682191510655476
2 1 7 0.002227892127509619
2 2 7 0.002104939841153506
2 3 7 0.003362655577288473
3 1 7 0.002480257635204017
3 2 7 0.002444707781839309
3 3 7 0.0035525255742930245
1 1 8 0.001931490186726534
1 2 8 0.0024844025102123647
1 3 8 0.004218854233765184
2 1 8 0.0027556753835432384
2 2 8 0.0023058963127250954
2 3 8 0.003377111707464604
3 1 8 0.0018862363460673854
3 2 8 0.0024326045018636332
3 3 8 0.003758224747115855
1 1 9 0.0026077124721247623
1 2 9 0.0028509874144292393
1 3 9 0.0036738422456156147
2 1 9 0.0021316243103194597
2 2 9 0.0026373936572186884
2 3 9 0.003105006120029385
3 1 9 0.0020692773178230127
3 2 9 0.0027672702502890777
3 3 9 0.0036287742856914605
1 1 10 0.0021521254680325203
1 2 10 0.0023825828211786874
1 3 10 0.0033797053472757175
2 1 10 0.001503405301037573
2 2 10 0.0016716486684424214
2 3 10 0.0036326038586135256
3 1 10 0.0018049239443085497
3 2 10 0.0024635932404651673
3 3 10 0.003238558879995028
1 1 11 0.002796885077541819
1 2 11 0.002708848828582157
1 3 11 0.0031233692527089392
2 1 11 0.0021616526693463483
2 2 11 0.001848624929098213
2 3 11 0.0024950615784989005
3 1 11 0.001502308522307684
3 2 11 0.0019934233575148353
3 3 11 0.002658818726694121
1 1 12 0.002284101984303232
1 2 12 0.002638503184019438
1 3 12 0.002563539759592671
2 1 12 0.0019168925937254632
2 2 12 0.0019314491881320505
2 3 12 0.002198511497729204
3 1 12 0.0016817035038115525
3 2 12 0.0018796069242770573
3 3 12 0.0027879282626819485
1 1 13 0.0020530195015709637
1 2 13 0.0034727742867537463
1 3 13 0.002391447839884519
2 1 13 0.002456468704041257
2 2 13 0.0025602194655949357
2 3 13 0.0019808894767057842
3 1 13 0.0022110968690709784
3 2 13 0.0026156997989656176
3 3 13 0.0020248314548091716
1 1 14 0.0024425425399444405
1 2 14 0.002446559401053798
1 3 14 0.002774886488146975
2 1 14 0.0025302172660099354
2 2 14 0.001595071443736729
2 3 14 0.0015738391231157876
3 1 14 0.0019663374609229277
3 2 14 0.0027555552446991284
3 3 14 0.002681494719893894
1 1 15 0.00262271598598438
1 2 15 0.0032639920131895235
1 3 15 0.002982797937280273
2 1 15 0.0017262281085316008
2 2 15 0.0020206586044746776
2 3 15 0.0021353796079323895
3 1 15 0.002263224538379712
3 2 15 0.002985673699275761
3 3 15 0.0020474856644077206
1 1 16 0.0028097337112109218
1 2 16 0.002978362516977008
1 3 16 0.002490325552963957
2 1 16 0.00181267787269572
2 2 16 0.0018864476059561159
2 3 16 0.0018849509965281302
3 1 16 0.002337249997726643
3 2 16 0.002622538723268666
3 3 16 0.002083846144741319
1 1 17 0.0029532729724042342
1 2 17 0.003323542091559893
1 3 17 0.0036229639168352105
2 1 17 0.0019593813456656563
2 2 17 0.0021905250160454658
2 3 17 0.002400842791168106
3 1 17 0.0023469389053961836
3 2 17 0.002690847689145413
3 3 17 0.0028598409631085085
1 1 18 0.003175145330328839
1 2 18 0.003240271406833787
1 3 18 0.0028560475467449198
2 1 18 0.0024399968623185254
2 2 18 0.0022735510997246495
2 3 18 0.0020242849917838585
3 1 18 0.002219621741165873
3 2 18 0.002639906261854734
3 3 18 0.0024163301909951324
1 1 19 0.003780237165421703
1 2 19 0.003025706463026453
1 3 19 0.0022448221838884635
2 1 19 0.003178668997680101
2 2 19 0.001985679772386594
2 3 19 0.0021129593783827277
3 1 19 0.0024352346184661512
3 2 19 0.0032466595909085086
3 3 19 0.002623757417685997
1 1 20 0.003535777827182707
1 2 20 0.003454729372853438
1 3 20 0.002206161334971015
2 1 20 0.002289177920912486
2 2 20 0.0022211277660608175
2 3 20 0.0024499142628598937
3 1 20 0.0028520209421746883
3 2 20 0.0026453346102149095
3 3 20 0.002217911590997561
