Norm difference: 1.0
Norm difference: 1.0
1 1
1 2
2 1
2 2
1 1
1 2
2 1
2 2
1 1
1 2
2 1
2 2
1 1
1 2
2 1
2 2
1 1
1 2
2 1
2 2
1 1
1 2
2 1
2 2
1 1
1 2
2 1
2 2
1 1
1 2
2 1
2 2
1 1
1 2
2 1
2 2
1 1
1 2
2 1
2 2
1 1
1 2
2 1
2 2
1 1
1 2
2 1
2 2
1 1
1 2
2 1
2 2
1 1
1 2
2 1
2 2
1 1
1 2
2 1
2 2
1 1
1 2
2 1
2 2
1 1
1 2
2 1
2 2
1 1
1 2
2 1
2 2
1 1
1 2
2 1
2 2
1 1
1 2
2 1
2 2
1 1 1 0.0003343863851808765
1 2 1 0.0006811021554734394
2 1 1 0.0012882948916022186
2 2 1 0.0010692891634310885
1 1 2 0.0006509318168761936
1 2 2 0.0007345679608057061
2 1 2 0.0020985934886509003
2 2 2 0.0006683009097631529
1 1 3 0.0007771989533633165
1 2 3 0.0006479224368891546
2 1 3 0.0017534309481807646
2 2 3 0.0009810396213196092
1 1 4 0.0009286081585561819
1 2 4 0.0006320951904730723
2 1 4 0.0009442281916931198
2 2 4 0.0012022704723479894
1 1 5 0.0007634273191363132
1 2 5 0.0005693684250708147
2 1 5 0.001004557990924896
2 2 5 0.001097687120625942
1 1 6 0.0005818353618917995
1 2 6 0.00046688949421709835
2 1 6 0.0008673715590543027
2 2 6 0.0006695332961192223
1 1 7 0.0005198359153058128
1 2 7 0.0004954203633585913
2 1 7 0.0005406412466929262
2 2 7 0.0005445285691552563
1 1 8 0.0003508557171071657
1 2 8 0.00045171776171346376
2 1 8 0.00040026729658174055
2 2 8 0.0005101203007067399
1 1 9 0.00021433316090672632
1 2 9 0.0003080821144864173
2 1 9 0.00045223140335113275
2 2 9 0.000431550658557967
1 1 10 0.00033042082934157333
1 2 10 0.0002901435207655766
2 1 10 0.0006871760757922627
2 2 10 0.0005391459948006626
1 1 11 0.0003961622469910754
1 2 11 0.0002097527646820412
2 1 11 0.0007046836522205613
2 2 11 0.0005224470075125414
1 1 12 0.0003456395300903254
1 2 12 0.0002531964786265625
2 1 12 0.0007037585128546313
2 2 12 0.0004010850446417431
1 1 13 0.0003774038063395496
1 2 13 0.00024428604224127387
2 1 13 0.0006470748619533318
2 2 13 0.0002787026741935148
1 1 14 0.00024709056038545966
1 2 14 0.00023026317999995377
2 1 14 0.0005078880349713556
2 2 14 0.00034965816161961275
1 1 15 0.0002992308210071582
1 2 15 0.00019124199049577116
2 1 15 0.00031022862446777443
2 2 15 0.00035715174816259145
1 1 16 0.00020412786625674455
1 2 16 0.00014489670312766144
2 1 16 0.00029073669339382537
2 2 16 0.00029310287138944807
1 1 17 0.00019833707224051357
1 2 17 0.00017073057636313602
2 1 17 0.0002976047140381469
2 2 17 0.0002250907806540067
1 1 18 0.00015769585716000185
1 2 18 0.00014303740993421512
2 1 18 0.00026853937483485064
2 2 18 0.00024142030380658363
1 1 19 0.00018150430266529403
1 2 19 0.00016115488975933101
2 1 19 0.00019665064109586559
2 2 19 0.0002556671701519419
1 1 20 0.00015840897123213624
1 2 20 0.0001398566120485002
2 1 20 0.00021671675095364835
2 2 20 0.00020466869534761477
