Norm difference: 1.0
Norm difference: 1.0
1 1
1 2
1 3
2 1
2 2
2 3
3 1
3 2
3 3
1 1
1 2
1 3
2 1
2 2
2 3
3 1
3 2
3 3
1 1
1 2
1 3
2 1
2 2
2 3
3 1
3 2
3 3
1 1
1 2
1 3
2 1
2 2
2 3
3 1
3 2
3 3
1 1
1 2
1 3
2 1
2 2
2 3
3 1
3 2
3 3
1 1
1 2
1 3
2 1
2 2
2 3
3 1
3 2
3 3
1 1
1 2
1 3
2 1
2 2
2 3
3 1
3 2
3 3
1 1
1 2
1 3
2 1
2 2
2 3
3 1
3 2
3 3
1 1
1 2
1 3
2 1
2 2
2 3
3 1
3 2
3 3
1 1
1 2
1 3
2 1
2 2
2 3
3 1
3 2
3 3
1 1
1 2
1 3
2 1
2 2
2 3
3 1
3 2
3 3
1 1
1 2
1 3
2 1
2 2
2 3
3 1
3 2
3 3
1 1
1 2
1 3
2 1
2 2
2 3
3 1
3 2
3 3
1 1
1 2
1 3
2 1
2 2
2 3
3 1
3 2
3 3
1 1
1 2
1 3
2 1
2 2
2 3
3 1
3 2
3 3
1 1
1 2
1 3
2 1
2 2
2 3
3 1
3 2
3 3
1 1
1 2
1 3
2 1
2 2
2 3
3 1
3 2
3 3
1 1
1 2
1 3
2 1
2 2
2 3
3 1
3 2
3 3
1 1
1 2
1 3
2 1
2 2
2 3
3 1
3 2
3 3
1 1
1 2
1 3
2 1
2 2
2 3
3 1
3 2
3 3
1 1 1 0.007921044013047223
1 2 1 0.008625313079834282
1 3 1 0.011597912433030736
2 1 1 0.006067175990625913
2 2 1 0.006212676569154597
2 3 1 0.0094698201119553
3 1 1 0.009988105232270847
3 2 1 0.009909179762406056
3 3 1 0.012715495025241122
1 1 2 0.008937127242706955
1 2 2 0.00684300192337393
1 3 2 0.01071620658597258
2 1 2 0.006466009702237931
2 2 2 0.004978162995722106
2 3 2 0.007635251877213635
3 1 2 0.011729386840497773
3 2 2 0.007662491125912446
3 3 2 0.0155374787426181
1 1 3 0.008587636602731203
1 2 3 0.0046515030382256965
1 3 3 0.013399394027298561
2 1 3 0.006389371601149918
2 2 3 0.0032004428910895944
2 3 3 0.008864801604301772
3 1 3 0.013265331371468642
3 2 3 0.006136741625816547
3 3 3 0.015981918295210645
1 1 4 0.007567688291431311
1 2 4 0.005531477764718207
1 3 4 0.009906287502626381
2 1 4 0.006884658911492146
2 2 4 0.002775008013691701
2 3 4 0.0064624666051765894
3 1 4 0.010719533295280277
3 2 4 0.00656727568247302
3 3 4 0.011101300737005767
1 1 5 0.006732611997809335
1 2 5 0.004560747340471366
1 3 5 0.009310742551878286
2 1 5 0.005854572283414128
2 2 5 0.003955339693552594
2 3 5 0.005905529792674437
3 1 5 0.012075838944978443
3 2 5 0.006143871464493815
3 3 5 0.01178514520066828
1 1 6 0.009246123974690296
1 2 6 0.0042205495814604446
1 3 6 0.009553899500300878
2 1 6 0.0055758472708490455
2 2 6 0.002293186599346089
2 3 6 0.005630756941224249
3 1 6 0.011182351442251878
3 2 6 0.006156675215355605
3 3 6 0.014618823724804376
1 1 7 0.006818202292523015
1 2 7 0.004361403642425113
1 3 7 0.008737692576252112
2 1 7 0.004173721081475329
2 2 7 0.0029907060822646015
2 3 7 0.0068866932513299145
3 1 7 0.007339465689474241
3 2 7 0.00657242453046796
3 3 7 0.011751120059376374
1 1 8 0.00857279684981042
1 2 8 0.004405539476638856
1 3 8 0.006685266110545941
2 1 8 0.004201894720299833
2 2 8 0.0024686666929011917
2 3 8 0.005824054753938877
3 1 8 0.008728615947830715
3 2 8 0.004621447207266804
3 3 8 0.011760267838097926
1 1 9 0.006436533366145148
1 2 9 0.003965173276033648
1 3 9 0.008053372492323957
2 1 9 0.003613095968812381
2 2 9 0.002291245639793049
2 3 9 0.006188024437966547
3 1 9 0.010152478382846178
3 2 9 0.006595568910965558
3 3 9 0.012326604499368567
1 1 10 0.005853834000361593
1 2 10 0.004356784846664486
1 3 10 0.006639685731678521
2 1 10 0.004729702940325063
2 2 10 0.003112862838628103
2 3 10 0.005385072789638819
3 1 10 0.00775615347760647
3 2 10 0.005309414250371865
3 3 10 0.008904435931349465
1 1 11 0.005461025368409563
1 2 11 0.003065179912295847
1 3 11 0.007427717838784485
2 1 11 0.004792195049615819
2 2 11 0.0021901620903695884
2 3 11 0.005444518852770748
3 1 11 0.009453607532860394
3 2 11 0.005101928264629301
3 3 11 0.009574122536880194
1 1 12 0.005963624065089245
1 2 12 0.0038862716650324342
1 3 12 0.0062032831352764675
2 1 12 0.005237118029081882
2 2 12 0.0027340091390116285
2 3 12 0.0040353790635310844
3 1 12 0.009719280117790729
3 2 12 0.005148173804855269
3 3 12 0.009463850667618578
1 1 13 0.004238137573269723
1 2 13 0.0027431899236789086
1 3 13 0.005244822190495822
2 1 13 0.004143001144914135
2 2 13 0.0026742942396941966
2 3 13 0.004125237158596329
3 1 13 0.006682052929062303
3 2 13 0.005179969929889813
3 3 13 0.006616465132358386
1 1 14 0.005134382788230368
1 2 14 0.0033092332987598753
1 3 14 0.004770129828556736
2 1 14 0.004109894505759994
2 2 14 0.0028871837479243793
2 3 14 0.0037303461272960164
3 1 14 0.0074186894689406285
3 2 14 0.004528352579328243
3 3 14 0.0071874060359390455
1 1 15 0.004628294500271075
1 2 15 0.0025188988891209495
1 3 15 0.005664202369639989
2 1 15 0.002687606079190454
2 2 15 0.0026834990153223486
2 3 15 0.004023976774759604
3 1 15 0.0057082434700067635
3 2 15 0.0042198438833911025
3 3 15 0.008200922809336354
1 1 16 0.003792140511450808
1 2 16 0.003000976937412949
1 3 16 0.0031555917722527306
2 1 16 0.0025228252803431786
2 2 16 0.0021502493749233375
2 3 16 0.0032436195012623703
3 1 16 0.00508910464559149
3 2 16 0.004148209644927199
3 3 16 0.005277724889100392
1 1 17 0.003269837751792861
1 2 17 0.0023554361627633807
1 3 17 0.003721604856726442
2 1 17 0.002425035865333976
2 2 17 0.001942503451773623
2 3 17 0.0031991046713350435
3 1 17 0.005513716346269194
3 2 17 0.003373622668141647
3 3 17 0.005490553031314088
1 1 18 0.003515344051114024
1 2 18 0.001799215361326146
1 3 18 0.003760799075978627
2 1 18 0.003389911195548185
2 2 18 0.0016150953116368352
2 3 18 0.002474781962823361
3 1 18 0.005236779188375541
3 2 18 0.0031778229792386765
3 3 18 0.005006107909512454
1 1 19 0.0031679372502540102
1 2 19 0.0020500289473053394
1 3 19 0.0025954258136466203
2 1 19 0.0035602071180893943
2 2 19 0.0018676775426354514
2 3 19 0.0019261690379424143
3 1 19 0.004992190096958399
3 2 19 0.0031277668895021123
3 3 19 0.003374009864758473
1 1 20 0.003176862250012004
1 2 20 0.002001684346514148
1 3 20 0.002223271612810443
2 1 20 0.0029051762354029734
2 2 20 0.0020255121942137325
2 3 20 0.0014856734383416137
3 1 20 0.004395005412513529
3 2 20 0.0025823086845438263
3 3 20 0.0036253318671756836
