W: 1.4
num_iter: 0
[-1.1383857  -1.1383857  -1.12086349 -1.12086349 -1.09802714 -1.09802714
 -1.06766964 -1.06766964 -1.0294325  -1.0294325  -0.98119873 -0.98119873
 -0.91959548 -0.91959548 -0.84044109 -0.84044109 -0.74469312 -0.74469312
 -0.63141446 -0.63141446 -0.50834857 -0.50834857 -0.39210112 -0.39210112
 -0.28888735 -0.28888735 -0.19691224 -0.19691224 -0.11267099 -0.11267099
 -0.02738326 -0.02738326  0.02738134  0.02738134  0.11267119  0.11267119
  0.19692001  0.19692001  0.2888811   0.2888811   0.39210086  0.39210086
  0.50834321  0.50834321  0.63140918  0.63140918  0.74469033  0.74469033
  0.84044289  0.84044289  0.91959842  0.91959842  0.98120174  0.98120174
  1.02943496  1.02943496  1.06767022  1.06767022  1.09802657  1.09802657
  1.12086834  1.12086834  1.13838453  1.13838453]
localization_length: 2.2825763274540405
2.313259289528473
W_list: [1.4]
L_list: [37.01214863245557]
