Norm difference: 1.0
Norm difference: 1.0
1 1
1 2
1 3
2 1
2 2
2 3
3 1
3 2
3 3
1 1
1 2
1 3
2 1
2 2
2 3
3 1
3 2
3 3
1 1
1 2
1 3
2 1
2 2
2 3
3 1
3 2
3 3
1 1
1 2
1 3
2 1
2 2
2 3
3 1
3 2
3 3
1 1
1 2
1 3
2 1
2 2
2 3
3 1
3 2
3 3
1 1
1 2
1 3
2 1
2 2
2 3
3 1
3 2
3 3
1 1
1 2
1 3
2 1
2 2
2 3
3 1
3 2
3 3
1 1
1 2
1 3
2 1
2 2
2 3
3 1
3 2
3 3
1 1
1 2
1 3
2 1
2 2
2 3
3 1
3 2
3 3
1 1
1 2
1 3
2 1
2 2
2 3
3 1
3 2
3 3
1 1
1 2
1 3
2 1
2 2
2 3
3 1
3 2
3 3
1 1
1 2
1 3
2 1
2 2
2 3
3 1
3 2
3 3
1 1
1 2
1 3
2 1
2 2
2 3
3 1
3 2
3 3
1 1
1 2
1 3
2 1
2 2
2 3
3 1
3 2
3 3
1 1
1 2
1 3
2 1
2 2
2 3
3 1
3 2
3 3
1 1
1 2
1 3
2 1
2 2
2 3
3 1
3 2
3 3
1 1
1 2
1 3
2 1
2 2
2 3
3 1
3 2
3 3
1 1
1 2
1 3
2 1
2 2
2 3
3 1
3 2
3 3
1 1
1 2
1 3
2 1
2 2
2 3
3 1
3 2
3 3
1 1
1 2
1 3
2 1
2 2
2 3
3 1
3 2
3 3
1 1 1 0.0005190109628533432
1 2 1 0.0006382136930330381
1 3 1 0.0006950675961118502
2 1 1 0.00074903032939794
2 2 1 0.0007423718311548505
2 3 1 0.0011059887459442717
3 1 1 0.0008166088751168875
3 2 1 0.000874709881580241
3 3 1 0.0010674403027329763
1 1 2 0.0005004467363721335
1 2 2 0.0006324840794106165
1 3 2 0.0007192534393146585
2 1 2 0.0005955569896826244
2 2 2 0.0006367807259421189
2 3 2 0.0007864299448924281
3 1 2 0.0007578851670532432
3 2 2 0.0008755499804069509
3 3 2 0.0015117288462828124
1 1 3 0.00048592925714189227
1 2 3 0.0006433408187098318
1 3 3 0.0008959852040342671
2 1 3 0.0006211398555825923
2 2 3 0.0006745782263135254
2 3 3 0.0009283922534465588
3 1 3 0.0009121681142646744
3 2 3 0.0007502151764617818
3 3 3 0.0009137618565836127
1 1 4 0.0006063152896535991
1 2 4 0.0005995638806201949
1 3 4 0.0007761233377175138
2 1 4 0.0006715182685185534
2 2 4 0.0007566099987161817
2 3 4 0.0009244135238803642
3 1 4 0.0009494613822808664
3 2 4 0.0011044787765264127
3 3 4 0.001076999002234349
1 1 5 0.0005617634041065549
1 2 5 0.0006004038937838727
1 3 5 0.0008478411554748379
2 1 5 0.0007646358193035812
2 2 5 0.0007611539547756416
2 3 5 0.0008130824197796135
3 1 5 0.001033202359625057
3 2 5 0.0009886565604426028
3 3 5 0.00095470685255918
1 1 6 0.0006431269282042862
1 2 6 0.0006105720291776379
1 3 6 0.0006501722017012608
2 1 6 0.0007590309509828655
2 2 6 0.0007797769666846741
2 3 6 0.0008339172029197511
3 1 6 0.0008627794973777305
3 2 6 0.0011561613035975936
3 3 6 0.0010233550342005717
1 1 7 0.0006695218611502246
1 2 7 0.000621253813614872
1 3 7 0.0008427879372001005
2 1 7 0.0006528744164141944
2 2 7 0.0008001389538989875
2 3 7 0.0007980403458715181
3 1 7 0.0007827290090630859
3 2 7 0.0008925626288760497
3 3 7 0.0008959648285476988
1 1 8 0.0005004058872640899
1 2 8 0.0006412774006399916
1 3 8 0.0008022738114253448
2 1 8 0.0006894946212779368
2 2 8 0.0008636111139180783
2 3 8 0.0009413742206453076
3 1 8 0.0008132638966033759
3 2 8 0.0011632051601030854
3 3 8 0.0010988429196766125
1 1 9 0.0005020473277155635
1 2 9 0.0007228225623732917
1 3 9 0.0007453891136239637
2 1 9 0.0006532901667371555
2 2 9 0.0008810539818461102
2 3 9 0.0009436829333243117
3 1 9 0.0007384563543466123
3 2 9 0.0011947127936978799
3 3 9 0.001264124224163993
1 1 10 0.0005230836951554768
1 2 10 0.0006255402918359525
1 3 10 0.0007312317965395595
2 1 10 0.0006380286905229679
2 2 10 0.0009481361568680659
2 3 10 0.0008561448247987262
3 1 10 0.0008506429859424203
3 2 10 0.0014179598829309663
3 3 10 0.0012832811806496912
1 1 11 0.0005837786074108798
1 2 11 0.0007267884152315052
1 3 11 0.0007280987720374672
2 1 11 0.0007327980894125997
2 2 11 0.0008680864352562784
2 3 11 0.0007745734264262176
3 1 11 0.001120776648930478
3 2 11 0.0013643555428393696
3 3 11 0.0012887505289924965
1 1 12 0.0004925682606072145
1 2 12 0.0007942524340980028
1 3 12 0.000787611409412493
2 1 12 0.0007619940791855827
2 2 12 0.000859958745039038
2 3 12 0.0008178580394933501
3 1 12 0.0010122611323662221
3 2 12 0.0012713682517703773
3 3 12 0.0011017825092150958
1 1 13 0.000513823480678498
1 2 13 0.0008644473791852396
1 3 13 0.0007687941490921977
2 1 13 0.0005790952022912899
2 2 13 0.0008737931148517765
2 3 13 0.0008716101203531931
3 1 13 0.000952920952424885
3 2 13 0.001042905783118985
3 3 13 0.001063935834461571
1 1 14 0.0005945386524704957
1 2 14 0.0008334957371127629
1 3 14 0.0009401937124555049
2 1 14 0.0006692755372022894
2 2 14 0.0009761998443579055
2 3 14 0.0007821271106926144
3 1 14 0.0008279645112421018
3 2 14 0.0010406925760533617
3 3 14 0.001056876896562215
1 1 15 0.000713701221751245
1 2 15 0.0007300831669238485
1 3 15 0.0006263936551589371
2 1 15 0.0006282798895182445
2 2 15 0.0008202683474692676
2 3 15 0.0007939118051908279
3 1 15 0.000735366698628855
3 2 15 0.0011242789700138226
3 3 15 0.0010476605125596008
1 1 16 0.0005536776731882662
1 2 16 0.0007266840586572389
1 3 16 0.0006880743613463666
2 1 16 0.0006081875089065784
2 2 16 0.0008165663282238584
2 3 16 0.0006759352076625081
3 1 16 0.0007853867182202352
3 2 16 0.0011064593266668274
3 3 16 0.0008534410903231468
1 1 17 0.0005194254743428686
1 2 17 0.0007031844288208916
1 3 17 0.0006554702701542713
2 1 17 0.000568808061676759
2 2 17 0.0007417834993786114
2 3 17 0.0007723061056207833
3 1 17 0.0006903506698602301
3 2 17 0.0009591619101742934
3 3 17 0.0008501242375758567
1 1 18 0.0004918915064973609
1 2 18 0.0006786671078632549
1 3 18 0.0006101375062317548
2 1 18 0.0005636395649048089
2 2 18 0.0007548138124186266
2 3 18 0.0011811481511752465
3 1 18 0.0007641890862404978
3 2 18 0.0010342822828750516
3 3 18 0.00145428506560832
1 1 19 0.00057924665065232
1 2 19 0.0007366905238761107
1 3 19 0.0005316740327670616
2 1 19 0.0008420917128773373
2 2 19 0.0010680734586800919
2 3 19 0.0009649816150443427
3 1 19 0.0010546867456463723
3 2 19 0.001152813743932598
3 3 19 0.001820510625192138
1 1 20 0.0004862305648415415
1 2 20 0.000683228698862809
1 3 20 0.0006029828434254732
2 1 20 0.0010639142232676858
2 2 20 0.0009196016296336778
2 3 20 0.0009845464520910198
3 1 20 0.00154993374798034
3 2 20 0.0014399320426899428
3 3 20 0.002121101477627049
