W: 2.4
num_iter: 0
[-0.9320642  -0.9320642  -0.86810944 -0.86810944 -0.77708607 -0.77708607
 -0.66118493 -0.66118493 -0.52927378 -0.52927378 -0.38512373 -0.38512373
 -0.23199329 -0.23199329 -0.05982802 -0.05982802  0.0598254   0.0598254
  0.23199396  0.23199396  0.38512324  0.38512324  0.52927222  0.52927222
  0.66118183  0.66118183  0.77708917  0.77708917  0.86810801  0.86810801
  0.93206963  0.93206963]
localization_length: 2.089413539021468
2.09280281206037
W_list: [2.4]
L_list: [16.74242249648296]
