W: 3.0
num_iter: 0
[-0.79768054 -0.79768054 -0.74965739 -0.74965739 -0.68342287 -0.68342287
 -0.60155434 -0.60155434 -0.5000762  -0.5000762  -0.3790073  -0.3790073
 -0.23615456 -0.23615456 -0.06283953 -0.06283953  0.06284114  0.06284114
  0.23615483  0.23615483  0.37900897  0.37900897  0.50007925  0.50007925
  0.60154917  0.60154917  0.68342191  0.68342191  0.74965805  0.74965805
  0.79767941  0.79767941]
localization_length: 1.9891937633554009
1.9753024559822687
W_list: [3.0]
L_list: [15.80241964785815]
