W: 2.4
num_iter: 0
[-0.69973363 -0.69973363 -0.68152593 -0.68152593 -0.65850433 -0.65850433
 -0.63139827 -0.63139827 -0.60029679 -0.60029679 -0.56612481 -0.56612481
 -0.52728393 -0.52728393 -0.48579295 -0.48579295 -0.44046918 -0.44046918
 -0.39124954 -0.39124954 -0.33764255 -0.33764255 -0.28105696 -0.28105696
 -0.21956674 -0.21956674 -0.15531711 -0.15531711 -0.08884879 -0.08884879
 -0.01924569 -0.01924569  0.0192454   0.0192454   0.08885273  0.08885273
  0.15531638  0.15531638  0.21956719  0.21956719  0.28105266  0.28105266
  0.33764542  0.33764542  0.3912444   0.3912444   0.44046827  0.44046827
  0.48579198  0.48579198  0.52728327  0.52728327  0.56613608  0.56613608
  0.60029356  0.60029356  0.63139403  0.63139403  0.65850969  0.65850969
  0.68152313  0.68152313  0.69973304  0.69973304]
localization_length: 3.247529803485787
3.2520966274225604
W_list: [2.4]
L_list: [52.03354603876097]
