W: 2.4
num_iter: 0
[-0.76434356 -0.76434356 -0.74368474 -0.74368474 -0.71721216 -0.71721216
 -0.68562163 -0.68562163 -0.64984089 -0.64984089 -0.6096174  -0.6096174
 -0.56579318 -0.56579318 -0.51806748 -0.51806748 -0.46664991 -0.46664991
 -0.41285559 -0.41285559 -0.35517383 -0.35517383 -0.29446945 -0.29446945
 -0.22988732 -0.22988732 -0.16307581 -0.16307581 -0.09400646 -0.09400646
 -0.02158061 -0.02158061  0.02158011  0.02158011  0.09400745  0.09400745
  0.16307545  0.16307545  0.22988781  0.22988781  0.29446998  0.29446998
  0.35517477  0.35517477  0.41285911  0.41285911  0.46664781  0.46664781
  0.51806307  0.51806307  0.56579002  0.56579002  0.60962016  0.60962016
  0.6498386   0.6498386   0.6856286   0.6856286   0.71721102  0.71721102
  0.74368169  0.74368169  0.76434437  0.76434437]
localization_length: 2.8961851767642792
2.926670936422088
W_list: [2.4]
L_list: [46.82673498275341]
