W: 3.6
num_iter: 0
[-0.95564154 -0.95564154 -0.93252783 -0.93252783 -0.90513616 -0.90513616
 -0.87245587 -0.87245587 -0.83592657 -0.83592657 -0.79448759 -0.79448759
 -0.74834787 -0.74834787 -0.69804919 -0.69804919 -0.64240846 -0.64240846
 -0.57983243 -0.57983243 -0.51212355 -0.51212355 -0.43749171 -0.43749171
 -0.35624445 -0.35624445 -0.26787063 -0.26787063 -0.17187554 -0.17187554
 -0.06031651 -0.06031651  0.06031768  0.06031768  0.17187655  0.17187655
  0.26786625  0.26786625  0.3562453   0.3562453   0.43749372  0.43749372
  0.51212087  0.51212087  0.57983077  0.57983077  0.6424054   0.6424054
  0.69805259  0.69805259  0.74835055  0.74835055  0.79448662  0.79448662
  0.83592499  0.83592499  0.87245655  0.87245655  0.90514121  0.90514121
  0.93252572  0.93252572  0.95564114  0.95564114]
localization_length: 1.0362005627145543
1.0435182840302044
W_list: [3.6]
L_list: [16.69629254448327]
