W: 4.0
num_iter: 0
[-0.98015018 -0.98015018 -0.97086471 -0.97086471 -0.96002207 -0.96002207
 -0.94854165 -0.94854165 -0.93569295 -0.93569295 -0.92203697 -0.92203697
 -0.90737484 -0.90737484 -0.89145751 -0.89145751 -0.87435378 -0.87435378
 -0.85646463 -0.85646463 -0.83697474 -0.83697474 -0.81678624 -0.81678624
 -0.79546496 -0.79546496 -0.77240039 -0.77240039 -0.74827252 -0.74827252
 -0.72270275 -0.72270275 -0.69557866 -0.69557866 -0.6670936  -0.6670936
 -0.63684971 -0.63684971 -0.60451324 -0.60451324 -0.57031139 -0.57031139
 -0.53497164 -0.53497164 -0.49735866 -0.49735866 -0.45737937 -0.45737937
 -0.41557027 -0.41557027 -0.3714454  -0.3714454  -0.32581107 -0.32581107
 -0.27685541 -0.27685541 -0.22630413 -0.22630413 -0.1733678  -0.1733678
 -0.11717874 -0.11717874 -0.05161014 -0.05161014  0.0516077   0.0516077
  0.11718279  0.11718279  0.17337415  0.17337415  0.22631235  0.22631235
  0.27685315  0.27685315  0.32580896  0.32580896  0.37143977  0.37143977
  0.41556745  0.41556745  0.45737534  0.45737534  0.49735823  0.49735823
  0.5349751   0.5349751   0.57030849  0.57030849  0.60451026  0.60451026
  0.63684509  0.63684509  0.66709144  0.66709144  0.69558127  0.69558127
  0.72270248  0.72270248  0.74826933  0.74826933  0.77240236  0.77240236
  0.79546436  0.79546436  0.81679229  0.81679229  0.83697972  0.83697972
  0.85646726  0.85646726  0.8743542   0.8743542   0.89145631  0.89145631
  0.90737116  0.90737116  0.92203586  0.92203586  0.93569624  0.93569624
  0.94854383  0.94854383  0.96002325  0.96002325  0.97085758  0.97085758
  0.98015233  0.98015233]
localization_length: 0.6055298087938891
0.6057774511362166
W_list: [4.0]
L_list: [19.38487843635893]
