Norm difference: 1.0
Norm difference: 1.0
1 1
1 2
2 1
2 2
1 1
1 2
2 1
2 2
1 1
1 2
2 1
2 2
1 1
1 2
2 1
2 2
1 1
1 2
2 1
2 2
1 1
1 2
2 1
2 2
1 1
1 2
2 1
2 2
1 1
1 2
2 1
2 2
1 1
1 2
2 1
2 2
1 1
1 2
2 1
2 2
1 1
1 2
2 1
2 2
1 1
1 2
2 1
2 2
1 1
1 2
2 1
2 2
1 1
1 2
2 1
2 2
1 1
1 2
2 1
2 2
1 1
1 2
2 1
2 2
1 1
1 2
2 1
2 2
1 1
1 2
2 1
2 2
1 1
1 2
2 1
2 2
1 1
1 2
2 1
2 2
1 1 1 0.005130452106486154
1 2 1 0.004926373505434236
2 1 1 0.005708691592339818
2 2 1 0.0039356927205121805
1 1 2 0.004490287357510137
1 2 2 0.006744233768294831
2 1 2 0.005073772202620325
2 2 2 0.00400038740099479
1 1 3 0.005671946876945227
1 2 3 0.005699849654186577
2 1 3 0.0045392231037625665
2 2 3 0.003886425990791598
1 1 4 0.005850810158700243
1 2 4 0.002930568904860628
2 1 4 0.003806652092063059
2 2 4 0.005848368373376901
1 1 5 0.0048580068842217095
1 2 5 0.0034907727187338646
2 1 5 0.005258207535261557
2 2 5 0.005111853328967
1 1 6 0.0034189209120514714
1 2 6 0.005972026435119792
2 1 6 0.005374231579691365
2 2 6 0.0026546362371705225
1 1 7 0.004069352706949382
1 2 7 0.004640513778516576
2 1 7 0.0035285407756205497
2 2 7 0.0037899455149066506
1 1 8 0.0047050312217668516
1 2 8 0.003028242511083078
2 1 8 0.0035625318548779287
2 2 8 0.004522477652108866
1 1 9 0.0033014306070979133
1 2 9 0.003292008012556355
2 1 9 0.0036885167683323684
2 2 9 0.004099554713529671
1 1 10 0.004176532426273574
1 2 10 0.0038806314445328236
2 1 10 0.0037452330426102957
2 2 10 0.003970999223112214
1 1 11 0.003636763477545149
1 2 11 0.004753497975422242
2 1 11 0.0038693378243605816
2 2 11 0.0032549746102971343
1 1 12 0.0033826298052120666
1 2 12 0.005120118011682327
2 1 12 0.003957688809917054
2 2 12 0.003226991300479184
1 1 13 0.003747921537132952
1 2 13 0.003960091583890471
2 1 13 0.003398679276830583
2 2 13 0.004409112480721687
1 1 14 0.005020439399632445
1 2 14 0.002711424157766232
2 1 14 0.003013741845386989
2 2 14 0.004863951806481989
1 1 15 0.0034771240553689723
1 2 15 0.0037866952097558885
2 1 15 0.004158661709410064
2 2 15 0.00424915766926668
1 1 16 0.002866783644821051
1 2 16 0.005016717795170258
2 1 16 0.005166217360680865
2 2 16 0.002491828761806238
1 1 17 0.003728327409733656
1 2 17 0.003543405148629779
2 1 17 0.0031395698489398672
2 2 17 0.003758946008384191
1 1 18 0.004290700564775504
1 2 18 0.002451292292895137
2 1 18 0.00278413797846844
2 2 18 0.00409143503703126
1 1 19 0.0029639740558699357
1 2 19 0.0028214756389149205
2 1 19 0.003124091391914541
2 2 19 0.0026863775365945637
1 1 20 0.002087236865844956
1 2 20 0.0032223136203790694
2 1 20 0.0036498152417029674
2 2 20 0.0024189480281002563
