W: 2.2
num_iter: 0
[-0.73267535 -0.73267535 -0.71218569 -0.71218569 -0.68639542 -0.68639542
 -0.65536669 -0.65536669 -0.61952689 -0.61952689 -0.57921255 -0.57921255
 -0.53609446 -0.53609446 -0.48979296 -0.48979296 -0.44006212 -0.44006212
 -0.38796367 -0.38796367 -0.33293439 -0.33293439 -0.27466701 -0.27466701
 -0.2138333  -0.2138333  -0.15079993 -0.15079993 -0.08562662 -0.08562662
 -0.01867975 -0.01867975  0.01868065  0.01868065  0.08562177  0.08562177
  0.15079894  0.15079894  0.21383267  0.21383267  0.27466674  0.27466674
  0.3329329   0.3329329   0.38796184  0.38796184  0.44006242  0.44006242
  0.48979382  0.48979382  0.53609388  0.53609388  0.57921254  0.57921254
  0.61952833  0.61952833  0.65536738  0.65536738  0.68640046  0.68640046
  0.71218562  0.71218562  0.73267685  0.73267685]
localization_length: 3.3458692172761415
3.3121764925837414
W_list: [2.2]
L_list: [52.99482388133986]
