Norm difference: 1.0
Norm difference: 1.0
1 1
1 2
2 1
2 2
1 1
1 2
2 1
2 2
1 1
1 2
2 1
2 2
1 1
1 2
2 1
2 2
1 1
1 2
2 1
2 2
1 1
1 2
2 1
2 2
1 1
1 2
2 1
2 2
1 1
1 2
2 1
2 2
1 1
1 2
2 1
2 2
1 1
1 2
2 1
2 2
1 1
1 2
2 1
2 2
1 1
1 2
2 1
2 2
1 1
1 2
2 1
2 2
1 1
1 2
2 1
2 2
1 1
1 2
2 1
2 2
1 1
1 2
2 1
2 2
1 1
1 2
2 1
2 2
1 1
1 2
2 1
2 2
1 1
1 2
2 1
2 2
1 1
1 2
2 1
2 2
1 1 1 0.003058582638788926
1 2 1 0.0021581020314153415
2 1 1 0.0026885431791374365
2 2 1 0.0022907669040032118
1 1 2 0.0029952515692220926
1 2 2 0.0027111069833488525
2 1 2 0.0024263402782035296
2 2 2 0.0011456904127241014
1 1 3 0.00282639992160288
1 2 3 0.0025096369447147656
2 1 3 0.0019968760473139647
2 2 3 0.001231574950358257
1 1 4 0.0024025865142460016
1 2 4 0.0019821263725262493
2 1 4 0.0015397157792146313
2 2 4 0.0017902490616935537
1 1 5 0.0020808857061817743
1 2 5 0.0016372497801840692
2 1 5 0.0015743692247523176
2 2 5 0.0015639719578865857
1 1 6 0.0018603302274997704
1 2 6 0.0018718249285404858
2 1 6 0.001613962627900082
2 2 6 0.0010582591627026714
1 1 7 0.0011376867619488096
1 2 7 0.0018380922526036931
2 1 7 0.001332459991605074
2 2 7 0.0012498427754979759
1 1 8 0.0012491062524814724
1 2 8 0.0011449420177825657
2 1 8 0.001009069187214056
2 2 8 0.00138176194285895
1 1 9 0.0009878245683489616
1 2 9 0.000749900138669486
2 1 9 0.0010444560471757492
2 2 9 0.0011118342542102138
1 1 10 0.0007811022124906526
1 2 10 0.0007823759023075812
2 1 10 0.0007002950183501467
2 2 10 0.0008615534257603843
1 1 11 0.0005843359942702515
1 2 11 0.0008614344645606934
2 1 11 0.0005905600454875596
2 2 11 0.0009089980309842722
1 1 12 0.0005405963898822395
1 2 12 0.0008201438636291518
2 1 12 0.0006242447618458407
2 2 12 0.0007405813141360646
1 1 13 0.0007248754296438687
1 2 13 0.0006176907298672614
2 1 13 0.0007453885071874608
2 2 13 0.0005491011019362486
1 1 14 0.0007464101886754703
1 2 14 0.000566375551984663
2 1 14 0.0005783616718281562
2 2 14 0.0005994297248736998
1 1 15 0.0006836986504338751
1 2 15 0.0005650563955335661
2 1 15 0.0005086734217032109
2 2 15 0.0004913886324579853
1 1 16 0.00046890640156160835
1 2 16 0.0006239817449813321
2 1 16 0.000452865885200534
2 2 16 0.0005034838816451504
1 1 17 0.00047252463966464145
1 2 17 0.0006233827503335173
2 1 17 0.000631353595372239
2 2 17 0.00037653221551462525
1 1 18 0.00054088700144727
1 2 18 0.00047361531853107753
2 1 18 0.00034546385154838856
2 2 18 0.00045458584802776663
1 1 19 0.0005344448368862105
1 2 19 0.0004915219587472112
2 1 19 0.00030019329913945537
2 2 19 0.0005957137627327477
1 1 20 0.0005194286013161836
1 2 20 0.0004974485098109777
2 1 20 0.00037045345423248905
2 2 20 0.0005513527591082015
