W: 3.2
num_iter: 0
[-0.83227418 -0.83227418 -0.78353623 -0.78353623 -0.71782918 -0.71782918
 -0.63351887 -0.63351887 -0.52944043 -0.52944043 -0.40528999 -0.40528999
 -0.2563937  -0.2563937  -0.07269494 -0.07269494  0.07269601  0.07269601
  0.25639586  0.25639586  0.40528661  0.40528661  0.52943534  0.52943534
  0.63352527  0.63352527  0.71783161  0.71783161  0.78353515  0.78353515
  0.83227168  0.83227168]
localization_length: 1.7195145372113096
1.7243044650942165
W_list: [3.2]
L_list: [13.794435720753732]
