Norm difference: 1.0
Norm difference: 1.0
1 1
1 2
2 1
2 2
1 1
1 2
2 1
2 2
1 1
1 2
2 1
2 2
1 1
1 2
2 1
2 2
1 1
1 2
2 1
2 2
1 1
1 2
2 1
2 2
1 1
1 2
2 1
2 2
1 1
1 2
2 1
2 2
1 1
1 2
2 1
2 2
1 1
1 2
2 1
2 2
1 1
1 2
2 1
2 2
1 1
1 2
2 1
2 2
1 1
1 2
2 1
2 2
1 1
1 2
2 1
2 2
1 1
1 2
2 1
2 2
1 1
1 2
2 1
2 2
1 1
1 2
2 1
2 2
1 1
1 2
2 1
2 2
1 1
1 2
2 1
2 2
1 1
1 2
2 1
2 2
1 1 1 0.0009589364137818808
1 2 1 0.0008042412027876082
2 1 1 0.0009663361880652636
2 2 1 0.0008932270918289694
1 1 2 0.0013726563523469518
1 2 2 0.0009964041017022736
2 1 2 0.0013009385596605264
2 2 2 0.0011795799291881254
1 1 3 0.0013473564225429811
1 2 3 0.001260192440126771
2 1 3 0.001358074737091044
2 2 3 0.0013136042546716107
1 1 4 0.0008608959565108204
1 2 4 0.0014533292767204271
2 1 4 0.0012844624462271482
2 2 4 0.0011096926356245931
1 1 5 0.0010851576737657613
1 2 5 0.001152902594744031
2 1 5 0.000822828104262442
2 2 5 0.001471006799929311
1 1 6 0.0008928006773641096
1 2 6 0.0010554236203920305
2 1 6 0.000930460415023873
2 2 6 0.0014503317313324777
1 1 7 0.0004662313032503992
1 2 7 0.0011356222705755632
2 1 7 0.000992927083019085
2 2 7 0.0010653615596292422
1 1 8 0.0006625818237347897
1 2 8 0.0008095065484853166
2 1 8 0.0007652488861710194
2 2 8 0.0012548405710591892
1 1 9 0.0006182805464730614
1 2 9 0.0008050228950357508
2 1 9 0.0006169494464135553
2 2 9 0.0008933972444610872
1 1 10 0.0005220993411139605
1 2 10 0.0009033862569616989
2 1 10 0.0006413476515500613
2 2 10 0.0009952602057163083
1 1 11 0.000463668031935688
1 2 11 0.0007805584256238913
2 1 11 0.0004432499079920596
2 2 11 0.0009030590312312379
1 1 12 0.0005692047041977996
1 2 12 0.0007654667139361086
2 1 12 0.0005204040270930332
2 2 12 0.0009514918925905025
1 1 13 0.0004936859966459051
1 2 13 0.0007458342901870541
2 1 13 0.0005435549620641003
2 2 13 0.0008391380557416977
1 1 14 0.0005872842432736587
1 2 14 0.0006766843976591916
2 1 14 0.0006833547281758218
2 2 14 0.0006588994424129589
1 1 15 0.0005778619546630289
1 2 15 0.0004523922214840439
2 1 15 0.0006307575725348624
2 2 15 0.0006548075305203293
1 1 16 0.0005316203082582805
1 2 16 0.0005390064224593646
2 1 16 0.0005992385344474096
2 2 16 0.0004359795863043291
1 1 17 0.0005161863983576332
1 2 17 0.00043094427210390153
2 1 17 0.0006058665472828478
2 2 17 0.0005250049891697206
1 1 18 0.00047616170763385094
1 2 18 0.0004850545868861152
2 1 18 0.0006228937630292749
2 2 18 0.0005552137497918693
1 1 19 0.0005847199180820755
1 2 19 0.0005629976312769177
2 1 19 0.0006870667370745735
2 2 19 0.0005874368151540189
1 1 20 0.0009675918847986059
1 2 20 0.0006756782396370173
2 1 20 0.0010700410884222722
2 2 20 0.0008014256555306498
