W: 3.0
num_iter: 0
[-0.80498218 -0.80498218 -0.78568049 -0.78568049 -0.76167748 -0.76167748
 -0.73283544 -0.73283544 -0.69998585 -0.69998585 -0.66264918 -0.66264918
 -0.62124216 -0.62124216 -0.57607801 -0.57607801 -0.52557588 -0.52557588
 -0.46995287 -0.46995287 -0.40961361 -0.40961361 -0.34482714 -0.34482714
 -0.27332895 -0.27332895 -0.19781792 -0.19781792 -0.11869733 -0.11869733
 -0.03062063 -0.03062063  0.03061844  0.03061844  0.11869613  0.11869613
  0.19781738  0.19781738  0.27333414  0.27333414  0.34483466  0.34483466
  0.40961135  0.40961135  0.46995351  0.46995351  0.52557942  0.52557942
  0.5760711   0.5760711   0.62123566  0.62123566  0.66264886  0.66264886
  0.69998562  0.69998562  0.73283324  0.73283324  0.76168155  0.76168155
  0.78568044  0.78568044  0.80498361  0.80498361]
localization_length: 2.041253388857751
2.0814908548959914
W_list: [3.0]
L_list: [33.30385367833586]
