W: 3.0
num_iter: 0
[-0.79773157 -0.79773157 -0.74955018 -0.74955018 -0.68390434 -0.68390434
 -0.60088875 -0.60088875 -0.50020756 -0.50020756 -0.37899819 -0.37899819
 -0.2364933  -0.2364933  -0.06387951 -0.06387951  0.06388154  0.06388154
  0.2364923   0.2364923   0.37899815  0.37899815  0.50021058  0.50021058
  0.6008899   0.6008899   0.68389993  0.68389993  0.74955271  0.74955271
  0.79772829  0.79772829]
localization_length: 1.9568089060890634
1.9585985993835788
W_list: [3.0]
L_list: [15.66878879506863]
