[-2.41421356 -1.         -1.         -0.41421356  0.41421356  1.
  1.          2.41421356]
W: 2.6
num_iter: 0
[-0.62599229 -0.47474851 -0.31220298 -0.15862745  0.15863116  0.31220202
  0.47474653  0.62599151]
localization_length: 1.5760197584020132
1.5681092249654869
num_iter: 1
[-0.62368915 -0.47359628 -0.313677   -0.15668024  0.15667159  0.31368374
  0.47359337  0.62369397]
localization_length: 1.5956944969605538
1.5962667063404268
num_iter: 2
[-0.62615109 -0.47461717 -0.31268671 -0.15797353  0.15796998  0.31268884
  0.47462822  0.62614146]
localization_length: 1.582579214619922
1.5763585635233137
W_list: [2.6]
L_list: [1.5802448316097424]
[-2.41421356 -1.         -1.         -0.41421356  0.41421356  1.
  1.          2.41421356]
W: 2.6
num_iter: 0
[-0.62534266 -0.47381419 -0.31333411 -0.15733073  0.15732772  0.31334243
  0.47380841  0.62534314]
localization_length: 1.5890397263882905
1.585371991383245
num_iter: 1
[-0.62467658 -0.47338851 -0.31283549 -0.15693597  0.15693525  0.31283657
  0.4733886   0.62467613]
localization_length: 1.593013717574025
1.5810059411606228
num_iter: 2
[-0.62586826 -0.473728   -0.31397076 -0.15814531  0.1581426   0.31396647
  0.47372587  0.62587739]
localization_length: 1.5808517477273358
1.5858319074627085
W_list: [2.6]
L_list: [1.5840699466688588]
