W: 1.2
num_iter: 0
[-1.12379526 -1.12379526 -1.08013891 -1.08013891 -1.00579274 -1.00579274
 -0.88518818 -0.88518818 -0.69244087 -0.69244087 -0.44021816 -0.44021816
 -0.22680739 -0.22680739 -0.05204094 -0.05204094  0.05204421  0.05204421
  0.22680991  0.22680991  0.4402218   0.4402218   0.69243854  0.69243854
  0.88518775  0.88518775  1.00579125  1.00579125  1.08013443  1.08013443
  1.12379454  1.12379454]
localization_length: 2.401955147557879
2.3877025542078782
W_list: [1.2]
L_list: [19.101620433663026]
