W: 1.4
num_iter: 0
[-1.13136327 -1.13136327 -1.08560419 -1.08560419 -1.00888826 -1.00888826
 -0.88523993 -0.88523993 -0.69233324 -0.69233324 -0.45015275 -0.45015275
 -0.23982975 -0.23982975 -0.05725494 -0.05725494  0.05725352  0.05725352
  0.23983109  0.23983109  0.4501502   0.4501502   0.69233449  0.69233449
  0.88524562  0.88524562  1.00888144  1.00888144  1.0856034   1.0856034
  1.13136657  1.13136657]
localization_length: 2.1832717266832913
2.192076650502436
W_list: [1.4]
L_list: [17.53661320401949]
