W: 1.6
num_iter: 0
[-1.14638965 -1.14638965 -1.12806514 -1.12806514 -1.10350686 -1.10350686
 -1.07258455 -1.07258455 -1.03266967 -1.03266967 -0.98266787 -0.98266787
 -0.91982519 -0.91982519 -0.84083399 -0.84083399 -0.74580225 -0.74580225
 -0.63482681 -0.63482681 -0.5172345  -0.5172345  -0.40491256 -0.40491256
 -0.30297417 -0.30297417 -0.20984676 -0.20984676 -0.12214364 -0.12214364
 -0.0316855  -0.0316855   0.03168109  0.03168109  0.12214606  0.12214606
  0.20985075  0.20985075  0.30297357  0.30297357  0.40491798  0.40491798
  0.51723308  0.51723308  0.6348245   0.6348245   0.74580243  0.74580243
  0.84083095  0.84083095  0.91982423  0.91982423  0.98266592  0.98266592
  1.0326736   1.0326736   1.07258368  1.07258368  1.10350604  1.10350604
  1.12806379  1.12806379  1.14639144  1.14639144]
localization_length: 1.972785549364359
1.973253645766407
W_list: [1.6]
L_list: [31.57205833226251]
