W: 4.2
num_iter: 0
[-1.04671308 -1.04671308 -1.02263933 -1.02263933 -0.99501033 -0.99501033
 -0.96300744 -0.96300744 -0.92617356 -0.92617356 -0.88525461 -0.88525461
 -0.83986518 -0.83986518 -0.78883384 -0.78883384 -0.73211873 -0.73211873
 -0.66912436 -0.66912436 -0.59884692 -0.59884692 -0.51989415 -0.51989415
 -0.43213557 -0.43213557 -0.33500912 -0.33500912 -0.22716901 -0.22716901
 -0.09995238 -0.09995238  0.09995263  0.09995263  0.22717457  0.22717457
  0.33501381  0.33501381  0.4321341   0.4321341   0.51989356  0.51989356
  0.59884568  0.59884568  0.66912361  0.66912361  0.7321209   0.7321209
  0.78883411  0.78883411  0.83985722  0.83985722  0.88525287  0.88525287
  0.92617782  0.92617782  0.96300319  0.96300319  0.99501193  0.99501193
  1.02263664  1.02263664  1.04671496  1.04671496]
localization_length: 0.6252977566769538
0.6301006324449364
W_list: [4.2]
L_list: [10.081610119118983]
