Norm difference: 1.0
Norm difference: 1.0
1 1
1 2
1 3
2 1
2 2
2 3
3 1
3 2
3 3
1 1
1 2
1 3
2 1
2 2
2 3
3 1
3 2
3 3
1 1
1 2
1 3
2 1
2 2
2 3
3 1
3 2
3 3
1 1
1 2
1 3
2 1
2 2
2 3
3 1
3 2
3 3
1 1
1 2
1 3
2 1
2 2
2 3
3 1
3 2
3 3
1 1
1 2
1 3
2 1
2 2
2 3
3 1
3 2
3 3
1 1
1 2
1 3
2 1
2 2
2 3
3 1
3 2
3 3
1 1
1 2
1 3
2 1
2 2
2 3
3 1
3 2
3 3
1 1
1 2
1 3
2 1
2 2
2 3
3 1
3 2
3 3
1 1
1 2
1 3
2 1
2 2
2 3
3 1
3 2
3 3
1 1
1 2
1 3
2 1
2 2
2 3
3 1
3 2
3 3
1 1
1 2
1 3
2 1
2 2
2 3
3 1
3 2
3 3
1 1
1 2
1 3
2 1
2 2
2 3
3 1
3 2
3 3
1 1
1 2
1 3
2 1
2 2
2 3
3 1
3 2
3 3
1 1
1 2
1 3
2 1
2 2
2 3
3 1
3 2
3 3
1 1
1 2
1 3
2 1
2 2
2 3
3 1
3 2
3 3
1 1
1 2
1 3
2 1
2 2
2 3
3 1
3 2
3 3
1 1
1 2
1 3
2 1
2 2
2 3
3 1
3 2
3 3
1 1
1 2
1 3
2 1
2 2
2 3
3 1
3 2
3 3
1 1
1 2
1 3
2 1
2 2
2 3
3 1
3 2
3 3
1 1 1 0.007694919926033053
1 2 1 0.008200407046388506
1 3 1 0.00531750758711359
2 1 1 0.007477399281595321
2 2 1 0.007235484290663034
2 3 1 0.005476145285714282
3 1 1 0.006437778110560549
3 2 1 0.0061913197742090986
3 3 1 0.00566515354360365
1 1 2 0.006013940212575483
1 2 2 0.005918110595724749
1 3 2 0.006408837997294578
2 1 2 0.005964170898774218
2 2 2 0.00804139025155933
2 3 2 0.005500206559822156
3 1 2 0.0044605553055693924
3 2 2 0.00647504794159951
3 3 2 0.005436156919469458
1 1 3 0.005796874450340666
1 2 3 0.007322863709261125
1 3 3 0.00570415473186035
2 1 3 0.004229424826928221
2 2 3 0.005783164740831177
2 3 3 0.004288524224057277
3 1 3 0.003829076887207284
3 2 3 0.004616217269531628
3 3 3 0.004091851446952883
1 1 4 0.004645644173434718
1 2 4 0.004841030220916666
1 3 4 0.005436153710746071
2 1 4 0.00390591528150762
2 2 4 0.005911060500309635
2 3 4 0.0048820382719620276
3 1 4 0.002859315620755476
3 2 4 0.005520085935465682
3 3 4 0.00391497161821692
1 1 5 0.004234912287322373
1 2 5 0.005787768324947557
1 3 5 0.0049516525292034
2 1 5 0.0031984487747695215
2 2 5 0.0042119159855853626
2 3 5 0.0031598710456996843
3 1 5 0.0026802192773116764
3 2 5 0.003221432476794589
3 3 5 0.003648745579969249
1 1 6 0.0034483185715389053
1 2 6 0.005069670570440608
1 3 6 0.003751443042518085
2 1 6 0.0030708185189345185
2 2 6 0.0053564646171160735
2 3 6 0.004174008322478039
3 1 6 0.003190424621384286
3 2 6 0.004445957951498774
3 3 6 0.004615626219682517
1 1 7 0.004250278140117485
1 2 7 0.0047827729622050095
1 3 7 0.004156500706323835
2 1 7 0.004022007301636351
2 2 7 0.0037973293826301505
2 3 7 0.00295460091435674
3 1 7 0.0037800859592032054
3 2 7 0.003615714428202071
3 3 7 0.003623930626634138
1 1 8 0.0035428969478612507
1 2 8 0.005088537162425521
1 3 8 0.004211249728981652
2 1 8 0.003209541197192726
2 2 8 0.004089211724928746
2 3 8 0.003685282735227791
3 1 8 0.0029865968459868975
3 2 8 0.0038308717381125923
3 3 8 0.003682353122637744
1 1 9 0.0031727751670021565
1 2 9 0.004423324347722692
1 3 9 0.0041701871374652906
2 1 9 0.0028507805773343386
2 2 9 0.0035199549225182177
2 3 9 0.002420124527143159
3 1 9 0.0032498762997472857
3 2 9 0.003232312297614534
3 3 9 0.0028622011491539257
1 1 10 0.0029138569818209768
1 2 10 0.004837830015323312
1 3 10 0.004209565183732593
2 1 10 0.002059353719523707
2 2 10 0.0032059318601785846
2 3 10 0.0034565923303948127
3 1 10 0.0025189641437311974
3 2 10 0.0029497983894317833
3 3 10 0.003389500263356945
1 1 11 0.0024156478935787847
1 2 11 0.0036409996576699695
1 3 11 0.003835862381706399
2 1 11 0.0025268558862048957
2 2 11 0.002941549542627078
2 3 11 0.002117989936586822
3 1 11 0.002113926674049314
3 2 11 0.002718164542089817
3 3 11 0.0027556870330400435
1 1 12 0.003040793966143669
1 2 12 0.003406262743406109
1 3 12 0.0036834563290967836
2 1 12 0.002015877863180195
2 2 12 0.0027656321969538244
2 3 12 0.002678787730625657
3 1 12 0.0022414539660026447
3 2 12 0.0031169336961153603
3 3 12 0.0037846346302774897
1 1 13 0.0032344691421415605
1 2 13 0.002936646659128371
1 3 13 0.002486118359639296
2 1 13 0.002551818747407761
2 2 13 0.002766591246299655
2 3 13 0.001600585501477552
3 1 13 0.002070668304211626
3 2 13 0.002434761723201465
3 3 13 0.0029262992219518764
1 1 14 0.002812260912546288
1 2 14 0.0020660976920956952
1 3 14 0.0022393617893587507
2 1 14 0.001994451417063083
2 2 14 0.0020164684706726896
2 3 14 0.0018877419391268556
3 1 14 0.002101864258257631
3 2 14 0.0024893010901365126
3 3 14 0.0016964705800172266
1 1 15 0.0032317353571667297
1 2 15 0.002403106730027503
1 3 15 0.0025790703666588497
2 1 15 0.0021018944680669003
2 2 15 0.0019451358638096334
2 3 15 0.0014505819261324924
3 1 15 0.00263444489109469
3 2 15 0.0018941088565251837
3 3 15 0.0017787278466100814
1 1 16 0.002229300940437338
1 2 16 0.0017221841707273904
1 3 16 0.002704161563521295
2 1 16 0.001477861541522817
2 2 16 0.002075847681983473
2 3 16 0.0018637186489554338
3 1 16 0.003126419643716257
3 2 16 0.001645853880337274
3 3 16 0.001424364332972997
1 1 17 0.0023159888759225404
1 2 17 0.0021409777935131108
1 3 17 0.0022193584604431596
2 1 17 0.0016733198621097464
2 2 17 0.001964371759273645
2 3 17 0.0020063902966222296
3 1 17 0.0022069009598046615
3 2 17 0.0015387040700517815
3 3 17 0.0017593172760180613
1 1 18 0.0020341247553596073
1 2 18 0.0015401109597335382
1 3 18 0.002595292824816708
2 1 18 0.0014248972884657644
2 2 18 0.0016669856120686548
2 3 18 0.001998456856947891
3 1 18 0.0011943799470201715
3 2 18 0.0017059985076322295
3 3 18 0.0016780869031603404
1 1 19 0.00214020946859814
1 2 19 0.0019843776194365197
1 3 19 0.001724140812528626
2 1 19 0.0015807258363795406
2 2 19 0.0016464756585156531
2 3 19 0.001432886478676971
3 1 19 0.0015800455837886355
3 2 19 0.0012581499202398276
3 3 19 0.0020758537457950506
1 1 20 0.00152662387991682
1 2 20 0.0014535699550306583
1 3 20 0.0016416941418065877
2 1 20 0.0015838131205874462
2 2 20 0.0014693995296328054
2 3 20 0.0016056293941308745
3 1 20 0.0013578527465090715
3 2 20 0.0014418557999656355
3 3 20 0.0020012133132116597
