Norm difference: 1.0
Norm difference: 1.0
1 1
1 2
2 1
2 2
1 1
1 2
2 1
2 2
1 1
1 2
2 1
2 2
1 1
1 2
2 1
2 2
1 1
1 2
2 1
2 2
1 1
1 2
2 1
2 2
1 1
1 2
2 1
2 2
1 1
1 2
2 1
2 2
1 1
1 2
2 1
2 2
1 1
1 2
2 1
2 2
1 1
1 2
2 1
2 2
1 1
1 2
2 1
2 2
1 1
1 2
2 1
2 2
1 1
1 2
2 1
2 2
1 1
1 2
2 1
2 2
1 1
1 2
2 1
2 2
1 1
1 2
2 1
2 2
1 1
1 2
2 1
2 2
1 1
1 2
2 1
2 2
1 1
1 2
2 1
2 2
1 1 1 0.0008597290293767615
1 2 1 0.0010782218308513281
2 1 1 0.0008860592246786446
2 2 1 0.0005896120256185411
1 1 2 0.0012054576415361944
1 2 2 0.0010184238216867935
2 1 2 0.0007983193628388712
2 2 2 0.0005702687825419326
1 1 3 0.001096969143180538
1 2 3 0.0009111151280017978
2 1 3 0.0010101958684359414
2 2 3 0.0008766038658263597
1 1 4 0.0007670342051329153
1 2 4 0.0011466233072709292
2 1 4 0.001150298691738684
2 2 4 0.0006893278070505489
1 1 5 0.0008848607379993731
1 2 5 0.0010429256860961112
2 1 5 0.0010074463360506456
2 2 5 0.0009152245237370047
1 1 6 0.0012205115826496348
1 2 6 0.0011005653784240455
2 1 6 0.0008674378600316253
2 2 6 0.001196201058757116
1 1 7 0.001480262304568997
1 2 7 0.001212686910486324
2 1 7 0.0009691248584759024
2 2 7 0.0009605414077265128
1 1 8 0.002628015324702403
1 2 8 0.0010473340718688082
2 1 8 0.0012757392166316023
2 2 8 0.0008835464136119749
1 1 9 0.0018100122197447538
1 2 9 0.0022500138688723247
2 1 9 0.001272465140301005
2 2 9 0.0011981249528740874
1 1 10 0.0012129829295550892
1 2 10 0.002482066818249664
2 1 10 0.0018357149087199255
2 2 10 0.0012745792868868564
1 1 11 0.001349245131821802
1 2 11 0.0015141137864902884
2 1 11 0.0012285864406757995
2 2 11 0.0018633445792102725
1 1 12 0.0017294764285868825
1 2 12 0.0007607088566390383
2 1 12 0.001774903479397967
2 2 12 0.0015762947187276382
1 1 13 0.001449958288397648
1 2 13 0.0011821028834806094
2 1 13 0.0017379662067303243
2 2 13 0.001523270577043275
1 1 14 0.0007991054910571402
1 2 14 0.0018605778994627547
2 1 14 0.0015137498882133778
2 2 14 0.0017708023866735713
1 1 15 0.001123437924236035
1 2 15 0.0010774409380784097
2 1 15 0.001464249820772596
2 2 15 0.0013768222635732047
1 1 16 0.0014439815902596966
1 2 16 0.0008060828084340652
2 1 16 0.0012968291207195017
2 2 16 0.0014716681234668997
1 1 17 0.0013167995640695482
1 2 17 0.0011527431254814394
2 1 17 0.0010784345274903755
2 2 17 0.0011977310825197832
1 1 18 0.0007982556949541952
1 2 18 0.001558938169765146
2 1 18 0.0009454297891973015
2 2 18 0.0011072857913859454
1 1 19 0.001106385776997658
1 2 19 0.0011944020743048494
2 1 19 0.0011989594902480718
2 2 19 0.0008130192465965298
1 1 20 0.0009419717238285122
1 2 20 0.0008895719325245344
2 1 20 0.0007476486538251688
2 2 20 0.0011553866751387771
