W: 2.4
num_iter: 0
[-0.75643369 -0.75643369 -0.70359845 -0.70359845 -0.63149231 -0.63149231
 -0.54359103 -0.54359103 -0.44122382 -0.44122382 -0.32590417 -0.32590417
 -0.19606478 -0.19606478 -0.04549022 -0.04549022  0.04548722  0.04548722
  0.19606256  0.19606256  0.32590013  0.32590013  0.44122507  0.44122507
  0.54359318  0.54359318  0.6314927   0.6314927   0.70359945  0.70359945
  0.75643816  0.75643816]
localization_length: 2.7480247600266168
2.7582406215980666
W_list: [2.4]
L_list: [22.065924972784533]
