[-2.41421356 -1.         -1.         -0.41421356  0.41421356  1.
  1.          2.41421356]
W: 4.0
num_iter: 0
[-0.93386587 -0.92084945 -0.9070264  -0.8931934  -0.87867913 -0.86359649
 -0.84728157 -0.83112023 -0.81412869 -0.7961451  -0.77775606 -0.75852612
 -0.73861182 -0.7177698  -0.69533187 -0.67308972 -0.65052704 -0.62519835
 -0.60041872 -0.57453763 -0.54644561 -0.5188447  -0.48945355 -0.45803965
 -0.42662554 -0.39286109 -0.35718091 -0.31986042 -0.2788343  -0.23553282
 -0.18478555 -0.12659358  0.12657577  0.18480871  0.23551784  0.27885243
  0.31986539  0.35718404  0.39287321  0.42662319  0.45802556  0.48945307
  0.51884666  0.54643342  0.57453409  0.60042112  0.62519875  0.65052288
  0.67309065  0.6953151   0.71777515  0.73861732  0.75852722  0.77777832
  0.79613512  0.81413236  0.83112273  0.84727636  0.86359277  0.8786685
  0.89319661  0.90702058  0.92085747  0.93386881]
localization_length: 0.2468877019384963
0.24718799349668039
W_list: [4.0]
L_list: [0.24718799349668039]
[-2.41421356 -1.         -1.         -0.41421356  0.41421356  1.
  1.          2.41421356]
W: 4.0
num_iter: 0
[-0.93390633 -0.92058087 -0.9072177  -0.89274186 -0.87849644 -0.8635949
 -0.84812731 -0.83178491 -0.81437935 -0.79657157 -0.77819588 -0.75893667
 -0.73854174 -0.71801654 -0.69575687 -0.67337223 -0.65020824 -0.62609146
 -0.60035621 -0.57435001 -0.54756394 -0.51835739 -0.48931575 -0.458182
 -0.42577461 -0.39199273 -0.35659694 -0.31851254 -0.27865668 -0.23405522
 -0.18335383 -0.12406108  0.12406426  0.18334855  0.23406792  0.27865261
  0.31851776  0.35659965  0.39198788  0.42578635  0.45818572  0.48931279
  0.51835776  0.54755351  0.57435078  0.60035763  0.62609022  0.65022572
  0.67337118  0.69574861  0.71801305  0.73854025  0.75892135  0.77820227
  0.79655624  0.81438582  0.83177884  0.84812635  0.86359941  0.87848818
  0.89274124  0.90721419  0.92059739  0.93390634]
localization_length: 0.2518920590265641
0.2518808073720729
W_list: [4.0]
L_list: [0.2518808073720729]
