[-0.41421356 -0.34160147 -0.34160147 -0.34160147 -0.34160147 -0.28897185
 -0.28897185 -0.28897185 -0.28897185 -0.23606798 -0.23606798 -0.23606798
 -0.23606798 -0.20857821 -0.20857821 -0.20857821 -0.20857821 -0.20857821
 -0.20857821 -0.20857821 -0.20857821 -0.17879466 -0.17879466 -0.17879466
 -0.17879466 -0.16227766 -0.16227766 -0.16227766 -0.16227766 -0.16227766
 -0.16227766 -0.16227766 -0.16227766 -0.16227766 -0.16227766 -0.16227766
 -0.16227766 -0.16227766 -0.16227766 -0.14849397 -0.14849397 -0.14849397
 -0.14849397 -0.13250787 -0.13250787 -0.13250787 -0.13250787 -0.13250787
 -0.13250787 -0.13250787 -0.13250787 -0.12310563 -0.12310563 -0.12310563
 -0.12310563 -0.11185331 -0.11185331 -0.11185331 -0.11185331 -0.10505014
 -0.10505014 -0.10505014 -0.10505014 -0.09901951  2.41421356  2.9273879
  2.9273879   2.9273879   2.9273879   3.46054472  3.46054472  3.46054472
  3.46054472  4.23606798  4.23606798  4.23606798  4.23606798  4.79436465
  4.79436465  4.79436465  4.79436465  4.79436465  4.79436465  4.79436465
  4.79436465  5.59300822  5.59300822  5.59300822  5.59300822  6.16227766
  6.16227766  6.16227766  6.16227766  6.16227766  6.16227766  6.16227766
  6.16227766  6.16227766  6.16227766  6.16227766  6.16227766  6.16227766
  6.16227766  6.7342804   6.7342804   6.7342804   6.7342804   7.54672143
  7.54672143  7.54672143  7.54672143  7.54672143  7.54672143  7.54672143
  7.54672143  8.12310563  8.12310563  8.12310563  8.12310563  8.94028044
  8.94028044  8.94028044  8.94028044  9.5192637   9.5192637   9.5192637
  9.5192637  10.09901951]
W: 5
num_iter: 0
EF_list: [6.0]
L_list: [12.873982877060431]
