W: 2.6
num_iter: 0
[-0.96452126 -0.96452126 -0.93802343 -0.93802343 -0.9050509  -0.9050509
 -0.866786   -0.866786   -0.82156698 -0.82156698 -0.77039501 -0.77039501
 -0.71390461 -0.71390461 -0.65285884 -0.65285884 -0.58737912 -0.58737912
 -0.5183663  -0.5183663  -0.44579287 -0.44579287 -0.37023673 -0.37023673
 -0.29220849 -0.29220849 -0.21091717 -0.21091717 -0.12703228 -0.12703228
 -0.03466661 -0.03466661  0.03466829  0.03466829  0.12703012  0.12703012
  0.21092124  0.21092124  0.29220714  0.29220714  0.37024043  0.37024043
  0.44579038  0.44579038  0.51836938  0.51836938  0.58738208  0.58738208
  0.65285865  0.65285865  0.7139034   0.7139034   0.7703912   0.7703912
  0.8215653   0.8215653   0.86678092  0.86678092  0.90505422  0.90505422
  0.93802361  0.93802361  0.96452022  0.96452022]
localization_length: 1.8028876053512055
1.7746212552956449
W_list: [2.6]
L_list: [28.393940084730318]
