W: 2.2
num_iter: 0
[-0.66516024 -0.66516024 -0.64772758 -0.64772758 -0.62503834 -0.62503834
 -0.59863136 -0.59863136 -0.56860792 -0.56860792 -0.53501907 -0.53501907
 -0.4985679  -0.4985679  -0.45822696 -0.45822696 -0.41523028 -0.41523028
 -0.36810037 -0.36810037 -0.31765883 -0.31765883 -0.26317927 -0.26317927
 -0.2050861  -0.2050861  -0.14464071 -0.14464071 -0.08204737 -0.08204737
 -0.01732974 -0.01732974  0.01732835  0.01732835  0.08204963  0.08204963
  0.14463721  0.14463721  0.20509042  0.20509042  0.26318026  0.26318026
  0.31765993  0.31765993  0.36809533  0.36809533  0.4152296   0.4152296
  0.45822709  0.45822709  0.4985683   0.4985683   0.5350211   0.5350211
  0.56860933  0.56860933  0.59863117  0.59863117  0.62503819  0.62503819
  0.64772576  0.64772576  0.66516036  0.66516036]
localization_length: 3.6068071840293197
3.842741854334134
W_list: [2.2]
L_list: [61.48386966934614]
