[-2.41421356 -1.         -1.         -0.41421356  0.41421356  1.
  1.          2.41421356]
W: 4.2
num_iter: 0
[-0.96921008 -0.9558822  -0.94207452 -0.92811538 -0.913573   -0.89819828
 -0.88266139 -0.86630773 -0.84902778 -0.83169531 -0.81299232 -0.79373971
 -0.77361734 -0.75279483 -0.73135964 -0.70833018 -0.68412147 -0.6590145
 -0.63451572 -0.60728472 -0.57941771 -0.55058862 -0.52001014 -0.48773137
 -0.45450556 -0.42044716 -0.3827682  -0.34359048 -0.30211952 -0.25591975
 -0.2036054  -0.14121569  0.14121799  0.20360412  0.25593194  0.30210982
  0.34361039  0.3827589   0.42043968  0.45450209  0.48773425  0.52000559
  0.55058822  0.57942045  0.60728751  0.6345251   0.65899589  0.6841252
  0.70832236  0.73135824  0.75280895  0.77361482  0.79374239  0.81301371
  0.83168625  0.84901639  0.86631804  0.88265797  0.89819588  0.91356711
  0.92811384  0.94207752  0.95588307  0.969202  ]
localization_length: 0.22129269009349517
0.22073130237217992
W_list: [4.2]
L_list: [0.22073130237217992]
[-2.41421356 -1.         -1.         -0.41421356  0.41421356  1.
  1.          2.41421356]
W: 4.2
num_iter: 0
[-0.96895706 -0.95535978 -0.94202393 -0.92796877 -0.91427529 -0.89829831
 -0.88300517 -0.86607778 -0.84883179 -0.83150949 -0.81296765 -0.79321485
 -0.77364773 -0.75179568 -0.73048897 -0.70786162 -0.68406564 -0.65947907
 -0.63409747 -0.60698638 -0.58022547 -0.55072013 -0.52074126 -0.48841295
 -0.45490027 -0.42067661 -0.3837028  -0.34472599 -0.30225571 -0.25584311
 -0.2041292  -0.14104596  0.14105074  0.20411803  0.25584063  0.30225977
  0.34471758  0.38369759  0.42067812  0.45489233  0.48841343  0.52072531
  0.55072965  0.58021765  0.60700531  0.63410476  0.6594842   0.6840727
  0.70785802  0.73049034  0.75180345  0.77364698  0.79320883  0.8129618
  0.83152031  0.84882447  0.86607979  0.88299983  0.89830468  0.91426161
  0.9279671   0.9420262   0.95537331  0.96895734]
localization_length: 0.22155899242819513
0.2204244195169123
W_list: [4.2]
L_list: [0.2204244195169123]
