Norm difference: 1.0
Norm difference: 1.0
1 1
1 2
2 1
2 2
1 1
1 2
2 1
2 2
1 1
1 2
2 1
2 2
1 1
1 2
2 1
2 2
1 1
1 2
2 1
2 2
1 1
1 2
2 1
2 2
1 1
1 2
2 1
2 2
1 1
1 2
2 1
2 2
1 1
1 2
2 1
2 2
1 1
1 2
2 1
2 2
1 1
1 2
2 1
2 2
1 1
1 2
2 1
2 2
1 1
1 2
2 1
2 2
1 1
1 2
2 1
2 2
1 1
1 2
2 1
2 2
1 1
1 2
2 1
2 2
1 1
1 2
2 1
2 2
1 1
1 2
2 1
2 2
1 1
1 2
2 1
2 2
1 1
1 2
2 1
2 2
1 1 1 0.00011407535422716108
1 2 1 0.00010629704252730588
2 1 1 0.00015239953208321614
2 2 1 9.762912490109965e-5
1 1 2 0.00011435395149924331
1 2 2 0.00010324745140415214
2 1 2 0.00014820048139612104
2 2 2 9.335485525992899e-5
1 1 3 9.793161596841592e-5
1 2 3 9.743127801355185e-5
2 1 3 9.14294661740771e-5
2 2 3 0.00012992495464838114
1 1 4 8.460246849548484e-5
1 2 4 0.00010406993583846921
2 1 4 9.948264372627329e-5
2 2 4 8.552008714486712e-5
1 1 5 9.378059227536534e-5
1 2 5 8.10963800263346e-5
2 1 5 0.00010034912533932899
2 2 5 0.00011153628273318774
1 1 6 0.00010137064137759506
1 2 6 8.253769299068803e-5
2 1 6 0.00010709267967023502
2 2 6 0.0001215505413853869
1 1 7 8.264437146628647e-5
1 2 7 0.00012666195911324865
2 1 7 0.00012556273660649584
2 2 7 0.00011800095021429289
1 1 8 9.676797252378823e-5
1 2 8 0.00012574644095158586
2 1 8 0.00012317259158994788
2 2 8 0.00011306161389691518
1 1 9 0.00013865578784981437
1 2 9 9.223577884772695e-5
2 1 9 0.00015183688403997678
2 2 9 0.00012587788938896996
1 1 10 0.0001265320713041029
1 2 10 0.0001107898011914688
2 1 10 0.00015506765446357998
2 2 10 0.000132203318924651
1 1 11 0.00011322340886594732
1 2 11 0.0001369030476345392
2 1 11 0.0001407772244276045
2 2 11 0.00013353252467964268
1 1 12 0.00013261892813934802
1 2 12 0.00012760602188755985
2 1 12 0.000187625562714344
2 2 12 0.00020083205567846714
1 1 13 0.00017050765160653425
1 2 13 0.000113376578236412
2 1 13 0.0001848497940254708
2 2 13 0.0001820938183779614
1 1 14 0.00016708442116997725
1 2 14 0.00014605610686577777
2 1 14 0.0002330670053994588
2 2 14 0.0001747599393030317
1 1 15 0.00012991112809751631
1 2 15 0.00013750916047301228
2 1 15 0.00020005335070955504
2 2 15 0.00021711983103193857
1 1 16 0.0001804882240040593
1 2 16 0.00022112210391244508
2 1 16 0.00025655243657745074
2 2 16 0.0002533765827722405
1 1 17 0.00021619383767754733
1 2 17 0.00017420396412137366
2 1 17 0.00026343897791350994
2 2 17 0.0002826202754886502
1 1 18 0.0002522647779222021
1 2 18 0.00021520140241020354
2 1 18 0.00029868305381604396
2 2 18 0.000323954051197541
1 1 19 0.000248586431345335
1 2 19 0.0002923345654607651
2 1 19 0.0005007769349793454
2 2 19 0.0006076251310167617
1 1 20 0.0002864646494654597
1 2 20 0.0003332364188710434
2 1 20 0.0004070932126757727
2 2 20 0.00037478116110882325
