W: 2.8
num_iter: 0
[-0.81955703 -0.81955703 -0.76613454 -0.76613454 -0.69297175 -0.69297175
 -0.60297168 -0.60297168 -0.4961565  -0.4961565  -0.37198268 -0.37198268
 -0.22927481 -0.22927481 -0.05965439 -0.05965439  0.05965506  0.05965506
  0.22927538  0.22927538  0.37198378  0.37198378  0.49615138  0.49615138
  0.60297178  0.60297178  0.69297531  0.69297531  0.76613771  0.76613771
  0.81955298  0.81955298]
localization_length: 2.095403218431127
2.083687615097877
W_list: [2.8]
L_list: [16.669500920783015]
