Norm difference: 1.0
Norm difference: 1.0
1 1
1 2
1 3
2 1
2 2
2 3
3 1
3 2
3 3
1 1
1 2
1 3
2 1
2 2
2 3
3 1
3 2
3 3
1 1
1 2
1 3
2 1
2 2
2 3
3 1
3 2
3 3
1 1
1 2
1 3
2 1
2 2
2 3
3 1
3 2
3 3
1 1
1 2
1 3
2 1
2 2
2 3
3 1
3 2
3 3
1 1
1 2
1 3
2 1
2 2
2 3
3 1
3 2
3 3
1 1
1 2
1 3
2 1
2 2
2 3
3 1
3 2
3 3
1 1
1 2
1 3
2 1
2 2
2 3
3 1
3 2
3 3
1 1
1 2
1 3
2 1
2 2
2 3
3 1
3 2
3 3
1 1
1 2
1 3
2 1
2 2
2 3
3 1
3 2
3 3
1 1
1 2
1 3
2 1
2 2
2 3
3 1
3 2
3 3
1 1
1 2
1 3
2 1
2 2
2 3
3 1
3 2
3 3
1 1
1 2
1 3
2 1
2 2
2 3
3 1
3 2
3 3
1 1
1 2
1 3
2 1
2 2
2 3
3 1
3 2
3 3
1 1
1 2
1 3
2 1
2 2
2 3
3 1
3 2
3 3
1 1
1 2
1 3
2 1
2 2
2 3
3 1
3 2
3 3
1 1
1 2
1 3
2 1
2 2
2 3
3 1
3 2
3 3
1 1
1 2
1 3
2 1
2 2
2 3
3 1
3 2
3 3
1 1
1 2
1 3
2 1
2 2
2 3
3 1
3 2
3 3
1 1
1 2
1 3
2 1
2 2
2 3
3 1
3 2
3 3
1 1 1 0.0012664408597815647
1 2 1 0.0013794326384630746
1 3 1 0.0013665446769219828
2 1 1 0.0013860164471244582
2 2 1 0.0010408169652736
2 3 1 0.0012785612625150372
3 1 1 0.0013029031850618068
3 2 1 0.0013714280926942588
3 3 1 0.000978201664458131
1 1 2 0.0014139069079332405
1 2 2 0.001374648350700562
1 3 2 0.001149960684439403
2 1 2 0.0016197447556224724
2 2 2 0.0012268036909655541
2 3 2 0.0011642361318855712
3 1 2 0.001259280799632527
3 2 2 0.0010734738171873795
3 3 2 0.0009332776513138026
1 1 3 0.0012042371314649216
1 2 3 0.0012824036037930892
1 3 3 0.0009627570976371462
2 1 3 0.0007748226748761648
2 2 3 0.0012459870630969032
2 3 3 0.0010567764844029454
3 1 3 0.0009901668684110922
3 2 3 0.0009080865104874082
3 3 3 0.0009514722799571905
1 1 4 0.0010332201133785187
1 2 4 0.0011451648867651537
1 3 4 0.0012786151531415024
2 1 4 0.0008966986107764166
2 2 4 0.0009569706825952324
2 3 4 0.001079465051853589
3 1 4 0.0008888899266032722
3 2 4 0.0011918845316972399
3 3 4 0.0009532461063782753
1 1 5 0.0011355659428118419
1 2 5 0.0010504707359710362
1 3 5 0.0008849063827964087
2 1 5 0.0008120253693182571
2 2 5 0.0008843073706109744
2 3 5 0.0008204350522751878
3 1 5 0.0007715152236238782
3 2 5 0.0008644032216473408
3 3 5 0.0009021149738549141
1 1 6 0.0008835508796470626
1 2 6 0.0011320187995545016
1 3 6 0.0011934636296524863
2 1 6 0.001143269518790345
2 2 6 0.0010511352242798375
2 3 6 0.0009464840052250875
3 1 6 0.0008700539806140906
3 2 6 0.0008643833039224328
3 3 6 0.0010785399069154367
1 1 7 0.0009640606742407701
1 2 7 0.0011851542520247133
1 3 7 0.0011443885183242517
2 1 7 0.0011038145982624873
2 2 7 0.0009678989614853584
2 3 7 0.0009543754246395516
3 1 7 0.0010255402815005977
3 2 7 0.0010069487186883887
3 3 7 0.0008325956725235225
1 1 8 0.0013353815168214388
1 2 8 0.0012294239292875385
1 3 8 0.0010174996118075372
2 1 8 0.0010149461245784067
2 2 8 0.0013496575086804085
2 3 8 0.0010131662150218335
3 1 8 0.0009848141828428703
3 2 8 0.000983541295200948
3 3 8 0.000834111724595539
1 1 9 0.0013865668020542025
1 2 9 0.0010654899180173876
1 3 9 0.0010700292488394474
2 1 9 0.0011209775021055759
2 2 9 0.0009572612846899222
2 3 9 0.0008700979868410067
3 1 9 0.0008597381122849735
3 2 9 0.0009055256093228383
3 3 9 0.000712389865707257
1 1 10 0.0011480533236540567
1 2 10 0.0010942862011613318
1 3 10 0.0007433675423273141
2 1 10 0.0009623408341611092
2 2 10 0.0010531737023032049
2 3 10 0.001097248248109141
3 1 10 0.0008852031756665516
3 2 10 0.0009234527319707103
3 3 10 0.0009060165047992898
1 1 11 0.0012424128145279351
1 2 11 0.0009007771514872897
1 3 11 0.001298409790589168
2 1 11 0.0010392824778169421
2 2 11 0.000858999528975515
2 3 11 0.0014932983264374913
3 1 11 0.0009156703170309635
3 2 11 0.0006312269649058023
3 3 11 0.0010178692604609343
1 1 12 0.0014378987152130931
1 2 12 0.0009394372979016774
1 3 12 0.0011193385705281992
2 1 12 0.0012512274357888919
2 2 12 0.0010707128987639098
2 3 12 0.0012704858001913084
3 1 12 0.0010343102912032359
3 2 12 0.0010863675379634975
3 3 12 0.0011964091878553106
1 1 13 0.001276436495263584
1 2 13 0.0011723958082280046
1 3 13 0.0014224727809879327
2 1 13 0.0012196322207835783
2 2 13 0.0007954297030775206
2 3 13 0.001268696339665663
3 1 13 0.000988712449502383
3 2 13 0.0007937012296615886
3 3 13 0.0011664228636068656
1 1 14 0.001356819250647174
1 2 14 0.001015520029104574
1 3 14 0.0018348099698162722
2 1 14 0.0018844525310902748
2 2 14 0.001275019671620743
2 3 14 0.0014872002890155746
3 1 14 0.0013677977564517108
3 2 14 0.0009393858541015549
3 3 14 0.0009891770490854687
1 1 15 0.0016320168231539057
1 2 15 0.0010758816171315098
1 3 15 0.001742133730213203
2 1 15 0.0014677409645088295
2 2 15 0.001142569346158706
2 3 15 0.0019916246014368413
3 1 15 0.0015418235468697896
3 2 15 0.001065365601931457
3 3 15 0.0015735649040359647
1 1 16 0.0016596002581767016
1 2 16 0.0014998032277447715
1 3 16 0.0020387643627914316
2 1 16 0.0018782697021384504
2 2 16 0.001480627211818954
2 3 16 0.001996589301120588
3 1 16 0.0016938700988717134
3 2 16 0.001202782800512886
3 3 16 0.0019775658591273575
1 1 17 0.002301106109431001
1 2 17 0.001551514478809708
1 3 17 0.001850927194223019
2 1 17 0.001861035176013158
2 2 17 0.0011992769653062555
2 3 17 0.0019832552972714754
3 1 17 0.0015727907827351936
3 2 17 0.0013551783462747303
3 3 17 0.0016477116315240647
1 1 18 0.0019688239437124283
1 2 18 0.001504285473517122
1 3 18 0.0017997465814482427
2 1 18 0.002016018349721055
2 2 18 0.0014267750378746608
2 3 18 0.002341459112443688
3 1 18 0.0016437349396004144
3 2 18 0.0011716802326808915
3 3 18 0.0018068863918463533
1 1 19 0.0021332257946622218
1 2 19 0.0010590644236357252
1 3 19 0.0015370019161251637
2 1 19 0.002735872288443097
2 2 19 0.0013540503006413674
2 3 19 0.0019349664053481888
3 1 19 0.0020179466267177836
3 2 19 0.0011689426805449948
3 3 19 0.0019748812996353226
1 1 20 0.0021276207488131567
1 2 20 0.001234169832340161
1 3 20 0.0020503933648368705
2 1 20 0.0017973397519461364
2 2 20 0.0011712518557863284
2 3 20 0.0021233742533881815
3 1 20 0.0023124646073931074
3 2 20 0.0013247664474225482
3 3 20 0.0018131170392384841
