W: 3.6
num_iter: 0
[-0.9603636  -0.9603636  -0.9498116  -0.9498116  -0.93836364 -0.93836364
 -0.92570925 -0.92570925 -0.91196051 -0.91196051 -0.89684863 -0.89684863
 -0.88078457 -0.88078457 -0.86368769 -0.86368769 -0.84523927 -0.84523927
 -0.82585514 -0.82585514 -0.80518645 -0.80518645 -0.78353342 -0.78353342
 -0.76057289 -0.76057289 -0.73632797 -0.73632797 -0.71118063 -0.71118063
 -0.68432526 -0.68432526 -0.65622025 -0.65622025 -0.62668024 -0.62668024
 -0.59598963 -0.59598963 -0.56370554 -0.56370554 -0.52961157 -0.52961157
 -0.49418601 -0.49418601 -0.45680921 -0.45680921 -0.41786463 -0.41786463
 -0.3771516  -0.3771516  -0.33485717 -0.33485717 -0.29043265 -0.29043265
 -0.2446632  -0.2446632  -0.19707616 -0.19707616 -0.14765807 -0.14765807
 -0.09552676 -0.09552676 -0.0369567  -0.0369567   0.03695462  0.03695462
  0.09552383  0.09552383  0.1476579   0.1476579   0.19707612  0.19707612
  0.24466604  0.24466604  0.29043848  0.29043848  0.33486185  0.33486185
  0.37714871  0.37714871  0.41786848  0.41786848  0.45681592  0.45681592
  0.49418771  0.49418771  0.52960936  0.52960936  0.56370735  0.56370735
  0.59598571  0.59598571  0.62667762  0.62667762  0.65621765  0.65621765
  0.6843237   0.6843237   0.71117839  0.71117839  0.73631946  0.73631946
  0.760568    0.760568    0.78353082  0.78353082  0.80518635  0.80518635
  0.82585546  0.82585546  0.84524543  0.84524543  0.8636872   0.8636872
  0.88078344  0.88078344  0.89684847  0.89684847  0.91196275  0.91196275
  0.9257101   0.9257101   0.93836668  0.93836668  0.94981686  0.94981686
  0.96035948  0.96035948]
localization_length: 0.8456317890316554
0.8519081454161461
W_list: [3.6]
L_list: [27.261060653316676]
