Norm difference: 1.0
Norm difference: 1.0
1 1
1 2
1 3
2 1
2 2
2 3
3 1
3 2
3 3
1 1
1 2
1 3
2 1
2 2
2 3
3 1
3 2
3 3
1 1
1 2
1 3
2 1
2 2
2 3
3 1
3 2
3 3
1 1
1 2
1 3
2 1
2 2
2 3
3 1
3 2
3 3
1 1
1 2
1 3
2 1
2 2
2 3
3 1
3 2
3 3
1 1
1 2
1 3
2 1
2 2
2 3
3 1
3 2
3 3
1 1
1 2
1 3
2 1
2 2
2 3
3 1
3 2
3 3
1 1
1 2
1 3
2 1
2 2
2 3
3 1
3 2
3 3
1 1
1 2
1 3
2 1
2 2
2 3
3 1
3 2
3 3
1 1
1 2
1 3
2 1
2 2
2 3
3 1
3 2
3 3
1 1
1 2
1 3
2 1
2 2
2 3
3 1
3 2
3 3
1 1
1 2
1 3
2 1
2 2
2 3
3 1
3 2
3 3
1 1
1 2
1 3
2 1
2 2
2 3
3 1
3 2
3 3
1 1
1 2
1 3
2 1
2 2
2 3
3 1
3 2
3 3
1 1
1 2
1 3
2 1
2 2
2 3
3 1
3 2
3 3
1 1
1 2
1 3
2 1
2 2
2 3
3 1
3 2
3 3
1 1
1 2
1 3
2 1
2 2
2 3
3 1
3 2
3 3
1 1
1 2
1 3
2 1
2 2
2 3
3 1
3 2
3 3
1 1
1 2
1 3
2 1
2 2
2 3
3 1
3 2
3 3
1 1
1 2
1 3
2 1
2 2
2 3
3 1
3 2
3 3
1 1 1 0.010232837067296944
1 2 1 0.01121392028001938
1 3 1 0.006918729133478499
2 1 1 0.013053493236321437
2 2 1 0.01269416004706771
2 3 1 0.010318035361713742
3 1 1 0.008627986537795212
3 2 1 0.007687155667053747
3 3 1 0.0070479712019210355
1 1 2 0.008696564490528113
1 2 2 0.007833012170671286
1 3 2 0.005787208599105936
2 1 2 0.011549084094396396
2 2 2 0.012218096700688555
2 3 2 0.009557661736142137
3 1 2 0.009231923084472956
3 2 2 0.009279421330486495
3 3 2 0.007527547783840706
1 1 3 0.007150889107817375
1 2 3 0.009215093050060014
1 3 3 0.0067213367823909685
2 1 3 0.009269446140425826
2 2 3 0.011825946694940906
2 3 3 0.007165754404735392
3 1 3 0.006488722754127799
3 2 3 0.009344058562678035
3 3 3 0.0050471451132106
1 1 4 0.005379096807766101
1 2 4 0.00848063222244599
1 3 4 0.006425384960072833
2 1 4 0.010496216819205045
2 2 4 0.00842968522177832
2 3 4 0.006647993838503926
3 1 4 0.00687952522427748
3 2 4 0.007171738720005401
3 3 4 0.005578814527656904
1 1 5 0.005243629166154933
1 2 5 0.006932494487819951
1 3 5 0.006654176830050783
2 1 5 0.005630182925321775
2 2 5 0.010351191606690076
2 3 5 0.008603392979711324
3 1 5 0.004209256507520098
3 2 5 0.006441973200398696
3 3 5 0.005599948769963943
1 1 6 0.0051308649766154514
1 2 6 0.007427744895869212
1 3 6 0.006571917374578418
2 1 6 0.005312162476621312
2 2 6 0.008558632976256067
2 3 6 0.006960396502315824
3 1 6 0.0047063238548736945
3 2 6 0.00509653865310246
3 3 6 0.004297788885105657
1 1 7 0.005567572543514058
1 2 7 0.006686879108108339
1 3 7 0.005451861729036542
2 1 7 0.005476819207130947
2 2 7 0.0078057005128001
2 3 7 0.008639134319175443
3 1 7 0.0033466918397972987
3 2 7 0.005275758131017971
3 3 7 0.005308420395499351
1 1 8 0.004694754066587382
1 2 8 0.005859189137169771
1 3 8 0.005443225947420869
2 1 8 0.006536212851769527
2 2 8 0.008048854659497192
2 3 8 0.0072133191280416885
3 1 8 0.00431929437387633
3 2 8 0.005117558317767599
3 3 8 0.004347759820180134
1 1 9 0.005048215987744025
1 2 9 0.005940150593267687
1 3 9 0.003924609141026637
2 1 9 0.006765893705766604
2 2 9 0.007185972987481713
2 3 9 0.005324954996449847
3 1 9 0.00391530638859046
3 2 9 0.004045694120842153
3 3 9 0.00360695143306036
1 1 10 0.0049652657221130195
1 2 10 0.004236015158322171
1 3 10 0.003169999511821955
2 1 10 0.005189936125750729
2 2 10 0.006465104230471194
2 3 10 0.005067830968836533
3 1 10 0.0034354416863947635
3 2 10 0.004056813530913915
3 3 10 0.003954098777101585
1 1 11 0.0035472920167919407
1 2 11 0.004064849727562848
1 3 11 0.0028760108180922142
2 1 11 0.005669753349375348
2 2 11 0.0048745990169575
2 3 11 0.004119982720595668
3 1 11 0.00378707895618422
3 2 11 0.0032681112673702203
3 3 11 0.002647785501026674
1 1 12 0.0027796380585006844
1 2 12 0.0026762264386759483
1 3 12 0.0025482656591927773
2 1 12 0.004788743638040627
2 2 12 0.00405125667011291
2 3 12 0.004201774714529422
3 1 12 0.0033463668452691415
3 2 12 0.0029248227550734145
3 3 12 0.0030010111195462276
1 1 13 0.0022639046987470387
1 2 13 0.0026054203899418095
1 3 13 0.003159409410063484
2 1 13 0.0031240087993573674
2 2 13 0.003918644281499739
2 3 13 0.003228879373694868
3 1 13 0.002379804865673046
3 2 13 0.0029717678027679655
3 3 13 0.002251171697393524
1 1 14 0.0022415545642597017
1 2 14 0.0021814600313602907
1 3 14 0.002868694326470551
2 1 14 0.002895570059930675
2 2 14 0.0023804923362487525
2 3 14 0.0026640321268764826
3 1 14 0.0019033965821399427
3 2 14 0.001931793855593844
3 3 14 0.002094877211143723
1 1 15 0.0019001199634117623
1 2 15 0.0020135854966822605
1 3 15 0.0024220449575970476
2 1 15 0.001998328543775603
2 2 15 0.002784626590044736
2 3 15 0.00410401756627553
3 1 15 0.0014694687094185571
3 2 15 0.001890886597387318
3 3 15 0.00224554202966869
1 1 16 0.002295497307395
1 2 16 0.002614892689166733
1 3 16 0.0021720250067715262
2 1 16 0.002686456950593762
2 2 16 0.0023068490297390243
2 3 16 0.003178006062571475
3 1 16 0.002093632438398415
3 2 16 0.0011310633984350212
3 3 16 0.0017801725898972383
1 1 17 0.002458256258340284
1 2 17 0.002087283145068647
1 3 17 0.0020385791181406006
2 1 17 0.0019388395200210407
2 2 17 0.0024052289136015682
2 3 17 0.0026071764304912456
3 1 17 0.0016121426607152202
3 2 17 0.0014989483070209134
3 3 17 0.0015648819522953092
1 1 18 0.0018453397447560943
1 2 18 0.00184369407583267
1 3 18 0.0023084091027316886
2 1 18 0.0028670264983488595
2 2 18 0.002951528557096049
2 3 18 0.0021238531200432733
3 1 18 0.0016625153183598216
3 2 18 0.001555757445311776
3 3 18 0.0011892452495134314
1 1 19 0.0016233334693425646
1 2 19 0.0017518292474586906
1 3 19 0.0016973348148983443
2 1 19 0.002765907756553879
2 2 19 0.0020172820416830177
2 3 19 0.002265365620298488
3 1 19 0.0014768473957232357
3 2 19 0.0012764224497030555
3 3 19 0.0014233739631509949
1 1 20 0.0017614039894425972
1 2 20 0.0011392665572854152
1 3 20 0.0014542297092451667
2 1 20 0.0019128994428067414
2 2 20 0.00198628783329943
2 3 20 0.00209306469460402
3 1 20 0.0012089701008208224
3 2 20 0.0013029090606991411
3 3 20 0.001525390371046964
