[-2.41421356 -1.         -1.         -0.41421356  0.41421356  1.
  1.          2.41421356]
W: 2.0
num_iter: 0
[-0.49738748 -0.43306924 -0.36972038 -0.30966515 -0.2487886  -0.18821472
 -0.12654283 -0.06436039  0.06435548  0.126556    0.18820027  0.24878719
  0.30966951  0.36972354  0.4330723   0.49738451]
localization_length: 1.9423364197257305
1.9407718790415454
W_list: [2.0]
L_list: [1.9407718790415454]
[-2.41421356 -1.         -1.         -0.41421356  0.41421356  1.
  1.          2.41421356]
W: 2.0
num_iter: 0
[-0.4969836  -0.43302877 -0.37067803 -0.30850674 -0.24776826 -0.18766785
 -0.12604518 -0.06342531  0.06342397  0.12605232  0.18766314  0.24777072
  0.30850719  0.37067395  0.433033    0.49697945]
localization_length: 1.9708635947188915
1.986081775741423
W_list: [2.0]
L_list: [1.986081775741423]
