Norm difference: 1.0
Norm difference: 1.0
1 1
1 2
1 3
2 1
2 2
2 3
3 1
3 2
3 3
1 1
1 2
1 3
2 1
2 2
2 3
3 1
3 2
3 3
1 1
1 2
1 3
2 1
2 2
2 3
3 1
3 2
3 3
1 1
1 2
1 3
2 1
2 2
2 3
3 1
3 2
3 3
1 1
1 2
1 3
2 1
2 2
2 3
3 1
3 2
3 3
1 1
1 2
1 3
2 1
2 2
2 3
3 1
3 2
3 3
1 1
1 2
1 3
2 1
2 2
2 3
3 1
3 2
3 3
1 1
1 2
1 3
2 1
2 2
2 3
3 1
3 2
3 3
1 1
1 2
1 3
2 1
2 2
2 3
3 1
3 2
3 3
1 1
1 2
1 3
2 1
2 2
2 3
3 1
3 2
3 3
1 1
1 2
1 3
2 1
2 2
2 3
3 1
3 2
3 3
1 1
1 2
1 3
2 1
2 2
2 3
3 1
3 2
3 3
1 1
1 2
1 3
2 1
2 2
2 3
3 1
3 2
3 3
1 1
1 2
1 3
2 1
2 2
2 3
3 1
3 2
3 3
1 1
1 2
1 3
2 1
2 2
2 3
3 1
3 2
3 3
1 1
1 2
1 3
2 1
2 2
2 3
3 1
3 2
3 3
1 1
1 2
1 3
2 1
2 2
2 3
3 1
3 2
3 3
1 1
1 2
1 3
2 1
2 2
2 3
3 1
3 2
3 3
1 1
1 2
1 3
2 1
2 2
2 3
3 1
3 2
3 3
1 1
1 2
1 3
2 1
2 2
2 3
3 1
3 2
3 3
1 1 1 0.01802304517579458
1 2 1 0.01375603177235073
1 3 1 0.019764354008117307
2 1 1 0.012495256633667204
2 2 1 0.010300783639138875
2 3 1 0.01383514131425353
3 1 1 0.017477461687647584
3 2 1 0.01302070392602614
3 3 1 0.015112384511662441
1 1 2 0.018386711164648684
1 2 2 0.013405103736714951
1 3 2 0.0166902550834466
2 1 2 0.012667883165294259
2 2 2 0.010742992587273124
2 3 2 0.009590311459258436
3 1 2 0.01436084917129019
3 2 2 0.010496627590641494
3 3 2 0.01604840933963974
1 1 3 0.018455744362866768
1 2 3 0.013404094106981295
1 3 3 0.017480343838545808
2 1 3 0.014020728580089839
2 2 3 0.009882394189035814
2 3 3 0.010076949526614788
3 1 3 0.014171535485477015
3 2 3 0.0097485876519702
3 3 3 0.013542751888227822
1 1 4 0.018061033959013262
1 2 4 0.01212543760596348
1 3 4 0.016670900743540856
2 1 4 0.012399046594348815
2 2 4 0.008637829496727693
2 3 4 0.012702869996600627
3 1 4 0.01762550790857857
3 2 4 0.011623853391585165
3 3 4 0.011438642833473416
1 1 5 0.02035868052097382
1 2 5 0.011344026804874723
1 3 5 0.013379041549510603
2 1 5 0.014097682732254913
2 2 5 0.008539352958734679
2 3 5 0.009958053897390202
3 1 5 0.020186393074164376
3 2 5 0.011806381704513508
3 3 5 0.014891179515414462
1 1 6 0.017409231863319205
1 2 6 0.013669311182275976
1 3 6 0.0140781620023737
2 1 6 0.012608371777276703
2 2 6 0.009278127576127792
2 3 6 0.013350515435261098
3 1 6 0.021612187850701948
3 2 6 0.012298647549826982
3 3 6 0.015956871965071676
1 1 7 0.016323346596005664
1 2 7 0.00987476196800169
1 3 7 0.014659528262785975
2 1 7 0.011439306281314465
2 2 7 0.00871470908965305
2 3 7 0.011751600391626451
3 1 7 0.016520250640044608
3 2 7 0.01207450120483836
3 3 7 0.015427119312450669
1 1 8 0.013874362852032645
1 2 8 0.009745432475630965
1 3 8 0.015563207946867113
2 1 8 0.012858259414727796
2 2 8 0.009404599570125832
2 3 8 0.01096738216382619
3 1 8 0.01255784799226091
3 2 8 0.010421213803339286
3 3 8 0.016675019771210824
1 1 9 0.013396785402071154
1 2 9 0.00942744273995186
1 3 9 0.012329953739439134
2 1 9 0.010814572862836953
2 2 9 0.008328588472741321
2 3 9 0.012639451940789873
3 1 9 0.01244415654397179
3 2 9 0.007446534531936273
3 3 9 0.012353283817423564
1 1 10 0.01670650130719036
1 2 10 0.010100222738479133
1 3 10 0.009774707427470788
2 1 10 0.013384653963940032
2 2 10 0.007262819109722508
2 3 10 0.009865889932658174
3 1 10 0.015346674291643764
3 2 10 0.00903990090491905
3 3 10 0.009157604229083608
1 1 11 0.016382960944750544
1 2 11 0.011890712643036764
1 3 11 0.011270795192984018
2 1 11 0.011538138085992205
2 2 11 0.00882781750039777
2 3 11 0.0077159278842151265
3 1 11 0.015232614416367122
3 2 11 0.008151253545036069
3 3 11 0.008684233425058759
1 1 12 0.01511802284796131
1 2 12 0.009611452934828332
1 3 12 0.012220803968764873
2 1 12 0.012264684322612723
2 2 12 0.008711498139891192
2 3 12 0.008152115637141508
3 1 12 0.013644717233194775
3 2 12 0.008444953186579358
3 3 12 0.00930344963265932
1 1 13 0.012007611118056361
1 2 13 0.010185998412298192
1 3 13 0.01293435275398957
2 1 13 0.011761435590154874
2 2 13 0.007282105796422622
2 3 13 0.0098181619842842
3 1 13 0.009631108441881659
3 2 13 0.00849631993526737
3 3 13 0.0092142141065714
1 1 14 0.009492366779428336
1 2 14 0.007472978551007331
1 3 14 0.010089966034134963
2 1 14 0.00919356210500659
2 2 14 0.0072830187356502886
2 3 14 0.008518747970111429
3 1 14 0.009068686302023383
3 2 14 0.007207912830437017
3 3 14 0.010171377537261873
1 1 15 0.01016108799424296
1 2 15 0.008137893527279363
1 3 15 0.008219162572778469
2 1 15 0.007938862915307515
2 2 15 0.005709991933066237
2 3 15 0.006736778565425747
3 1 15 0.010907203262403634
3 2 15 0.006543174969848206
3 3 15 0.00920359138190956
1 1 16 0.011036886926296643
1 2 16 0.008545033055666762
1 3 16 0.00575209913742798
2 1 16 0.007253241877655227
2 2 16 0.0059075954186119705
2 3 16 0.005943312611520459
3 1 16 0.01089331991724192
3 2 16 0.007697531883786864
3 3 16 0.006205597236180923
1 1 17 0.009331066803465422
1 2 17 0.008382551485759499
1 3 17 0.00714708519777153
2 1 17 0.00635513453816349
2 2 17 0.005436679643133049
2 3 17 0.004279013556426768
3 1 17 0.010103616518882395
3 2 17 0.007608722666193736
3 3 17 0.0048171862513134754
1 1 18 0.00828063315831713
1 2 18 0.007044146001771705
1 3 18 0.007637340215529864
2 1 18 0.006757360583329207
2 2 18 0.005385721878445075
2 3 18 0.0042539200549220665
3 1 18 0.0067395028662211726
3 2 18 0.007015743053529896
3 3 18 0.006258715636726554
1 1 19 0.006619986694738808
1 2 19 0.006377569996798595
1 3 19 0.005771426207018804
2 1 19 0.005027640873489578
2 2 19 0.004633053602140441
2 3 19 0.004281847620229223
3 1 19 0.005149922744572334
3 2 19 0.0062437070565881745
3 3 19 0.00632843384273857
1 1 20 0.005918244967513115
1 2 20 0.0063799900913831115
1 3 20 0.0060102819775938385
2 1 20 0.004317519530919024
2 2 20 0.004505830001261773
2 3 20 0.004201770709566637
3 1 20 0.005029813280987824
3 2 20 0.0044785174131034165
3 3 20 0.004958754643266485
