W: 4.0
num_iter: 0
[-0.96685889 -0.96685889 -0.91638557 -0.91638557 -0.84801313 -0.84801313
 -0.76168402 -0.76168402 -0.65231744 -0.65231744 -0.51688455 -0.51688455
 -0.34733825 -0.34733825 -0.12781    -0.12781     0.12781263  0.12781263
  0.34733621  0.34733621  0.51688422  0.51688422  0.65232049  0.65232049
  0.76168285  0.76168285  0.8480125   0.8480125   0.91638289  0.91638289
  0.96686005  0.96686005]
localization_length: 0.9780142144338855
0.9837780472945729
W_list: [4.0]
L_list: [7.870224378356583]
