W: 2.6
num_iter: 0
[-1.19837917 -1.19837917 -1.18701123 -1.18701123 -1.17464062 -1.17464062
 -1.1606392  -1.1606392  -1.14498999 -1.14498999 -1.1281506  -1.1281506
 -1.10951898 -1.10951898 -1.08878486 -1.08878486 -1.06588559 -1.06588559
 -1.04100992 -1.04100992 -1.01385398 -1.01385398 -0.98360074 -0.98360074
 -0.95105959 -0.95105959 -0.91636683 -0.91636683 -0.87945372 -0.87945372
 -0.83963646 -0.83963646 -0.79797701 -0.79797701 -0.75421796 -0.75421796
 -0.70843227 -0.70843227 -0.66146661 -0.66146661 -0.61380948 -0.61380948
 -0.56458829 -0.56458829 -0.51594912 -0.51594912 -0.46610585 -0.46610585
 -0.41660196 -0.41660196 -0.36687086 -0.36687086 -0.3161852  -0.3161852
 -0.26527341 -0.26527341 -0.21401609 -0.21401609 -0.16086873 -0.16086873
 -0.10666148 -0.10666148 -0.04359806 -0.04359806  0.04359564  0.04359564
  0.10666685  0.10666685  0.16086805  0.16086805  0.21401835  0.21401835
  0.26526661  0.26526661  0.31618494  0.31618494  0.36687524  0.36687524
  0.41660048  0.41660048  0.46609489  0.46609489  0.51594257  0.51594257
  0.56459361  0.56459361  0.61380486  0.61380486  0.66146411  0.66146411
  0.70843295  0.70843295  0.75421743  0.75421743  0.79798156  0.79798156
  0.83963949  0.83963949  0.87944972  0.87944972  0.91636678  0.91636678
  0.95105918  0.95105918  0.98360255  0.98360255  1.01385664  1.01385664
  1.0410139   1.0410139   1.06589544  1.06589544  1.08879201  1.08879201
  1.10950892  1.10950892  1.12814685  1.12814685  1.14499376  1.14499376
  1.16063936  1.16063936  1.17463859  1.17463859  1.18701521  1.18701521
  1.19837732  1.19837732]
localization_length: 0.7168147620874055
0.7207153446705543
W_list: [2.6]
L_list: [23.062891029457738]
