C_list:
0.0006123930878157909 0.21097574475163303
C_list:
0.0006653358614174245 0.2334043165447801
C_list:
0.0006482196360691074 0.24502274317019848
C_list:
0.0006318156789535455 0.25601141945022654
C_list:
0.0006527633377583877 0.27948217041458934
C_list:
0.0006404950112527113 0.27926010496103715
ndim2: 60
W_list: [2.3, 2.4, 2.5, 2.5999999999999996, 2.6999999999999997, 2.8]
L_list: [4.739881360187779, 4.284410908947965, 4.081253793266761, 3.9060757607901118, 3.5780457784358135, 3.580891012482867]
C_list:
0.0005579441957234357 0.15399041756370707
C_list:
0.0005595555825060496 0.17350488787844923
C_list:
0.0006106970471286536 0.1819763125229977
C_list:
0.0005752359029314782 0.193967409538542
C_list:
0.0005380199410091319 0.21558945945519128
C_list:
0.0005751201761739649 0.2206820679051037
ndim2: 60
W_list: [2.3, 2.4, 2.5, 2.5999999999999996, 2.6999999999999997, 2.8]
L_list: [6.493910568079939, 5.763526389530657, 5.495220702824289, 5.1555052592548885, 4.638445694548637, 4.531405788847391]
C_list:
0.0005652317932345488 0.1361584482088598
C_list:
0.0005559501183510004 0.14415353793526864
C_list:
0.0004905998327113965 0.1588011522277148
C_list:
0.000525900698197187 0.17080224621891651
C_list:
0.0005052284834341038 0.17004482594807885
C_list:
0.0004999774571026648 0.1839616210837788
ndim2: 60
W_list: [2.3, 2.4, 2.5, 2.5999999999999996, 2.6999999999999997, 2.8]
L_list: [7.3443845251970945, 6.937047916569655, 6.297183527774648, 5.8547239403298255, 5.8808022791904175, 5.435916437943246]
