W: 2.0
num_iter: 0
[-0.63448981 -0.63448981 -0.62734643 -0.62734643 -0.61885015 -0.61885015
 -0.60909325 -0.60909325 -0.59817371 -0.59817371 -0.58622367 -0.58622367
 -0.57320251 -0.57320251 -0.55965076 -0.55965076 -0.54523222 -0.54523222
 -0.53019746 -0.53019746 -0.51394617 -0.51394617 -0.49734771 -0.49734771
 -0.47998733 -0.47998733 -0.4617545  -0.4617545  -0.44262924 -0.44262924
 -0.42318434 -0.42318434 -0.40253551 -0.40253551 -0.38115518 -0.38115518
 -0.35880657 -0.35880657 -0.33563897 -0.33563897 -0.31171804 -0.31171804
 -0.28697672 -0.28697672 -0.26093118 -0.26093118 -0.23422473 -0.23422473
 -0.20724372 -0.20724372 -0.17901679 -0.17901679 -0.15033754 -0.15033754
 -0.12115797 -0.12115797 -0.09257972 -0.09257972 -0.06372791 -0.06372791
 -0.03537011 -0.03537011 -0.007169   -0.007169    0.00716507  0.00716507
  0.03537686  0.03537686  0.06372642  0.06372642  0.09258399  0.09258399
  0.12115259  0.12115259  0.15033496  0.15033496  0.17902068  0.17902068
  0.2072456   0.2072456   0.23422075  0.23422075  0.26093308  0.26093308
  0.2869773   0.2869773   0.3117142   0.3117142   0.33564005  0.33564005
  0.35880747  0.35880747  0.38114918  0.38114918  0.40253204  0.40253204
  0.42319105  0.42319105  0.44262595  0.44262595  0.46176024  0.46176024
  0.47998655  0.47998655  0.49735388  0.49735388  0.51394792  0.51394792
  0.53019541  0.53019541  0.54523772  0.54523772  0.55964549  0.55964549
  0.5732058   0.5732058   0.58622063  0.58622063  0.59816901  0.59816901
  0.60909005  0.60909005  0.61885466  0.61885466  0.62734666  0.62734666
  0.63448769  0.63448769]
localization_length: 4.361438968770711
4.418278603780158
W_list: [2.0]
L_list: [141.38491532096506]
