W: 3.6
num_iter: 0
[-0.90907621 -0.90907621 -0.88840927 -0.88840927 -0.86350134 -0.86350134
 -0.83442116 -0.83442116 -0.80088958 -0.80088958 -0.76244969 -0.76244969
 -0.71938183 -0.71938183 -0.67138325 -0.67138325 -0.618636   -0.618636
 -0.55956819 -0.55956819 -0.4946453  -0.4946453  -0.422296   -0.422296
 -0.34255891 -0.34255891 -0.25610861 -0.25610861 -0.1630764  -0.1630764
 -0.05491442 -0.05491442  0.054912    0.054912    0.16307585  0.16307585
  0.25610518  0.25610518  0.34255521  0.34255521  0.42229952  0.42229952
  0.49464452  0.49464452  0.55956832  0.55956832  0.61863172  0.61863172
  0.67138974  0.67138974  0.71938562  0.71938562  0.76244956  0.76244956
  0.80088795  0.80088795  0.83442557  0.83442557  0.86349958  0.86349958
  0.88840389  0.88840389  0.90908193  0.90908193]
localization_length: 1.1381847208131672
1.1374477805219179
W_list: [3.6]
L_list: [18.199164488350686]
