[-0.48062485 -0.38846278 -0.38846278 -0.38846278 -0.38846278 -0.32313253
 -0.32313253 -0.32313253 -0.32313253 -0.25912603 -0.25912603 -0.25912603
 -0.25912603 -0.22663303 -0.22663303 -0.22663303 -0.22663303 -0.22663303
 -0.22663303 -0.22663303 -0.22663303 -0.19207539 -0.19207539 -0.19207539
 -0.19207539 -0.17321375 -0.17321375 -0.17321375 -0.17321375 -0.17321375
 -0.17321375 -0.17321375 -0.17321375 -0.17321375 -0.17321375 -0.17321375
 -0.17321375 -0.17321375 -0.17321375 -0.15764342 -0.15764342 -0.15764342
 -0.15764342 -0.13978203 -0.13978203 -0.13978203 -0.13978203 -0.13978203
 -0.13978203 -0.13978203 -0.13978203 -0.12937654 -0.12937654 -0.12937654
 -0.12937654 -0.11702136 -0.11702136 -0.11702136 -0.11702136 -0.10960325
 -0.10960325 -0.10960325 -0.10960325 -0.10306027  2.08062485  2.57424922
  2.57424922  2.57424922  2.57424922  3.09470541  3.09470541  3.09470541
  3.09470541  3.85912603  3.85912603  3.85912603  3.85912603  4.41241947
  4.41241947  4.41241947  4.41241947  4.41241947  4.41241947  4.41241947
  4.41241947  5.20628896  5.20628896  5.20628896  5.20628896  5.77321375
  5.77321375  5.77321375  5.77321375  5.77321375  5.77321375  5.77321375
  5.77321375  5.77321375  5.77321375  5.77321375  5.77321375  5.77321375
  5.77321375  6.34342986  6.34342986  6.34342986  6.34342986  7.15399559
  7.15399559  7.15399559  7.15399559  7.15399559  7.15399559  7.15399559
  7.15399559  7.72937654  7.72937654  7.72937654  7.72937654  8.54544848
  8.54544848  8.54544848  8.54544848  9.12381682  9.12381682  9.12381682
  9.12381682  9.70306027]
W: 4
num_iter: 0
EF_list: [5.6000000000000005]
L_list: [42.86834138614263]
