W: 2.2
num_iter: 0
[-0.66803139 -0.66803139 -0.66089499 -0.66089499 -0.65211478 -0.65211478
 -0.6418409  -0.6418409  -0.63093823 -0.63093823 -0.61854479 -0.61854479
 -0.60516527 -0.60516527 -0.59118876 -0.59118876 -0.57592478 -0.57592478
 -0.56024858 -0.56024858 -0.54347328 -0.54347328 -0.52596497 -0.52596497
 -0.50780344 -0.50780344 -0.48841278 -0.48841278 -0.46851852 -0.46851852
 -0.44776975 -0.44776975 -0.42598281 -0.42598281 -0.40312079 -0.40312079
 -0.38006255 -0.38006255 -0.35576714 -0.35576714 -0.33033475 -0.33033475
 -0.30426169 -0.30426169 -0.27710459 -0.27710459 -0.24846284 -0.24846284
 -0.2199806  -0.2199806  -0.19018198 -0.19018198 -0.16002007 -0.16002007
 -0.12950026 -0.12950026 -0.09839596 -0.09839596 -0.06779235 -0.06779235
 -0.0378903  -0.0378903  -0.00771336 -0.00771336  0.00771656  0.00771656
  0.03788757  0.03788757  0.06779295  0.06779295  0.09839574  0.09839574
  0.12949916  0.12949916  0.16001657  0.16001657  0.19018148  0.19018148
  0.21997837  0.21997837  0.248462    0.248462    0.27710264  0.27710264
  0.30425833  0.30425833  0.33032918  0.33032918  0.35576287  0.35576287
  0.38006007  0.38006007  0.40312011  0.40312011  0.42598442  0.42598442
  0.44777502  0.44777502  0.46851712  0.46851712  0.48841261  0.48841261
  0.50780793  0.50780793  0.5259686   0.5259686   0.54347234  0.54347234
  0.56024688  0.56024688  0.57592889  0.57592889  0.59118605  0.59118605
  0.60516692  0.60516692  0.61854788  0.61854788  0.63094204  0.63094204
  0.64184174  0.64184174  0.65212043  0.65212043  0.66089545  0.66089545
  0.66802933  0.66802933]
localization_length: 4.051412296125574
4.1432589744546195
W_list: [2.2]
L_list: [132.58428718254783]
