W: 2.6
num_iter: 0
[-0.95298341 -0.95298341 -0.88851593 -0.88851593 -0.79831336 -0.79831336
 -0.68477424 -0.68477424 -0.55363242 -0.55363242 -0.40904855 -0.40904855
 -0.25020913 -0.25020913 -0.06862518 -0.06862518  0.06862266  0.06862266
  0.250206    0.250206    0.40904738  0.40904738  0.55363172  0.55363172
  0.68477121  0.68477121  0.79831851  0.79831851  0.88851935  0.88851935
  0.95298541  0.95298541]
localization_length: 1.8215558432899603
1.8521679578354333
W_list: [2.6]
L_list: [14.817343662683466]
