Norm difference: 1.0
Norm difference: 1.0
1 1
1 2
1 3
2 1
2 2
2 3
3 1
3 2
3 3
1 1
1 2
1 3
2 1
2 2
2 3
3 1
3 2
3 3
1 1
1 2
1 3
2 1
2 2
2 3
3 1
3 2
3 3
1 1
1 2
1 3
2 1
2 2
2 3
3 1
3 2
3 3
1 1
1 2
1 3
2 1
2 2
2 3
3 1
3 2
3 3
1 1
1 2
1 3
2 1
2 2
2 3
3 1
3 2
3 3
1 1
1 2
1 3
2 1
2 2
2 3
3 1
3 2
3 3
1 1
1 2
1 3
2 1
2 2
2 3
3 1
3 2
3 3
1 1
1 2
1 3
2 1
2 2
2 3
3 1
3 2
3 3
1 1
1 2
1 3
2 1
2 2
2 3
3 1
3 2
3 3
1 1
1 2
1 3
2 1
2 2
2 3
3 1
3 2
3 3
1 1
1 2
1 3
2 1
2 2
2 3
3 1
3 2
3 3
1 1
1 2
1 3
2 1
2 2
2 3
3 1
3 2
3 3
1 1
1 2
1 3
2 1
2 2
2 3
3 1
3 2
3 3
1 1
1 2
1 3
2 1
2 2
2 3
3 1
3 2
3 3
1 1
1 2
1 3
2 1
2 2
2 3
3 1
3 2
3 3
1 1
1 2
1 3
2 1
2 2
2 3
3 1
3 2
3 3
1 1
1 2
1 3
2 1
2 2
2 3
3 1
3 2
3 3
1 1
1 2
1 3
2 1
2 2
2 3
3 1
3 2
3 3
1 1
1 2
1 3
2 1
2 2
2 3
3 1
3 2
3 3
1 1 1 0.012996595003792267
1 2 1 0.013751706637754536
1 3 1 0.015706016745686825
2 1 1 0.010413781205609898
2 2 1 0.00869905384679914
2 3 1 0.012776355443217497
3 1 1 0.013241842759333756
3 2 1 0.013730225055182533
3 3 1 0.013931351415211447
1 1 2 0.01365617132072856
1 2 2 0.014377616369996205
1 3 2 0.014446915988381659
2 1 2 0.010177864732329522
2 2 2 0.008834898581546952
2 3 2 0.010489959469558194
3 1 2 0.010792451631989015
3 2 2 0.010142211966221202
3 3 2 0.015006781190290136
1 1 3 0.012180477276706656
1 2 3 0.010107208090930108
1 3 3 0.012145112914880633
2 1 3 0.007631135263195773
2 2 3 0.009770907283821392
2 3 3 0.012154919115503902
3 1 3 0.012324923514760949
3 2 3 0.010359505300502229
3 3 3 0.011725857544620539
1 1 4 0.009499984906594691
1 2 4 0.010529852883280047
1 3 4 0.015478066080414401
2 1 4 0.007531044371431689
2 2 4 0.007399062682337779
2 3 4 0.008861124065214682
3 1 4 0.007926578228779336
3 2 4 0.010438190664080927
3 3 4 0.011848437985490342
1 1 5 0.00827362745162179
1 2 5 0.012533282955659846
1 3 5 0.013486785610045484
2 1 5 0.005793728918715688
2 2 5 0.005872289821602289
2 3 5 0.006960553760646181
3 1 5 0.009296163423601697
3 2 5 0.010356582259687655
3 3 5 0.012190895550340225
1 1 6 0.010639553582705427
1 2 6 0.007173707384541328
1 3 6 0.012662527904849346
2 1 6 0.006506842780439934
2 2 6 0.007511782166474558
2 3 6 0.005673528995009071
3 1 6 0.008620728201873897
3 2 6 0.007694456893619052
3 3 6 0.009300145453824146
1 1 7 0.009570717426661272
1 2 7 0.008156600758928313
1 3 7 0.010451157279991442
2 1 7 0.004567580513414031
2 2 7 0.005197318053205099
2 3 7 0.006880078752582218
3 1 7 0.0067805957689505885
3 2 7 0.007451663112610614
3 3 7 0.008681186430121158
1 1 8 0.006670645833957836
1 2 8 0.00933591201639716
1 3 8 0.00735931666131464
2 1 8 0.006120364559284606
2 2 8 0.005735915773444783
2 3 8 0.00506113155194683
3 1 8 0.00661322416289534
3 2 8 0.007011389399676921
3 3 8 0.005365539217700171
1 1 9 0.006190965552142049
1 2 9 0.007545760474650944
1 3 9 0.006233716487748555
2 1 9 0.004435109031537589
2 2 9 0.00450024769429369
2 3 9 0.0033570788154539248
3 1 9 0.005919554058132091
3 2 9 0.005349185738648159
3 3 9 0.006042016168707807
1 1 10 0.004993826156737538
1 2 10 0.0069198246869156665
1 3 10 0.008471884995546042
2 1 10 0.0038918262289967835
2 2 10 0.004882475918016413
2 3 10 0.004036627018142466
3 1 10 0.004260539097775658
3 2 10 0.006479361488467572
3 3 10 0.006121523275934807
1 1 11 0.004386650404317025
1 2 11 0.007783471096615252
1 3 11 0.006084078203622417
2 1 11 0.0030956268687094882
2 2 11 0.004709114740789114
2 3 11 0.005304633981501822
3 1 11 0.003279668497685381
3 2 11 0.006032249544558319
3 3 11 0.004954719019614729
1 1 12 0.0038003443960001873
1 2 12 0.003600629916646632
1 3 12 0.0058991375207967395
2 1 12 0.002863084303663544
2 2 12 0.0027935652040582846
2 3 12 0.004621700397196735
3 1 12 0.0035083592708372324
3 2 12 0.004126971062292549
3 3 12 0.005650173425939918
1 1 13 0.004952486487580779
1 2 13 0.0037863466385376398
1 3 13 0.004211938341948012
2 1 13 0.002537487946589174
2 2 13 0.003791211711208898
2 3 13 0.004343267245526436
3 1 13 0.0031766676304048184
3 2 13 0.003266566608192725
3 3 13 0.005105935925248722
1 1 14 0.0031476612717445214
1 2 14 0.0035594257312771224
1 3 14 0.003927484709347778
2 1 14 0.003552617263457021
2 2 14 0.003261509861671097
2 3 14 0.004631959419330047
3 1 14 0.0028615811549247356
3 2 14 0.003910236209495292
3 3 14 0.004587367438853464
1 1 15 0.003339850172926434
1 2 15 0.003494523594999962
1 3 15 0.004000495086490888
2 1 15 0.0033115822281132635
2 2 15 0.0035567864196798375
2 3 15 0.0037413557141566653
3 1 15 0.003322978179901073
3 2 15 0.0036622272905650435
3 3 15 0.0051644957166450955
1 1 16 0.0026122221996921903
1 2 16 0.003265490881170681
1 3 16 0.0036172605620742363
2 1 16 0.0032027487966736824
2 2 16 0.0028224772496559746
2 3 16 0.0037864565014545867
3 1 16 0.003666642705004881
3 2 16 0.003292081055826377
3 3 16 0.0037820242306948
1 1 17 0.002632522270858753
1 2 17 0.0029013452685237354
1 3 17 0.0033124713541259217
2 1 17 0.0029624553432672147
2 2 17 0.0030354718430444525
2 3 17 0.0025608717156974307
3 1 17 0.003022385529582725
3 2 17 0.0031682167384779443
3 3 17 0.00280517021836813
1 1 18 0.0031313681131520344
1 2 18 0.0022654103977812396
1 3 18 0.0033388899854269404
2 1 18 0.0030574607055051484
2 2 18 0.002265990550976869
2 3 18 0.0034155173934269445
3 1 18 0.0035165544352535926
3 2 18 0.0021797776275880956
3 3 18 0.0028282224928518856
1 1 19 0.0027463230283573665
1 2 19 0.002452304529942363
1 3 19 0.0023386104848546977
2 1 19 0.0030797582524605066
2 2 19 0.002257420953914687
2 3 19 0.0030912721133681616
3 1 19 0.003022961007661239
3 2 19 0.002147603666694948
3 3 19 0.0027234243797172493
1 1 20 0.0024118694636028953
1 2 20 0.0018612478036069465
1 3 20 0.001686031746868997
2 1 20 0.0025906660211321665
2 2 20 0.0020126774160610355
2 3 20 0.002960021425094046
3 1 20 0.0024368789144044193
3 2 20 0.002075528441111892
3 3 20 0.002738902666851092
