Norm difference: 1.0
Norm difference: 1.0
1 1
1 2
1 3
2 1
2 2
2 3
3 1
3 2
3 3
1 1
1 2
1 3
2 1
2 2
2 3
3 1
3 2
3 3
1 1
1 2
1 3
2 1
2 2
2 3
3 1
3 2
3 3
1 1
1 2
1 3
2 1
2 2
2 3
3 1
3 2
3 3
1 1
1 2
1 3
2 1
2 2
2 3
3 1
3 2
3 3
1 1
1 2
1 3
2 1
2 2
2 3
3 1
3 2
3 3
1 1
1 2
1 3
2 1
2 2
2 3
3 1
3 2
3 3
1 1
1 2
1 3
2 1
2 2
2 3
3 1
3 2
3 3
1 1
1 2
1 3
2 1
2 2
2 3
3 1
3 2
3 3
1 1
1 2
1 3
2 1
2 2
2 3
3 1
3 2
3 3
1 1
1 2
1 3
2 1
2 2
2 3
3 1
3 2
3 3
1 1
1 2
1 3
2 1
2 2
2 3
3 1
3 2
3 3
1 1
1 2
1 3
2 1
2 2
2 3
3 1
3 2
3 3
1 1
1 2
1 3
2 1
2 2
2 3
3 1
3 2
3 3
1 1
1 2
1 3
2 1
2 2
2 3
3 1
3 2
3 3
1 1
1 2
1 3
2 1
2 2
2 3
3 1
3 2
3 3
1 1
1 2
1 3
2 1
2 2
2 3
3 1
3 2
3 3
1 1
1 2
1 3
2 1
2 2
2 3
3 1
3 2
3 3
1 1
1 2
1 3
2 1
2 2
2 3
3 1
3 2
3 3
1 1
1 2
1 3
2 1
2 2
2 3
3 1
3 2
3 3
1 1 1 0.010230809532094806
1 2 1 0.00827098736626758
1 3 1 0.009660589939434505
2 1 1 0.0076985616576628665
2 2 1 0.005010502239307449
2 3 1 0.00749104514656482
3 1 1 0.009213060323923142
3 2 1 0.006114843672300063
3 3 1 0.008653097607095813
1 1 2 0.008101703092080371
1 2 2 0.007768451070090396
1 3 2 0.00887102809383419
2 1 2 0.006793022763421422
2 2 2 0.0042339942907792475
2 3 2 0.005902517970604348
3 1 2 0.008864541079758242
3 2 2 0.006068329229709679
3 3 2 0.007820583308756051
1 1 3 0.009803661338407502
1 2 3 0.006023958715096734
1 3 3 0.010049238527040536
2 1 3 0.005893763689303849
2 2 3 0.003943642425217855
2 3 3 0.006291017173205874
3 1 3 0.009048998646951491
3 2 3 0.006840435327190891
3 3 3 0.0076535265663793305
1 1 4 0.006891498320082986
1 2 4 0.003697458360764006
1 3 4 0.00909817946324026
2 1 4 0.005266822602256013
2 2 4 0.004337504802158147
2 3 4 0.005929816875089979
3 1 4 0.006813343209334713
3 2 4 0.004865969281437075
3 3 4 0.007805693424257768
1 1 5 0.005402837504736096
1 2 5 0.0037850394818851802
1 3 5 0.007450825894969119
2 1 5 0.004809736187647703
2 2 5 0.003590217842056739
2 3 5 0.004700644985036487
3 1 5 0.005013914028971463
3 2 5 0.005070803040466662
3 3 5 0.005663229291410959
1 1 6 0.006721587090164745
1 2 6 0.003887148117767801
1 3 6 0.005213129360317611
2 1 6 0.005316245394000545
2 2 6 0.002200659562863321
2 3 6 0.0038928182232562765
3 1 6 0.005249384382617112
3 2 6 0.0028563906595197716
3 3 6 0.004967891804332963
1 1 7 0.005972335857392713
1 2 7 0.0033390416732998903
1 3 7 0.004309605638902141
2 1 7 0.0030653341828001317
2 2 7 0.0029988630978073265
2 3 7 0.0034601759515061623
3 1 7 0.005248258148323249
3 2 7 0.003254862619113285
3 3 7 0.004079211490460346
1 1 8 0.004912042292401948
1 2 8 0.002972090040190607
1 3 8 0.00486368855624252
2 1 8 0.0026862775045581725
2 2 8 0.00179968878413677
2 3 8 0.0021239583806200424
3 1 8 0.00388317916736416
3 2 8 0.0028144743438676305
3 3 8 0.0036982764740718607
1 1 9 0.004019752099957035
1 2 9 0.0030137923274309573
1 3 9 0.0031858141635336306
2 1 9 0.0028360823502090156
2 2 9 0.0017239188565190162
2 3 9 0.0019058276288852392
3 1 9 0.003936492736348088
3 2 9 0.0018734351000187683
3 3 9 0.0030396926038858277
1 1 10 0.0038032751731938235
1 2 10 0.00196899675249865
1 3 10 0.002417349916062443
2 1 10 0.0023690176811808563
2 2 10 0.0015641013270095805
2 3 10 0.0015092264681464997
3 1 10 0.0026425608289177
3 2 10 0.001532563099245971
3 3 10 0.001716689173487587
1 1 11 0.0031622632703770803
1 2 11 0.0016259570805542804
1 3 11 0.0033576588349067426
2 1 11 0.0018103027760413958
2 2 11 0.0016978703710777382
2 3 11 0.0017337389967966865
3 1 11 0.0019458987609908076
3 2 11 0.0010895783763345812
3 3 11 0.0022319434195605344
1 1 12 0.0018498116651709084
1 2 12 0.001511742158883019
1 3 12 0.0023904393059538684
2 1 12 0.0018836432720630372
2 2 12 0.0015310694456962075
2 3 12 0.0014135808489447114
3 1 12 0.0016051882961549975
3 2 12 0.0012932709201832504
3 3 12 0.0026652703515182416
1 1 13 0.002143144035447129
1 2 13 0.0012983402324303391
1 3 13 0.0016939671270416504
2 1 13 0.0017989738497124932
2 2 13 0.0009666172452442196
2 3 13 0.0017095236735188454
3 1 13 0.0011458282743055839
3 2 13 0.0014692146389500061
3 3 13 0.0018798667688082657
1 1 14 0.002195397157405954
1 2 14 0.0006860897487205463
1 3 14 0.0019736830097696807
2 1 14 0.0018020478982641304
2 2 14 0.0009708458200137103
2 3 14 0.0013718778689973705
3 1 14 0.0020204623954618688
3 2 14 0.0011099010908238822
3 3 14 0.0011538091919389832
1 1 15 0.001497122912744292
1 2 15 0.0008596791022884732
1 3 15 0.0014750336749572057
2 1 15 0.001674007122212959
2 2 15 0.0008426495690005964
2 3 15 0.0013962236484753982
3 1 15 0.0023053766842438643
3 2 15 0.0009832368943051442
3 3 15 0.0011910666975901208
1 1 16 0.0012568166030289191
1 2 16 0.0008769167361351419
1 3 16 0.0014598403094685818
2 1 16 0.0012454067043835995
2 2 16 0.000681161295871515
2 3 16 0.0010105625922306337
3 1 16 0.0014399925205316841
3 2 16 0.0009387138954590028
3 3 16 0.0009915987441980617
1 1 17 0.001313504297320586
1 2 17 0.0005161825305471972
1 3 17 0.0012226640932086908
2 1 17 0.0013904979048967457
2 2 17 0.0005051469812153934
2 3 17 0.0011984602242727928
3 1 17 0.0015378691967233636
3 2 17 0.000934175274523244
3 3 17 0.000923058079304244
1 1 18 0.0010511642407626239
1 2 18 0.0003156933332460198
1 3 18 0.0008685353398322935
2 1 18 0.0008470948674223078
2 2 18 0.00044073446087848113
2 3 18 0.0009419529835210975
3 1 18 0.001464217139265695
3 2 18 0.0005757530269306147
3 3 18 0.0014341904979045135
1 1 19 0.0009623491730270866
1 2 19 0.0004925781833897195
1 3 19 0.0008210173410967688
2 1 19 0.0009528131462097644
2 2 19 0.00038366356756782923
2 3 19 0.0006525706738615749
3 1 19 0.0007015926657407761
3 2 19 0.0005705226588329363
3 3 19 0.0009998866850906753
1 1 20 0.0008079338125887249
1 2 20 0.0004826400989166725
1 3 20 0.000658153262280182
2 1 20 0.0006778621481320302
2 2 20 0.0003426489654684961
2 3 20 0.00074650998913041
3 1 20 0.0008953509771763887
3 2 20 0.0005011072215691759
3 3 20 0.0009535097656084912
