[-2.41421356 -1.         -1.         -0.41421356  0.41421356  1.
  1.          2.41421356]
W: 3.0
num_iter: 0
[-0.7338081  -0.70735548 -0.67741237 -0.64636224 -0.61190748 -0.57617135
 -0.53855006 -0.4993341  -0.45723515 -0.41364934 -0.36784316 -0.32075685
 -0.26760559 -0.21330682 -0.15391721 -0.08389912  0.0839015   0.15390877
  0.2133129   0.26760334  0.32075108  0.3678544   0.41363158  0.4572355
  0.4993387   0.53854786  0.57617326  0.61191259  0.64636927  0.67740826
  0.70735811  0.73380731]
localization_length: 0.744942266496037
0.7480802271384296
W_list: [3.0]
L_list: [0.7480802271384296]
[-2.41421356 -1.         -1.         -0.41421356  0.41421356  1.
  1.          2.41421356]
W: 3.0
num_iter: 0
[-0.73359108 -0.70616281 -0.67625847 -0.64578483 -0.61198619 -0.57573814
 -0.53862242 -0.49900983 -0.45777413 -0.41438009 -0.36797497 -0.32005226
 -0.26813103 -0.2139417  -0.15310852 -0.0839531   0.08395737  0.15311039
  0.21394843  0.26812338  0.32002973  0.36798767  0.41438046  0.45776134
  0.4990186   0.53861771  0.57575339  0.61199137  0.64577326  0.67625564
  0.70616994  0.73359089]
localization_length: 0.744463318284102
0.7493895460583313
W_list: [3.0]
L_list: [0.7493895460583313]
