Norm difference: 1.0
Norm difference: 1.0000000000000002
1 1
1 2
1 3
2 1
2 2
2 3
3 1
3 2
3 3
1 1
1 2
1 3
2 1
2 2
2 3
3 1
3 2
3 3
1 1
1 2
1 3
2 1
2 2
2 3
3 1
3 2
3 3
1 1
1 2
1 3
2 1
2 2
2 3
3 1
3 2
3 3
1 1
1 2
1 3
2 1
2 2
2 3
3 1
3 2
3 3
1 1
1 2
1 3
2 1
2 2
2 3
3 1
3 2
3 3
1 1
1 2
1 3
2 1
2 2
2 3
3 1
3 2
3 3
1 1
1 2
1 3
2 1
2 2
2 3
3 1
3 2
3 3
1 1
1 2
1 3
2 1
2 2
2 3
3 1
3 2
3 3
1 1
1 2
1 3
2 1
2 2
2 3
3 1
3 2
3 3
1 1
1 2
1 3
2 1
2 2
2 3
3 1
3 2
3 3
1 1
1 2
1 3
2 1
2 2
2 3
3 1
3 2
3 3
1 1
1 2
1 3
2 1
2 2
2 3
3 1
3 2
3 3
1 1
1 2
1 3
2 1
2 2
2 3
3 1
3 2
3 3
1 1
1 2
1 3
2 1
2 2
2 3
3 1
3 2
3 3
1 1
1 2
1 3
2 1
2 2
2 3
3 1
3 2
3 3
1 1
1 2
1 3
2 1
2 2
2 3
3 1
3 2
3 3
1 1
1 2
1 3
2 1
2 2
2 3
3 1
3 2
3 3
1 1
1 2
1 3
2 1
2 2
2 3
3 1
3 2
3 3
1 1
1 2
1 3
2 1
2 2
2 3
3 1
3 2
3 3
1 1 1 0.017857274789526423
1 2 1 0.01562590980596401
1 3 1 0.012531361937603975
2 1 1 0.014444570097769574
2 2 1 0.010919388273044714
2 3 1 0.0184968293354707
3 1 1 0.01680017793589303
3 2 1 0.014463151142641606
3 3 1 0.014671621213801559
1 1 2 0.01931494654527387
1 2 2 0.01808963107831344
1 3 2 0.018069451066617094
2 1 2 0.017806263129932727
2 2 2 0.012737646965089921
2 3 2 0.009853636216505165
3 1 2 0.013121034918634051
3 2 2 0.01373292183663089
3 3 2 0.01653261223687126
1 1 3 0.01426103438711145
1 2 3 0.013086562811361464
1 3 3 0.012159141112071701
2 1 3 0.011438890866841718
2 2 3 0.014044876688265012
2 3 3 0.015878988814056166
3 1 3 0.013492454465631607
3 2 3 0.011824015843640364
3 3 3 0.013665679066381622
1 1 4 0.017922506446984194
1 2 4 0.011144885220387927
1 3 4 0.01663259576015473
2 1 4 0.0144791511642413
2 2 4 0.009037646236247532
2 3 4 0.01043139311561569
3 1 4 0.015886712639665908
3 2 4 0.007917734554550119
3 3 4 0.009397375295289135
1 1 5 0.013215534658066108
1 2 5 0.01154739060931461
1 3 5 0.009737663523963654
2 1 5 0.012645120683496745
2 2 5 0.008845329229204724
2 3 5 0.00894311399132575
3 1 5 0.012173490942657805
3 2 5 0.010491499470437081
3 3 5 0.011815480338690384
1 1 6 0.013883981922447367
1 2 6 0.00727997562415221
1 3 6 0.011878311736627418
2 1 6 0.010322135531454701
2 2 6 0.007736573542911025
2 3 6 0.010282881960183203
3 1 6 0.010352478994046482
3 2 6 0.006642933100895393
3 3 6 0.007971507834661133
1 1 7 0.010708418381853334
1 2 7 0.00886655425514609
1 3 7 0.009260614343013686
2 1 7 0.01034676838476074
2 2 7 0.008044403877809359
2 3 7 0.007481636411851553
3 1 7 0.009648470481147142
3 2 7 0.007286946975224115
3 3 7 0.006626830764803492
1 1 8 0.011568435280794149
1 2 8 0.007772199712585362
1 3 8 0.011504316114495379
2 1 8 0.007013768266114322
2 2 8 0.005308624674412589
2 3 8 0.007669744048581635
3 1 8 0.005488038265557607
3 2 8 0.005286572668273118
3 3 8 0.006507635835821747
1 1 9 0.009290276769617235
1 2 9 0.009948180342664908
1 3 9 0.007380916890131833
2 1 9 0.005865878299418823
2 2 9 0.005741111247116682
2 3 9 0.006335214063539381
3 1 9 0.0066335641248453005
3 2 9 0.006298573840463681
3 3 9 0.0049082468181122834
1 1 10 0.00785405498490917
1 2 10 0.006492682421823812
1 3 10 0.01059085494820951
2 1 10 0.006827168776532437
2 2 10 0.004277049159100323
2 3 10 0.006109692590315892
3 1 10 0.004976503834525315
3 2 10 0.003989485898527724
3 3 10 0.005632518770974784
1 1 11 0.006811501641922459
1 2 11 0.005740830181487901
1 3 11 0.007246117920976962
2 1 11 0.004832738173124661
2 2 11 0.005363907545591187
2 3 11 0.0065381586465258785
3 1 11 0.004877351114004891
3 2 11 0.0038411890496495597
3 3 11 0.004780610067339823
1 1 12 0.007140256836528344
1 2 12 0.005323270451334102
1 3 12 0.009369639326834982
2 1 12 0.004586502999410432
2 2 12 0.004000959217277569
2 3 12 0.005203989413108512
3 1 12 0.005123974149310075
3 2 12 0.0045173823482776276
3 3 12 0.0045854899132154354
1 1 13 0.005656830692569699
1 2 13 0.005710778319019219
1 3 13 0.006547622189720709
2 1 13 0.003985475902461915
2 2 13 0.00392551023669632
2 3 13 0.004428175285137576
3 1 13 0.0035839081699482966
3 2 13 0.0051167653011970505
3 3 13 0.004649655278149648
1 1 14 0.005014571020342113
1 2 14 0.005127625274292314
1 3 14 0.004834816587598898
2 1 14 0.0033180914103148836
2 2 14 0.003975592551415544
2 3 14 0.00423963057876074
3 1 14 0.0032281454244569158
3 2 14 0.0038172505255174806
3 3 14 0.0036350105653225094
1 1 15 0.005260349008427524
1 2 15 0.004794438752480014
1 3 15 0.00467192870080987
2 1 15 0.004600734738793866
2 2 15 0.004280411674538395
2 3 15 0.003583708055568571
3 1 15 0.0033897155191356305
3 2 15 0.004790993890274471
3 3 15 0.0035004618919851843
1 1 16 0.004635872278904303
1 2 16 0.004967722540635335
1 3 16 0.004573025255365567
2 1 16 0.0036949472198283774
2 2 16 0.0037341216841086803
2 3 16 0.003929329136611306
3 1 16 0.0028806257414567367
3 2 16 0.003318941071672271
3 3 16 0.005023515282506547
1 1 17 0.005497382151443948
1 2 17 0.003908583827376749
1 3 17 0.004473072528572842
2 1 17 0.003527004817210752
2 2 17 0.0030686673113363783
2 3 17 0.0034013512043384216
3 1 17 0.0035160158972096754
3 2 17 0.00415086799703335
3 3 17 0.0035645971598031708
1 1 18 0.003461729610029684
1 2 18 0.0038870202965596177
1 3 18 0.004550749629259498
2 1 18 0.0032068058265049366
2 2 18 0.004763761500018572
2 3 18 0.002730193330620648
3 1 18 0.002787309318761785
3 2 18 0.003986881290388809
3 3 18 0.0034221486119734154
1 1 19 0.004546905631221433
1 2 19 0.004919215351084462
1 3 19 0.003936197690613418
2 1 19 0.003066056624860488
2 2 19 0.0031367132320026998
2 3 19 0.004215955431582246
3 1 19 0.0028028239878343454
3 2 19 0.0032635851546632803
3 3 19 0.003318000730721899
1 1 20 0.003194630951141011
1 2 20 0.004704263985988632
1 3 20 0.0038399467164344434
2 1 20 0.003030221140826982
2 2 20 0.0030466788790839295
2 3 20 0.0035740905866800516
3 1 20 0.003014596352775437
3 2 20 0.0036499513970944925
3 3 20 0.002060513758055761
