[-2.41421356 -1.         -1.         -0.41421356  0.41421356  1.
  1.          2.41421356]
W: 2.8
num_iter: 0
[-0.69967511 -0.68597332 -0.67216416 -0.65811241 -0.64342386 -0.62806203
 -0.61209582 -0.59581324 -0.57949329 -0.56169143 -0.54383042 -0.52600422
 -0.50755211 -0.48886713 -0.46956551 -0.44970046 -0.430312   -0.40989571
 -0.38888453 -0.3677677  -0.34572001 -0.32350948 -0.30093763 -0.27752617
 -0.25383837 -0.22896231 -0.20348569 -0.17674927 -0.14855175 -0.11834059
 -0.08541889 -0.04783707  0.04783418  0.08542219  0.11835484  0.14853039
  0.17675189  0.20349566  0.22895387  0.2538366   0.27753428  0.30095191
  0.32350851  0.34569875  0.3677746   0.38888661  0.40989877  0.430322
  0.44969701  0.4695684   0.48885436  0.50755002  0.52599687  0.54382001
  0.56170522  0.57949369  0.59580946  0.61208688  0.62806362  0.6434282
  0.65812216  0.67216141  0.68597415  0.69967519]
localization_length: 0.6532985882929916
0.6543954194422829
W_list: [2.8]
L_list: [0.6543954194422829]
[-2.41421356 -1.         -1.         -0.41421356  0.41421356  1.
  1.          2.41421356]
W: 2.8
num_iter: 0
[-0.69918566 -0.68576145 -0.6720016  -0.65710448 -0.64295985 -0.6276999
 -0.61186343 -0.59577738 -0.57912602 -0.56181646 -0.54454981 -0.52666429
 -0.50806363 -0.48933945 -0.46961235 -0.45046084 -0.43061002 -0.41025804
 -0.38908882 -0.36758553 -0.3461765  -0.32340659 -0.30114222 -0.2778959
 -0.25378007 -0.22935587 -0.20335859 -0.17657584 -0.14872175 -0.11835545
 -0.0856872  -0.04767613  0.04767565  0.08567691  0.1183657   0.14872489
  0.1765777   0.20335103  0.22934461  0.25377769  0.27790344  0.30115723
  0.32340583  0.34616331  0.36758619  0.38909087  0.410256    0.4306286
  0.45045276  0.46960724  0.4893366   0.50807395  0.52665645  0.54456188
  0.56182628  0.57912949  0.59576823  0.61186227  0.62770183  0.64295216
  0.65710696  0.67199938  0.68576119  0.69917881]
localization_length: 0.6554709389347083
0.6601812176122811
W_list: [2.8]
L_list: [0.6601812176122811]
