W: 2.6
num_iter: 0
[-0.95386766 -0.95386766 -0.88888603 -0.88888603 -0.79918356 -0.79918356
 -0.68535612 -0.68535612 -0.55428526 -0.55428526 -0.40913356 -0.40913356
 -0.25038811 -0.25038811 -0.0687843  -0.0687843   0.06878326  0.06878326
  0.25039041  0.25039041  0.40913081  0.40913081  0.55428435  0.55428435
  0.68535767  0.68535767  0.79918384  0.79918384  0.88888618  0.88888618
  0.95386808  0.95386808]
localization_length: 1.8173027227887892
1.810593853997083
W_list: [2.6]
L_list: [14.484750831976664]
