[-2.41421356 -1.         -1.         -0.41421356  0.41421356  1.
  1.          2.41421356]
W: 1.7999999999999998
num_iter: 0
[-0.44913822 -0.38561562 -0.32495457 -0.26653521 -0.21191758 -0.15891384
 -0.10610233 -0.05306692  0.05306475  0.10610564  0.15891073  0.21192984
  0.26652709  0.324954    0.38561436  0.44913787]
localization_length: 2.355612898382497
2.3896756221879913
W_list: [1.7999999999999998]
L_list: [2.3896756221879913]
[-2.41421356 -1.         -1.         -0.41421356  0.41421356  1.
  1.          2.41421356]
W: 1.7999999999999998
num_iter: 0
[-0.44882352 -0.38657339 -0.32384887 -0.26759589 -0.21282669 -0.15933872
 -0.10618503 -0.0531932   0.05322046  0.10615091  0.15934116  0.21284042
  0.26758666  0.32384415  0.38657304  0.44882851]
localization_length: 2.3499244368219907
2.5927958396031086
W_list: [1.7999999999999998]
L_list: [2.5927958396031086]
