W: 3.6
num_iter: 0
[-0.90949263 -0.90949263 -0.88887407 -0.88887407 -0.86392383 -0.86392383
 -0.83464162 -0.83464162 -0.80099953 -0.80099953 -0.76317668 -0.76317668
 -0.72008718 -0.72008718 -0.67209046 -0.67209046 -0.61902073 -0.61902073
 -0.56006246 -0.56006246 -0.49435177 -0.49435177 -0.4222271  -0.4222271
 -0.34328293 -0.34328293 -0.25689147 -0.25689147 -0.16338361 -0.16338361
 -0.05485076 -0.05485076  0.05485023  0.05485023  0.16337784  0.16337784
  0.25689446  0.25689446  0.34328147  0.34328147  0.42222227  0.42222227
  0.49435165  0.49435165  0.5600635   0.5600635   0.61902091  0.61902091
  0.67208785  0.67208785  0.72009248  0.72009248  0.76317556  0.76317556
  0.8009979   0.8009979   0.83464198  0.83464198  0.86392793  0.86392793
  0.8888729   0.8888729   0.90949792  0.90949792]
localization_length: 1.1394664848369094
1.1393512897489269
W_list: [3.6]
L_list: [18.22962063598283]
