W: 3.6
num_iter: 0
[-0.90054265 -0.90054265 -0.85095338 -0.85095338 -0.78335772 -0.78335772
 -0.69768646 -0.69768646 -0.59150691 -0.59150691 -0.45951549 -0.45951549
 -0.30087016 -0.30087016 -0.09852678 -0.09852678  0.09852555  0.09852555
  0.30087121  0.30087121  0.45951087  0.45951087  0.59151059  0.59151059
  0.69768583  0.69768583  0.78335578  0.78335578  0.85095399  0.85095399
  0.90054574  0.90054574]
localization_length: 1.2687064455367931
1.2722403475471866
W_list: [3.6]
L_list: [10.177922780377493]
