W: 2.8
num_iter: 0
[-0.98683967 -0.98683967 -0.96046128 -0.96046128 -0.92786882 -0.92786882
 -0.88902536 -0.88902536 -0.8442787  -0.8442787  -0.79403646 -0.79403646
 -0.73801652 -0.73801652 -0.67786218 -0.67786218 -0.61267598 -0.61267598
 -0.54361056 -0.54361056 -0.47036554 -0.47036554 -0.39350269 -0.39350269
 -0.31196371 -0.31196371 -0.22808706 -0.22808706 -0.14046102 -0.14046102
 -0.04093292 -0.04093292  0.04093096  0.04093096  0.14046185  0.14046185
  0.22808554  0.22808554  0.31196806  0.31196806  0.39350498  0.39350498
  0.47036956  0.47036956  0.54360745  0.54360745  0.61267566  0.61267566
  0.67786102  0.67786102  0.73801314  0.73801314  0.79403222  0.79403222
  0.84427628  0.84427628  0.88903127  0.88903127  0.92787253  0.92787253
  0.96045787  0.96045787  0.98684009  0.98684009]
localization_length: 1.5269616805851391
1.5006034281235905
W_list: [2.8]
L_list: [24.009654849977448]
