Norm difference: 1.0
Norm difference: 1.0
1 1
1 2
1 3
2 1
2 2
2 3
3 1
3 2
3 3
1 1
1 2
1 3
2 1
2 2
2 3
3 1
3 2
3 3
1 1
1 2
1 3
2 1
2 2
2 3
3 1
3 2
3 3
1 1
1 2
1 3
2 1
2 2
2 3
3 1
3 2
3 3
1 1
1 2
1 3
2 1
2 2
2 3
3 1
3 2
3 3
1 1
1 2
1 3
2 1
2 2
2 3
3 1
3 2
3 3
1 1
1 2
1 3
2 1
2 2
2 3
3 1
3 2
3 3
1 1
1 2
1 3
2 1
2 2
2 3
3 1
3 2
3 3
1 1
1 2
1 3
2 1
2 2
2 3
3 1
3 2
3 3
1 1
1 2
1 3
2 1
2 2
2 3
3 1
3 2
3 3
1 1
1 2
1 3
2 1
2 2
2 3
3 1
3 2
3 3
1 1
1 2
1 3
2 1
2 2
2 3
3 1
3 2
3 3
1 1
1 2
1 3
2 1
2 2
2 3
3 1
3 2
3 3
1 1
1 2
1 3
2 1
2 2
2 3
3 1
3 2
3 3
1 1
1 2
1 3
2 1
2 2
2 3
3 1
3 2
3 3
1 1
1 2
1 3
2 1
2 2
2 3
3 1
3 2
3 3
1 1
1 2
1 3
2 1
2 2
2 3
3 1
3 2
3 3
1 1
1 2
1 3
2 1
2 2
2 3
3 1
3 2
3 3
1 1
1 2
1 3
2 1
2 2
2 3
3 1
3 2
3 3
1 1
1 2
1 3
2 1
2 2
2 3
3 1
3 2
3 3
1 1 1 0.010161293594853883
1 2 1 0.008222610689533932
1 3 1 0.013733729433974589
2 1 1 0.009179429310444706
2 2 1 0.01291041476160985
2 3 1 0.013167815574258248
3 1 1 0.014966075769979156
3 2 1 0.012287357209875834
3 3 1 0.016703206426483506
1 1 2 0.008336032748159507
1 2 2 0.011584282083002623
1 3 2 0.011905622359778439
2 1 2 0.008555889503669156
2 2 2 0.013140896331419868
2 3 2 0.013375112606049228
3 1 2 0.012557843204165758
3 2 2 0.011989564719717757
3 3 2 0.018758652312899072
1 1 3 0.00823724830698384
1 2 3 0.009121530807000835
1 3 3 0.01403450388551018
2 1 3 0.008314467231510915
2 2 3 0.011076803457258444
2 3 3 0.01456234092379354
3 1 3 0.012491945209184951
3 2 3 0.012018978758280433
3 3 3 0.013676385509402006
1 1 4 0.007517126980425383
1 2 4 0.008710994864849907
1 3 4 0.013959724011296207
2 1 4 0.009202231683392705
2 2 4 0.011708200107495967
2 3 4 0.013563134412881556
3 1 4 0.010302060137762834
3 2 4 0.012477599361984192
3 3 4 0.019328425076790577
1 1 5 0.007032510564033745
1 2 5 0.009709806135780541
1 3 5 0.014032197679591612
2 1 5 0.006706218761530794
2 2 5 0.010705598728734944
2 3 5 0.015751069268875824
3 1 5 0.01026386172381306
3 2 5 0.013022200858629674
3 3 5 0.015681933594981386
1 1 6 0.006128620661822006
1 2 6 0.0071490120459569585
1 3 6 0.011538472153380237
2 1 6 0.00842700991217817
2 2 6 0.009437534759271646
2 3 6 0.011545681418499858
3 1 6 0.009481216330628848
3 2 6 0.011601924775727893
3 3 6 0.0162884537281615
1 1 7 0.007131277032260787
1 2 7 0.008540513134652058
1 3 7 0.012645626215808036
2 1 7 0.009771923034524907
2 2 7 0.011365916016579044
2 3 7 0.01803272848725703
3 1 7 0.009311606227580257
3 2 7 0.010771897188282909
3 3 7 0.01652202017123089
1 1 8 0.009117449335053497
1 2 8 0.008644053477309985
1 3 8 0.01009478977132515
2 1 8 0.011039473034171788
2 2 8 0.009543759966675423
2 3 8 0.012780555601332367
3 1 8 0.006729253691221518
3 2 8 0.009637831012550929
3 3 8 0.016088369026037587
1 1 9 0.008906946334163859
1 2 9 0.008425403487008157
1 3 9 0.009377407916058542
2 1 9 0.009336949444525441
2 2 9 0.009596292644636585
2 3 9 0.01601531042535987
3 1 9 0.008957136100772586
3 2 9 0.010388811755081953
3 3 9 0.014182513565889334
1 1 10 0.0062888922745358055
1 2 10 0.007503996283061941
1 3 10 0.007205445718950131
2 1 10 0.010228430113584314
2 2 10 0.00886097493030528
2 3 10 0.011059027628127799
3 1 10 0.010790311187757631
3 2 10 0.00974553149088558
3 3 10 0.016377257164521385
1 1 11 0.00682960742293424
1 2 11 0.007331797386826251
1 3 11 0.01050360549787822
2 1 11 0.009189196371786846
2 2 11 0.008913699484800574
2 3 11 0.01521800970773628
3 1 11 0.010984646461525503
3 2 11 0.010766269461451306
3 3 11 0.011782213684121334
1 1 12 0.005550029798881386
1 2 12 0.006382491460560811
1 3 12 0.01021821628133876
2 1 12 0.009563652752609134
2 2 12 0.009683462334449252
2 3 12 0.013921461331515205
3 1 12 0.009055093225574387
3 2 12 0.010216695388777789
3 3 12 0.013563334016845872
1 1 13 0.0042495031763727835
1 2 13 0.0052955245067664355
1 3 13 0.010421621820927344
2 1 13 0.006781742038733616
2 2 13 0.007773738278916903
2 3 13 0.012175105920995435
3 1 13 0.00954196866193716
3 2 13 0.009173527866535663
3 3 13 0.013215010171593988
1 1 14 0.005154963951492673
1 2 14 0.007021813050265102
1 3 14 0.008852044672276911
2 1 14 0.007222503888910334
2 2 14 0.009317099238655077
2 3 14 0.01295235552163782
3 1 14 0.007546466593504891
3 2 14 0.008924793541947383
3 3 14 0.013639425932879238
1 1 15 0.004479564983691406
1 2 15 0.004734739086662056
1 3 15 0.0077509509044159566
2 1 15 0.006389979750522114
2 2 15 0.00682814866746642
2 3 15 0.0116567900507361
3 1 15 0.006739429941553313
3 2 15 0.0085833919119302
3 3 15 0.009490855351161656
1 1 16 0.005019814146598649
1 2 16 0.005848615895082882
1 3 16 0.008012087852614574
2 1 16 0.005358302473225735
2 2 16 0.007178345814023481
2 3 16 0.011229246825688271
3 1 16 0.005882345407771765
3 2 16 0.00861725017297804
3 3 16 0.011980913593841354
1 1 17 0.005418833414952944
1 2 17 0.005899271347074466
1 3 17 0.005625250539435021
2 1 17 0.005436570955012716
2 2 17 0.007888606101489608
2 3 17 0.008118091364747297
3 1 17 0.005919202921311995
3 2 17 0.0079287254136728
3 3 17 0.009040788762403067
1 1 18 0.004056507393367198
1 2 18 0.004690883317849174
1 3 18 0.004843276505817531
2 1 18 0.005608117299166065
2 2 18 0.007305254731463429
2 3 18 0.008005085870559531
3 1 18 0.004333795829266058
3 2 18 0.006912544681081055
3 3 18 0.009837778421609197
1 1 19 0.002854030664697717
1 2 19 0.004686462074684333
1 3 19 0.005280335951664389
2 1 19 0.004309528460764542
2 2 19 0.0067736043796349414
2 3 19 0.008296996368947804
3 1 19 0.005146484390058655
3 2 19 0.0074861165222248295
3 3 19 0.007089223048858605
1 1 20 0.0028552221449456823
1 2 20 0.003934797846439483
1 3 20 0.004219837637633178
2 1 20 0.003936642945435534
2 2 20 0.005741143249575865
2 3 20 0.006696945244486575
3 1 20 0.0037855032290145087
3 2 20 0.005559656544776602
3 3 20 0.007667563070459861
