W: 2.8
num_iter: 0
[-0.76934828 -0.76934828 -0.75054051 -0.75054051 -0.72723002 -0.72723002
 -0.69856883 -0.69856883 -0.66639793 -0.66639793 -0.62968718 -0.62968718
 -0.58919889 -0.58919889 -0.54470908 -0.54470908 -0.49566427 -0.49566427
 -0.44255939 -0.44255939 -0.38395558 -0.38395558 -0.32142637 -0.32142637
 -0.2538848  -0.2538848  -0.182126   -0.182126   -0.10688744 -0.10688744
 -0.02660193 -0.02660193  0.02659993  0.02659993  0.10688678  0.10688678
  0.18213059  0.18213059  0.25388415  0.25388415  0.32143104  0.32143104
  0.38395609  0.38395609  0.4425599   0.4425599   0.49566398  0.49566398
  0.54471195  0.54471195  0.58919214  0.58919214  0.62968818  0.62968818
  0.66639881  0.66639881  0.69856887  0.69856887  0.72722747  0.72722747
  0.75053974  0.75053974  0.76934689  0.76934689]
localization_length: 2.3496301106254083
2.4451623357048877
W_list: [2.8]
L_list: [39.122597371278204]
