Norm difference: 1.0
Norm difference: 1.0
1 1
1 2
1 3
2 1
2 2
2 3
3 1
3 2
3 3
1 1
1 2
1 3
2 1
2 2
2 3
3 1
3 2
3 3
1 1
1 2
1 3
2 1
2 2
2 3
3 1
3 2
3 3
1 1
1 2
1 3
2 1
2 2
2 3
3 1
3 2
3 3
1 1
1 2
1 3
2 1
2 2
2 3
3 1
3 2
3 3
1 1
1 2
1 3
2 1
2 2
2 3
3 1
3 2
3 3
1 1
1 2
1 3
2 1
2 2
2 3
3 1
3 2
3 3
1 1
1 2
1 3
2 1
2 2
2 3
3 1
3 2
3 3
1 1
1 2
1 3
2 1
2 2
2 3
3 1
3 2
3 3
1 1
1 2
1 3
2 1
2 2
2 3
3 1
3 2
3 3
1 1
1 2
1 3
2 1
2 2
2 3
3 1
3 2
3 3
1 1
1 2
1 3
2 1
2 2
2 3
3 1
3 2
3 3
1 1
1 2
1 3
2 1
2 2
2 3
3 1
3 2
3 3
1 1
1 2
1 3
2 1
2 2
2 3
3 1
3 2
3 3
1 1
1 2
1 3
2 1
2 2
2 3
3 1
3 2
3 3
1 1
1 2
1 3
2 1
2 2
2 3
3 1
3 2
3 3
1 1
1 2
1 3
2 1
2 2
2 3
3 1
3 2
3 3
1 1
1 2
1 3
2 1
2 2
2 3
3 1
3 2
3 3
1 1
1 2
1 3
2 1
2 2
2 3
3 1
3 2
3 3
1 1
1 2
1 3
2 1
2 2
2 3
3 1
3 2
3 3
1 1 1 0.006020619944867539
1 2 1 0.005249093832061905
1 3 1 0.004513856323711716
2 1 1 0.004762928868143518
2 2 1 0.0037125580460698276
2 3 1 0.0036291971903613897
3 1 1 0.004158786780845261
3 2 1 0.003467610059325768
3 3 1 0.0033518343226058
1 1 2 0.006646848628757395
1 2 2 0.005351979098657198
1 3 2 0.005135518449654241
2 1 2 0.004598657670522896
2 2 2 0.003378129852441967
2 3 2 0.0037783286450558924
3 1 2 0.005657429480188785
3 2 2 0.0036667768715420595
3 3 2 0.0015578087621195204
1 1 3 0.005630489668833654
1 2 3 0.004523152947876412
1 3 3 0.005189244790217537
2 1 3 0.004993089149456932
2 2 3 0.003583531975769047
2 3 3 0.003928048786596347
3 1 3 0.005420722703388769
3 2 3 0.0033180042373323294
3 3 3 0.0019217053553188313
1 1 4 0.006495115492219728
1 2 4 0.005905181950498828
1 3 4 0.003929601558744795
2 1 4 0.005116287867662235
2 2 4 0.004413174444408262
2 3 4 0.0023445521562719318
3 1 4 0.00402430947861665
3 2 4 0.002501593839275437
3 3 4 0.0033168924445924316
1 1 5 0.007029629678546492
1 2 5 0.005545612422287453
1 3 5 0.003989992812384272
2 1 5 0.006207149766858376
2 2 5 0.004446423233123699
2 3 5 0.0026229048395318933
3 1 5 0.002910598492478094
3 2 5 0.003605347150335978
3 3 5 0.0031329024703514634
1 1 6 0.006728967892068738
1 2 6 0.005760246418995736
1 3 6 0.0037165698297022174
2 1 6 0.003704491449815622
2 2 6 0.002835538721025005
2 3 6 0.0043921316225551624
3 1 6 0.0032746960994278324
3 2 6 0.0029808171124848714
3 3 6 0.002604389984069889
1 1 7 0.005754401862753523
1 2 7 0.005738518725034624
1 3 7 0.004931695548633512
2 1 7 0.0036419180751359344
2 2 7 0.005143226575095399
2 3 7 0.0036873039486214664
3 1 7 0.0035644257861479262
3 2 7 0.003453845609346153
3 3 7 0.0022143143379816524
1 1 8 0.0048802345411619995
1 2 8 0.005685890065705161
1 3 8 0.004139843269299082
2 1 8 0.004258847409853118
2 2 8 0.00362530495117457
2 3 8 0.0030320550266715214
3 1 8 0.0033965815667212932
3 2 8 0.0034168387028891537
3 3 8 0.0035716889665094293
1 1 9 0.005183862763134923
1 2 9 0.005575176108847802
1 3 9 0.0037801825972353293
2 1 9 0.004200995917109951
2 2 9 0.004342288406346994
2 3 9 0.0025374882946078174
3 1 9 0.0032350731199485296
3 2 9 0.004141243357195142
3 3 9 0.003486811576049252
1 1 10 0.005345872651983426
1 2 10 0.005650347921352028
1 3 10 0.0047482354195064105
2 1 10 0.004747492651318512
2 2 10 0.003142469584606644
2 3 10 0.002947099158855756
3 1 10 0.003879329192647641
3 2 10 0.004057470555677919
3 3 10 0.0024813630407585054
1 1 11 0.006170526691106443
1 2 11 0.00626570785837918
1 3 11 0.005546340605582944
2 1 11 0.003488402943470255
2 2 11 0.0034832149294911434
2 3 11 0.0037310315692711815
3 1 11 0.003307541100317766
3 2 11 0.003087338122194772
3 3 11 0.0016534187448632171
1 1 12 0.006005512665787684
1 2 12 0.0067450394109488995
1 3 12 0.00447213813605265
2 1 12 0.004351472842445947
2 2 12 0.006179574309693535
2 3 12 0.0027068224396073794
3 1 12 0.003557866982902458
3 2 12 0.004197859791284717
3 3 12 0.002096889233087401
1 1 13 0.0060756146694169195
1 2 13 0.006217866476569911
1 3 13 0.005416314081331567
2 1 13 0.0033953753325090554
2 2 13 0.0032129951630752176
2 3 13 0.0032300190952797197
3 1 13 0.0032430987909973993
3 2 13 0.003914972466714356
3 3 13 0.0031450552817913558
1 1 14 0.005405680322877343
1 2 14 0.007842141965603946
1 3 14 0.006211039612561247
2 1 14 0.0034184063744536588
2 2 14 0.004519222002583213
2 3 14 0.004353097231728926
3 1 14 0.003162020428123855
3 2 14 0.003881827232436195
3 3 14 0.00315112236722603
1 1 15 0.00592492464131718
1 2 15 0.00769708964135774
1 3 15 0.006555726553974103
2 1 15 0.004305163735214633
2 2 15 0.005250294021448594
2 3 15 0.004845740807852261
3 1 15 0.003759628214542631
3 2 15 0.003066298753095556
3 3 15 0.0035270994626765023
1 1 16 0.0060321079359619435
1 2 16 0.007254351723373435
1 3 16 0.006420410740909606
2 1 16 0.004680472375920347
2 2 16 0.005267127451486718
2 3 16 0.0052774427896174715
3 1 16 0.0037206084153122445
3 2 16 0.003908090210440103
3 3 16 0.005404370222021643
1 1 17 0.006626968706182644
1 2 17 0.006421082590854254
1 3 17 0.007648287322907332
2 1 17 0.004293906462402729
2 2 17 0.006216169456197533
2 3 17 0.0035694607536963753
3 1 17 0.00386161197110474
3 2 17 0.007445850898164044
3 3 17 0.005112479303867195
1 1 18 0.007398372829318435
1 2 18 0.008544848961745746
1 3 18 0.008742860238575017
2 1 18 0.005209269277232863
2 2 18 0.004501263265108352
2 3 18 0.0064223957019032
3 1 18 0.004015007215150678
3 2 18 0.0061275241042720715
3 3 18 0.005666854656557236
1 1 19 0.00715876015998283
1 2 19 0.011213393122908626
1 3 19 0.00781936142605565
2 1 19 0.004595725113929921
2 2 19 0.007409511639962632
2 3 19 0.005774158238014573
3 1 19 0.0038436665816868392
3 2 19 0.004462205739586504
3 3 19 0.006565883048954832
1 1 20 0.007788590075546947
1 2 20 0.009213199722648018
1 3 20 0.009342913675225353
2 1 20 0.005558472697343139
2 2 20 0.006004015375012551
2 3 20 0.005147096899480526
3 1 20 0.00524068574868864
3 2 20 0.004555223258701135
3 3 20 0.006142566572440993
