W: 2.2
num_iter: 0
[-0.7248446  -0.7248446  -0.67366338 -0.67366338 -0.60165228 -0.60165228
 -0.51470088 -0.51470088 -0.41620897 -0.41620897 -0.30543022 -0.30543022
 -0.18077611 -0.18077611 -0.04100436 -0.04100436  0.04100571  0.04100571
  0.18077524  0.18077524  0.30543076  0.30543076  0.41620931  0.41620931
  0.51470115  0.51470115  0.6016495   0.6016495   0.67366597  0.67366597
  0.72484315  0.72484315]
localization_length: 3.0484560485006837
3.031300444452231
W_list: [2.2]
L_list: [24.250403555617847]
