Norm difference: 1.0
Norm difference: 1.0
1 1
1 2
2 1
2 2
1 1
1 2
2 1
2 2
1 1
1 2
2 1
2 2
1 1
1 2
2 1
2 2
1 1
1 2
2 1
2 2
1 1
1 2
2 1
2 2
1 1
1 2
2 1
2 2
1 1
1 2
2 1
2 2
1 1
1 2
2 1
2 2
1 1
1 2
2 1
2 2
1 1
1 2
2 1
2 2
1 1
1 2
2 1
2 2
1 1
1 2
2 1
2 2
1 1
1 2
2 1
2 2
1 1
1 2
2 1
2 2
1 1
1 2
2 1
2 2
1 1
1 2
2 1
2 2
1 1
1 2
2 1
2 2
1 1
1 2
2 1
2 2
1 1
1 2
2 1
2 2
1 1 1 0.0005289800357810529
1 2 1 0.0007175093226815034
2 1 1 0.0005057452307443101
2 2 1 0.00043222546189662994
1 1 2 0.00039679863736333574
1 2 2 0.0005571712132157826
2 1 2 0.0006855978440147674
2 2 2 0.0006885732542070547
1 1 3 0.0004484094503825196
1 2 3 0.0006615501798131753
2 1 3 0.0005681250617447254
2 2 3 0.0008365821979186439
1 1 4 0.0006102266214636119
1 2 4 0.0008606113514807006
2 1 4 0.0006126708457557461
2 2 4 0.0005762335932298314
1 1 5 0.0005313797686664057
1 2 5 0.0006926286033405841
2 1 5 0.0007173086982310102
2 2 5 0.0006613172270234253
1 1 6 0.0006971761787010328
1 2 6 0.0005300277640922265
2 1 6 0.0005031895017312002
2 2 6 0.0006960202579297428
1 1 7 0.0006626607123946933
1 2 7 0.00041187527966054306
2 1 7 0.0005901823181906103
2 2 7 0.0007111459801976809
1 1 8 0.0004992764132262428
1 2 8 0.0006722893319776257
2 1 8 0.0006655409485977132
2 2 8 0.0006390231160572577
1 1 9 0.0006629045514629499
1 2 9 0.0006275876915965659
2 1 9 0.0007761392522525234
2 2 9 0.00045731874429519185
1 1 10 0.0006933402017116117
1 2 10 0.00045096573949830136
2 1 10 0.00064442693141927
2 2 10 0.0007457455049904101
1 1 11 0.0007506456554488152
1 2 11 0.0005858626746511974
2 1 11 0.0006444031150860416
2 2 11 0.0004953643425934406
1 1 12 0.0005689129022974624
1 2 12 0.0006565817801033173
2 1 12 0.0006971484846947167
2 2 12 0.0007175877625150101
1 1 13 0.000612835715483059
1 2 13 0.000683962418148144
2 1 13 0.0008928799207638234
2 2 13 0.000823081086512414
1 1 14 0.000866057629672674
1 2 14 0.0008629085196428486
2 1 14 0.00116678937086393
2 2 14 0.0013629323296750781
1 1 15 0.0012765056436734932
1 2 15 0.0013665721066476253
2 1 15 0.0015292719513195978
2 2 15 0.0011286051191489962
1 1 16 0.0016550569388553136
1 2 16 0.0015035073960397625
2 1 16 0.0018298674142037407
2 2 16 0.0012687733001288909
1 1 17 0.0018887134339891805
1 2 17 0.0012807576976542028
2 1 17 0.0011679856296859974
2 2 17 0.0016507266223523792
1 1 18 0.0014171601745847733
1 2 18 0.0012665624460770318
2 1 18 0.001151864704046621
2 2 18 0.001440776506205227
1 1 19 0.0009698885783560618
1 2 19 0.0012032664212256563
2 1 19 0.001247479188197078
2 2 19 0.0009700440343260502
1 1 20 0.000603780899801683
1 2 20 0.0010354937184706083
2 1 20 0.001334476809012811
2 2 20 0.0009393349847354189
