W: 3.8
num_iter: 0
[-0.94241676 -0.94241676 -0.92186558 -0.92186558 -0.89650946 -0.89650946
 -0.86713665 -0.86713665 -0.83334634 -0.83334634 -0.79515055 -0.79515055
 -0.75187794 -0.75187794 -0.70401651 -0.70401651 -0.65016162 -0.65016162
 -0.59027197 -0.59027197 -0.52307966 -0.52307966 -0.44869736 -0.44869736
 -0.36751685 -0.36751685 -0.27865029 -0.27865029 -0.18008902 -0.18008902
 -0.06585015 -0.06585015  0.06584871  0.06584871  0.18008626  0.18008626
  0.27865144  0.27865144  0.36751642  0.36751642  0.44869271  0.44869271
  0.52307973  0.52307973  0.59026923  0.59026923  0.65016342  0.65016342
  0.70401723  0.70401723  0.75187761  0.75187761  0.79514889  0.79514889
  0.83334625  0.83334625  0.86714161  0.86714161  0.89651695  0.89651695
  0.92186306  0.92186306  0.94241719  0.94241719]
localization_length: 0.9491454670222279
0.9449431442695563
W_list: [3.8]
L_list: [15.1190903083129]
