W: 2.4
num_iter: 0
[-0.76826293 -0.76826293 -0.75921512 -0.75921512 -0.74869824 -0.74869824
 -0.73669502 -0.73669502 -0.72386206 -0.72386206 -0.70895675 -0.70895675
 -0.6932289  -0.6932289  -0.67660235 -0.67660235 -0.65843332 -0.65843332
 -0.63945808 -0.63945808 -0.61933653 -0.61933653 -0.59841995 -0.59841995
 -0.57634025 -0.57634025 -0.55350945 -0.55350945 -0.52998583 -0.52998583
 -0.50500679 -0.50500679 -0.4796961  -0.4796961  -0.4536005  -0.4536005
 -0.42603784 -0.42603784 -0.39836995 -0.39836995 -0.36966339 -0.36966339
 -0.34012108 -0.34012108 -0.30942652 -0.30942652 -0.27825286 -0.27825286
 -0.24580142 -0.24580142 -0.21334059 -0.21334059 -0.1796792  -0.1796792
 -0.14611563 -0.14611563 -0.1120639  -0.1120639  -0.07793947 -0.07793947
 -0.0439126  -0.0439126  -0.00941848 -0.00941848  0.00941921  0.00941921
  0.04391048  0.04391048  0.07793671  0.07793671  0.11206281  0.11206281
  0.1461199   0.1461199   0.17967668  0.17967668  0.21334367  0.21334367
  0.24580411  0.24580411  0.27825139  0.27825139  0.30943058  0.30943058
  0.34012024  0.34012024  0.36965671  0.36965671  0.39837124  0.39837124
  0.42603453  0.42603453  0.45359713  0.45359713  0.47969306  0.47969306
  0.50500433  0.50500433  0.5299844   0.5299844   0.55351403  0.55351403
  0.57633925  0.57633925  0.59841539  0.59841539  0.61934249  0.61934249
  0.63946112  0.63946112  0.65843638  0.65843638  0.67660454  0.67660454
  0.69322989  0.69322989  0.70895878  0.70895878  0.72385943  0.72385943
  0.73669279  0.73669279  0.74870137  0.74870137  0.75921665  0.75921665
  0.76826177  0.76826177]
localization_length: 3.3179434739554794
3.3817781634636375
W_list: [2.4]
L_list: [108.2169012308364]
