Norm difference: 1.0
Norm difference: 1.0
1 1
1 2
2 1
2 2
1 1
1 2
2 1
2 2
1 1
1 2
2 1
2 2
1 1
1 2
2 1
2 2
1 1
1 2
2 1
2 2
1 1
1 2
2 1
2 2
1 1
1 2
2 1
2 2
1 1
1 2
2 1
2 2
1 1
1 2
2 1
2 2
1 1
1 2
2 1
2 2
1 1
1 2
2 1
2 2
1 1
1 2
2 1
2 2
1 1
1 2
2 1
2 2
1 1
1 2
2 1
2 2
1 1
1 2
2 1
2 2
1 1
1 2
2 1
2 2
1 1
1 2
2 1
2 2
1 1
1 2
2 1
2 2
1 1
1 2
2 1
2 2
1 1
1 2
2 1
2 2
1 1 1 0.0010329137285422347
1 2 1 0.0013094937219595177
2 1 1 0.001615780933241116
2 2 1 0.001342984087992255
1 1 2 0.001226346808159077
1 2 2 0.0008944593873874487
2 1 2 0.0011383731275028757
2 2 2 0.0013924119902643255
1 1 3 0.0009851708853101035
1 2 3 0.0009636397432718172
2 1 3 0.0010437652052034552
2 2 3 0.0012601386944125364
1 1 4 0.000715881267058418
1 2 4 0.0007940175837436835
2 1 4 0.0010661046677413698
2 2 4 0.0009800827985045348
1 1 5 0.0009046440438281159
1 2 5 0.0006008900992585386
2 1 5 0.001112219412794626
2 2 5 0.0006316717102516732
1 1 6 0.0009866678583196132
1 2 6 0.0005979443076500186
2 1 6 0.0009581339006919044
2 2 6 0.0008167488806167828
1 1 7 0.0007038575577628526
1 2 7 0.0008497636860800796
2 1 7 0.0011196485940199795
2 2 7 0.0012406950644297905
1 1 8 0.0005773786662071782
1 2 8 0.0010975889505190225
2 1 8 0.0008336134652715271
2 2 8 0.0014147232671264712
1 1 9 0.0008926746347282999
1 2 9 0.0008121305846244013
2 1 9 0.000908232742079041
2 2 9 0.0008637590064754647
1 1 10 0.0008801888838141442
1 2 10 0.0007497045323966045
2 1 10 0.0012580306951087725
2 2 10 0.0008055801663441927
1 1 11 0.0007726148676199486
1 2 11 0.0006985285214955462
2 1 11 0.000805479614408362
2 2 11 0.0011545597553578135
1 1 12 0.0006425327179705012
1 2 12 0.0008321200822531839
2 1 12 0.0006424739833662239
2 2 12 0.0012957014152238469
1 1 13 0.0005948289159315041
1 2 13 0.0008029596001971655
2 1 13 0.0010367325679923544
2 2 13 0.0008119258260744879
1 1 14 0.0006969786427087403
1 2 14 0.0007861777407723918
2 1 14 0.0009940925349929321
2 2 14 0.001054459696778588
1 1 15 0.0006818448220850371
1 2 15 0.00046950225537969304
2 1 15 0.0006992328536851958
2 2 15 0.0006042410443666494
1 1 16 0.0008425697274952026
1 2 16 0.0006053081660964179
2 1 16 0.001598877478210655
2 2 16 0.0006978949200221619
1 1 17 0.000979359445631978
1 2 17 0.0003365483040425652
2 1 17 0.0019123492380653522
2 2 17 0.0005385773187528526
1 1 18 0.0008766571934849861
1 2 18 0.0007870262806160466
2 1 18 0.0007903683069203236
2 2 18 0.001470668893006355
1 1 19 0.0006041260759418714
1 2 19 0.0008973735173340082
2 1 19 0.00027101996627683345
2 2 19 0.0014433053353511429
1 1 20 0.0004991558150075475
1 2 20 0.0007905189540419069
2 1 20 0.0007635863001811873
2 2 20 0.0008073841771381651
