W: 4.0
num_iter: 0
[-1.02207126 -1.02207126 -1.01110259 -1.01110259 -0.99913885 -0.99913885
 -0.98619928 -0.98619928 -0.97210822 -0.97210822 -0.95726081 -0.95726081
 -0.94102673 -0.94102673 -0.92446325 -0.92446325 -0.90588885 -0.90588885
 -0.88683131 -0.88683131 -0.86613183 -0.86613183 -0.84450399 -0.84450399
 -0.82153023 -0.82153023 -0.79720159 -0.79720159 -0.77197642 -0.77197642
 -0.74474615 -0.74474615 -0.71653588 -0.71653588 -0.68705387 -0.68705387
 -0.65560796 -0.65560796 -0.62275574 -0.62275574 -0.58775252 -0.58775252
 -0.55114106 -0.55114106 -0.51237879 -0.51237879 -0.47129346 -0.47129346
 -0.42849644 -0.42849644 -0.38285898 -0.38285898 -0.33618374 -0.33618374
 -0.28689876 -0.28689876 -0.23534057 -0.23534057 -0.18169108 -0.18169108
 -0.12397046 -0.12397046 -0.05710733 -0.05710733  0.05709637  0.05709637
  0.12398159  0.12398159  0.18169441  0.18169441  0.23534253  0.23534253
  0.28689872  0.28689872  0.33618468  0.33618468  0.38285574  0.38285574
  0.42849482  0.42849482  0.4712996   0.4712996   0.5123747   0.5123747
  0.5511382   0.5511382   0.58774562  0.58774562  0.62276486  0.62276486
  0.65560339  0.65560339  0.68705514  0.68705514  0.716542    0.716542
  0.74474314  0.74474314  0.77197055  0.77197055  0.79720501  0.79720501
  0.82153704  0.82153704  0.844503    0.844503    0.86613364  0.86613364
  0.88682621  0.88682621  0.9058874   0.9058874   0.92446384  0.92446384
  0.94102287  0.94102287  0.95725921  0.95725921  0.97210942  0.97210942
  0.98619792  0.98619792  0.99914045  0.99914045  1.0110984   1.0110984
  1.02207754  1.02207754]
localization_length: 0.5473202625805357
0.5537394457100898
W_list: [4.0]
L_list: [17.719662262722874]
