[-2.41421356 -1.         -1.         -0.41421356  0.41421356  1.
  1.          2.41421356]
W: 2.4
num_iter: 0
[-0.588347   -0.52720591 -0.46179228 -0.39346319 -0.32255052 -0.24797943
 -0.17091874 -0.08737359  0.08737435  0.17092028  0.2479839   0.32255107
  0.39346754  0.46177396  0.52721547  0.58834409]
localization_length: 1.4306382362051309
1.438781241503185
W_list: [2.4]
L_list: [1.438781241503185]
[-2.41421356 -1.         -1.         -0.41421356  0.41421356  1.
  1.          2.41421356]
W: 2.4
num_iter: 0
[-0.58779711 -0.52757074 -0.4619906  -0.39408234 -0.32228714 -0.24731595
 -0.16981235 -0.08770032  0.08770344  0.16980692  0.24731157  0.32228778
  0.39408737  0.46198903  0.52757516  0.58779527]
localization_length: 1.4253083980282497
1.4214816779072033
W_list: [2.4]
L_list: [1.4214816779072033]
