C_list:
0.0006767066841475542 0.2323408170820706
C_list:
0.0006890075356706297 0.23291648136393772
C_list:
0.0006713519155588152 0.2532668719872837
C_list:
0.000670262959247023 0.25952734326191984
C_list:
0.0006301322426916902 0.27964205281991866
C_list:
0.0006234945785158067 0.29607879674579013
ndim2: 60
W_list: [2.3, 2.4, 2.5, 2.5999999999999996, 2.6999999999999997, 2.8]
L_list: [4.3040220507047895, 4.293384453277376, 3.948404274721761, 3.853158543648256, 3.576000068358713, 3.3774792757570835]
C_list:
0.000594727965151806 0.1560682515326338
C_list:
0.0005403007416973726 0.16505540616377318
C_list:
0.0005540493678215898 0.17869542911721514
C_list:
0.0006006453760680872 0.20047126026021697
C_list:
0.0005404224784539124 0.2040891099635384
C_list:
0.0005949682437741035 0.2179456248902515
ndim2: 60
W_list: [2.3, 2.4, 2.5, 2.5999999999999996, 2.6999999999999997, 2.8]
L_list: [6.407453086580524, 6.058571622960162, 5.596114041305728, 4.988246189014693, 4.899820476352978, 4.588300409808911]
C_list:
0.0005684721072390851 0.13186358608246734
C_list:
0.000491534779500067 0.1406385532886066
C_list:
0.00047252953310737147 0.15240646227955437
C_list:
0.0004981703760773133 0.1568319739352367
C_list:
0.0004946873730368063 0.17125728650985245
C_list:
0.0005546308469290996 0.19159618409422288
ndim2: 60
W_list: [2.3, 2.4, 2.5, 2.5999999999999996, 2.6999999999999997, 2.8]
L_list: [7.583594756588837, 7.110425815799485, 6.561401564231125, 6.37625080465382, 5.8391676078697525, 5.2193106283798505]
