Norm difference: 1.0
Norm difference: 1.0
1 1
1 2
1 3
2 1
2 2
2 3
3 1
3 2
3 3
1 1
1 2
1 3
2 1
2 2
2 3
3 1
3 2
3 3
1 1
1 2
1 3
2 1
2 2
2 3
3 1
3 2
3 3
1 1
1 2
1 3
2 1
2 2
2 3
3 1
3 2
3 3
1 1
1 2
1 3
2 1
2 2
2 3
3 1
3 2
3 3
1 1
1 2
1 3
2 1
2 2
2 3
3 1
3 2
3 3
1 1
1 2
1 3
2 1
2 2
2 3
3 1
3 2
3 3
1 1
1 2
1 3
2 1
2 2
2 3
3 1
3 2
3 3
1 1
1 2
1 3
2 1
2 2
2 3
3 1
3 2
3 3
1 1
1 2
1 3
2 1
2 2
2 3
3 1
3 2
3 3
1 1
1 2
1 3
2 1
2 2
2 3
3 1
3 2
3 3
1 1
1 2
1 3
2 1
2 2
2 3
3 1
3 2
3 3
1 1
1 2
1 3
2 1
2 2
2 3
3 1
3 2
3 3
1 1
1 2
1 3
2 1
2 2
2 3
3 1
3 2
3 3
1 1
1 2
1 3
2 1
2 2
2 3
3 1
3 2
3 3
1 1
1 2
1 3
2 1
2 2
2 3
3 1
3 2
3 3
1 1
1 2
1 3
2 1
2 2
2 3
3 1
3 2
3 3
1 1
1 2
1 3
2 1
2 2
2 3
3 1
3 2
3 3
1 1
1 2
1 3
2 1
2 2
2 3
3 1
3 2
3 3
1 1
1 2
1 3
2 1
2 2
2 3
3 1
3 2
3 3
1 1 1 0.0013884948420154364
1 2 1 0.0021130521013752986
1 3 1 0.002545907489853012
2 1 1 0.0018883726213004006
2 2 1 0.0026710030634754965
2 3 1 0.0039021766356741707
3 1 1 0.001843769279070095
3 2 1 0.0029351247419967105
3 3 1 0.003456957649525194
1 1 2 0.0018800857495731855
1 2 2 0.0018958447076446792
1 3 2 0.0023080252678323596
2 1 2 0.002579220127912671
2 2 2 0.00236727286216388
2 3 2 0.002493852966520938
3 1 2 0.0021073298435974968
3 2 2 0.002525096104860296
3 3 2 0.003583125598462495
1 1 3 0.0014435771556940015
1 2 3 0.0016249184699060255
1 3 3 0.002436475372815412
2 1 3 0.0018900944121473223
2 2 3 0.002224549912290896
2 3 3 0.0026188113365573132
3 1 3 0.0025815878474424025
3 2 3 0.0019174662787634425
3 3 3 0.003013139215114651
1 1 4 0.001640706306162872
1 2 4 0.0016047133170906491
1 3 4 0.0016137362799651187
2 1 4 0.0029013940029334966
2 2 4 0.0021830932812150184
2 3 4 0.0021577889643987123
3 1 4 0.0024461250766055816
3 2 4 0.0015610031424550565
3 3 4 0.002525253111608931
1 1 5 0.0023835784397813475
1 2 5 0.0014024911442830194
1 3 5 0.0021474519259454977
2 1 5 0.0027240480475402462
2 2 5 0.001963569379887782
2 3 5 0.0027806190975718484
3 1 5 0.002913648955722646
3 2 5 0.0020541481523285153
3 3 5 0.0025386264409829116
1 1 6 0.001902974122648078
1 2 6 0.0020992500241299164
1 3 6 0.0021566585604970686
2 1 6 0.0031005091160346684
2 2 6 0.0031670952593557443
2 3 6 0.00277474263664792
3 1 6 0.0048322835435337785
3 2 6 0.0022856912944956265
3 3 6 0.002474148736052424
1 1 7 0.0017028460084897161
1 2 7 0.0022993568193339117
1 3 7 0.002268031289412922
2 1 7 0.003114068716562875
2 2 7 0.0030033343045168326
2 3 7 0.002680299550601879
3 1 7 0.004022443532194671
3 2 7 0.003353119088821492
3 3 7 0.0025093437815334046
1 1 8 0.0024282955690123256
1 2 8 0.002306561967830582
1 3 8 0.002780059937449789
2 1 8 0.0029940774729751147
2 2 8 0.003316510928111123
2 3 8 0.0032058208076821268
3 1 8 0.0028216724049331433
3 2 8 0.004228571454436518
3 3 8 0.0024797083844283756
1 1 9 0.0023880783392210836
1 2 9 0.0025062198827707238
1 3 9 0.002300860791651274
2 1 9 0.0023136919469255524
2 2 9 0.0033724132236769505
2 3 9 0.0032800650046328427
3 1 9 0.0026375274479877213
3 2 9 0.0035992142879315908
3 3 9 0.0043682459597192
1 1 10 0.0018815971082191626
1 2 10 0.00263528704361775
1 3 10 0.0023779885669273967
2 1 10 0.0026743515491320508
2 2 10 0.0037938804525705096
2 3 10 0.00409105058633488
3 1 10 0.0024471306603640894
3 2 10 0.0033748292122607925
3 3 10 0.003793604138168817
1 1 11 0.0024975995776973037
1 2 11 0.0022308856973032136
1 3 11 0.0026186194583220235
2 1 11 0.0029142742129390697
2 2 11 0.0033668078484141452
2 3 11 0.003695438929315878
3 1 11 0.001774030388274659
3 2 11 0.004381552947617497
3 3 11 0.004941960039827204
1 1 12 0.002622807615832529
1 2 12 0.0024996441744043092
1 3 12 0.0025763655789515796
2 1 12 0.003648879402031559
2 2 12 0.004209979330507633
2 3 12 0.004027452012026806
3 1 12 0.0037111336783271593
3 2 12 0.004099810408995631
3 3 12 0.004406021440733224
1 1 13 0.0021858044842937114
1 2 13 0.002594906946451632
1 3 13 0.002595530444379396
2 1 13 0.004082149096345201
2 2 13 0.003764591728424968
2 3 13 0.004610531225712783
3 1 13 0.005716751601756817
3 2 13 0.004425031286432324
3 3 13 0.005375943061010145
1 1 14 0.00216341110867426
1 2 14 0.0029196828661905475
1 3 14 0.0032829354484822555
2 1 14 0.0039459350193604215
2 2 14 0.004268131250372416
2 3 14 0.0044975249105926925
3 1 14 0.0046036906969744015
3 2 14 0.004290528646027945
3 3 14 0.004637059026858908
1 1 15 0.002563362013250349
1 2 15 0.0026343476481623593
1 3 15 0.0026512510399546337
2 1 15 0.003472526574170487
2 2 15 0.004216127639590317
2 3 15 0.004136566189694936
3 1 15 0.003407770045478314
3 2 15 0.004771143347047005
3 3 15 0.005787872446635497
1 1 16 0.002475885113648938
1 2 16 0.0029662380354206694
1 3 16 0.0035951188969619192
2 1 16 0.0031355171997920804
2 2 16 0.004371143373360349
2 3 16 0.005481110810951059
3 1 16 0.0024690451524725997
3 2 16 0.0034626766058354205
3 3 16 0.004701637646122662
1 1 17 0.0021071063019411926
1 2 17 0.0031071607202087406
1 3 17 0.002924532625505268
2 1 17 0.003181486747981644
2 2 17 0.004245653150744822
2 3 17 0.0040373600996408635
3 1 17 0.002571912288641771
3 2 17 0.004864517004709193
3 3 17 0.005137280957580154
1 1 18 0.0016363107917631227
1 2 18 0.003157083638635326
1 3 18 0.0037875894563943456
2 1 18 0.0026329235677185424
2 2 18 0.0050744784558523544
2 3 18 0.005064672507509679
3 1 18 0.0027340777084647236
3 2 18 0.00462068649751998
3 3 18 0.004217319315626704
1 1 19 0.0026314977473089083
1 2 19 0.0030332992160338455
1 3 19 0.0037919712263692674
2 1 19 0.004519167245453613
2 2 19 0.004648026369830724
2 3 19 0.004679259048245165
3 1 19 0.002999226191573814
3 2 19 0.005470094891959556
3 3 19 0.004653380415748836
1 1 20 0.0032219054964711764
1 2 20 0.0033536741579956045
1 3 20 0.00337248098532422
2 1 20 0.004512141806495504
2 2 20 0.004603924723516643
2 3 20 0.005505629388384213
3 1 20 0.005286912938353502
3 2 20 0.005222375516272298
3 3 20 0.005470880689993128
