W: 2.8
num_iter: 0
[-0.81990136 -0.81990136 -0.76643272 -0.76643272 -0.69287678 -0.69287678
 -0.60302754 -0.60302754 -0.49587409 -0.49587409 -0.37214347 -0.37214347
 -0.22899237 -0.22899237 -0.05981818 -0.05981818  0.05981901  0.05981901
  0.22899436  0.22899436  0.37214872  0.37214872  0.49587561  0.49587561
  0.60302395  0.60302395  0.6928788   0.6928788   0.76642581  0.76642581
  0.81990026  0.81990026]
localization_length: 2.089665609890689
2.0728002334254083
W_list: [2.8]
L_list: [16.582401867403266]
