W: 3.4000000000000004
num_iter: 0
[-0.87519091 -0.87519091 -0.85461869 -0.85461869 -0.83016081 -0.83016081
 -0.80112255 -0.80112255 -0.76774216 -0.76774216 -0.72940856 -0.72940856
 -0.68704881 -0.68704881 -0.64009848 -0.64009848 -0.58766419 -0.58766419
 -0.52913416 -0.52913416 -0.46546498 -0.46546498 -0.39479768 -0.39479768
 -0.31875832 -0.31875832 -0.23551369 -0.23551369 -0.14668759 -0.14668759
 -0.04489723 -0.04489723  0.04489819  0.04489819  0.14668955  0.14668955
  0.2355085   0.2355085   0.31876335  0.31876335  0.3947931   0.3947931
  0.46546415  0.46546415  0.52913353  0.52913353  0.58766397  0.58766397
  0.6400975   0.6400975   0.68704472  0.68704472  0.72940907  0.72940907
  0.76774701  0.76774701  0.80112607  0.80112607  0.83016278  0.83016278
  0.85461824  0.85461824  0.87518909  0.87518909]
localization_length: 1.3920679676723164
1.3927522280823788
W_list: [3.4000000000000004]
L_list: [22.28403564931806]
