W: 3.4000000000000004
num_iter: 0
[-0.87905856 -0.87905856 -0.87029676 -0.87029676 -0.86007323 -0.86007323
 -0.84866918 -0.84866918 -0.83638467 -0.83638467 -0.8228527  -0.8228527
 -0.80848404 -0.80848404 -0.79277965 -0.79277965 -0.77584144 -0.77584144
 -0.75822939 -0.75822939 -0.73932098 -0.73932098 -0.71914247 -0.71914247
 -0.69812566 -0.69812566 -0.67556609 -0.67556609 -0.6516685  -0.6516685
 -0.6269253  -0.6269253  -0.60082506 -0.60082506 -0.57317567 -0.57317567
 -0.54392539 -0.54392539 -0.51378982 -0.51378982 -0.48161893 -0.48161893
 -0.44828725 -0.44828725 -0.41305616 -0.41305616 -0.37632516 -0.37632516
 -0.33790109 -0.33790109 -0.29820422 -0.29820422 -0.25694749 -0.25694749
 -0.2146448  -0.2146448  -0.17002208 -0.17002208 -0.12448406 -0.12448406
 -0.07767812 -0.07767812 -0.02483728 -0.02483728  0.02483528  0.02483528
  0.07767232  0.07767232  0.12447647  0.12447647  0.17002109  0.17002109
  0.21464286  0.21464286  0.25694516  0.25694516  0.29820698  0.29820698
  0.33789956  0.33789956  0.37632167  0.37632167  0.41305648  0.41305648
  0.44829034  0.44829034  0.48161896  0.48161896  0.51379071  0.51379071
  0.54392991  0.54392991  0.57317372  0.57317372  0.60082533  0.60082533
  0.62692141  0.62692141  0.65166911  0.65166911  0.67556259  0.67556259
  0.69812835  0.69812835  0.71913628  0.71913628  0.73932144  0.73932144
  0.75823062  0.75823062  0.77584113  0.77584113  0.79278651  0.79278651
  0.80848593  0.80848593  0.82285429  0.82285429  0.83638534  0.83638534
  0.84867033  0.84867033  0.86007527  0.86007527  0.87030696  0.87030696
  0.87905881  0.87905881]
localization_length: 1.2582904691362153
1.2417501858898838
W_list: [3.4000000000000004]
L_list: [39.73600594847628]
