W: 4.0
num_iter: 0
[-1.1137182  -1.1137182  -1.04903594 -1.04903594 -0.96464934 -0.96464934
 -0.8608827  -0.8608827  -0.73433102 -0.73433102 -0.58247886 -0.58247886
 -0.3980804  -0.3980804  -0.16097199 -0.16097199  0.16097107  0.16097107
  0.3980812   0.3980812   0.58248476  0.58248476  0.7343284   0.7343284
  0.86088393  0.86088393  0.96465009  0.96465009  1.04903638  1.04903638
  1.11371263  1.11371263]
localization_length: 0.7765370589564183
0.7777120403002344
W_list: [4.0]
L_list: [6.2216963224018755]
