Norm difference: 1.0
Norm difference: 1.0
1 1
1 2
1 3
2 1
2 2
2 3
3 1
3 2
3 3
1 1
1 2
1 3
2 1
2 2
2 3
3 1
3 2
3 3
1 1
1 2
1 3
2 1
2 2
2 3
3 1
3 2
3 3
1 1
1 2
1 3
2 1
2 2
2 3
3 1
3 2
3 3
1 1
1 2
1 3
2 1
2 2
2 3
3 1
3 2
3 3
1 1
1 2
1 3
2 1
2 2
2 3
3 1
3 2
3 3
1 1
1 2
1 3
2 1
2 2
2 3
3 1
3 2
3 3
1 1
1 2
1 3
2 1
2 2
2 3
3 1
3 2
3 3
1 1
1 2
1 3
2 1
2 2
2 3
3 1
3 2
3 3
1 1
1 2
1 3
2 1
2 2
2 3
3 1
3 2
3 3
1 1
1 2
1 3
2 1
2 2
2 3
3 1
3 2
3 3
1 1
1 2
1 3
2 1
2 2
2 3
3 1
3 2
3 3
1 1
1 2
1 3
2 1
2 2
2 3
3 1
3 2
3 3
1 1
1 2
1 3
2 1
2 2
2 3
3 1
3 2
3 3
1 1
1 2
1 3
2 1
2 2
2 3
3 1
3 2
3 3
1 1
1 2
1 3
2 1
2 2
2 3
3 1
3 2
3 3
1 1
1 2
1 3
2 1
2 2
2 3
3 1
3 2
3 3
1 1
1 2
1 3
2 1
2 2
2 3
3 1
3 2
3 3
1 1
1 2
1 3
2 1
2 2
2 3
3 1
3 2
3 3
1 1
1 2
1 3
2 1
2 2
2 3
3 1
3 2
3 3
1 1 1 0.0029720573905379537
1 2 1 0.003246525498705599
1 3 1 0.004228098592725064
2 1 1 0.009713221013453623
2 2 1 0.005752391084829075
2 3 1 0.0060546505216014035
3 1 1 0.00465073599572077
3 2 1 0.00911263580891156
3 3 1 0.006560372055072103
1 1 2 0.0035612544957742557
1 2 2 0.005054330878322054
1 3 2 0.003539637034794174
2 1 2 0.008136887719167735
2 2 2 0.004220549543539178
2 3 2 0.004360245290441745
3 1 2 0.009525248658023752
3 2 2 0.006874845116942202
3 3 2 0.004959015876013248
1 1 3 0.00394004520794106
1 2 3 0.0016947644135673332
1 3 3 0.0037378218975218265
2 1 3 0.0033865059296373226
2 2 3 0.006703664804015974
2 3 3 0.005251200651280378
3 1 3 0.009352972208141363
3 2 3 0.00655325989195992
3 3 3 0.004897455511338812
1 1 4 0.003829218692442556
1 2 4 0.003406753085494583
1 3 4 0.0021360297319911493
2 1 4 0.007727932191174645
2 2 4 0.006620463075677185
2 3 4 0.005726349217628891
3 1 4 0.007927020221428018
3 2 4 0.006419930186534285
3 3 4 0.004926438331061385
1 1 5 0.0034655260073817723
1 2 5 0.003317546590018447
1 3 5 0.002181641635181431
2 1 5 0.005924709450565414
2 2 5 0.007993285101856205
2 3 5 0.009067384493273083
3 1 5 0.006303131768124437
3 2 5 0.007943803569681815
3 3 5 0.005873727566448428
1 1 6 0.004343993391321515
1 2 6 0.0038928397763080304
1 3 6 0.002908216610578089
2 1 6 0.005963848708490156
2 2 6 0.005441971407156371
2 3 6 0.00364525218368019
3 1 6 0.006209653924465308
3 2 6 0.006060401812804707
3 3 6 0.006694149731026602
1 1 7 0.0033680590754048404
1 2 7 0.004056927258943936
1 3 7 0.003557843950300214
2 1 7 0.004950740024556011
2 2 7 0.007655639947563075
2 3 7 0.007334346651713128
3 1 7 0.003207571111972974
3 2 7 0.006044771688302383
3 3 7 0.00622370714341543
1 1 8 0.002648852681026927
1 2 8 0.0037055120951523203
1 3 8 0.0025902473166688504
2 1 8 0.008899671271933512
2 2 8 0.005153352322309436
2 3 8 0.005169938905868585
3 1 8 0.005199096536482347
3 2 8 0.006676843292119382
3 3 8 0.005828451709279388
1 1 9 0.002988243192231588
1 2 9 0.003148764130825262
1 3 9 0.00346175192138446
2 1 9 0.0074944878681528744
2 2 9 0.006001538825733209
2 3 9 0.005628021149635417
3 1 9 0.0076015910795315415
3 2 9 0.005786130335328969
3 3 9 0.006315718938020645
1 1 10 0.0032367063448699657
1 2 10 0.002887010901519569
1 3 10 0.002690367004147845
2 1 10 0.0037707567605078417
2 2 10 0.0050831950543752235
2 3 10 0.004466286140103204
3 1 10 0.00727009424968153
3 2 10 0.004977722969304574
3 3 10 0.004394891662835068
1 1 11 0.0027321291573826584
1 2 11 0.0028343612102559113
1 3 11 0.002688825141435167
2 1 11 0.00687321984680928
2 2 11 0.005156254766213441
2 3 11 0.004542923816773538
3 1 11 0.005290593077887675
3 2 11 0.005170918407863268
3 3 11 0.004147370939730614
1 1 12 0.002828360683091272
1 2 12 0.0030207205111027107
1 3 12 0.0034038806995833324
2 1 12 0.003805080970962367
2 2 12 0.005099633725851611
2 3 12 0.004192781544142402
3 1 12 0.005361161769192544
3 2 12 0.004600755601246133
3 3 12 0.003629658286792943
1 1 13 0.0033644113198360165
1 2 13 0.0033739086091473048
1 3 13 0.002748565010017082
2 1 13 0.005639866086573915
2 2 13 0.0046001321583234046
2 3 13 0.0025206110940219984
3 1 13 0.00460544411366972
3 2 13 0.00446011219839466
3 3 13 0.0036314583904322713
1 1 14 0.0027724395377010506
1 2 14 0.0032238121831160136
1 3 14 0.002332901344612902
2 1 14 0.004718186105965429
2 2 14 0.004677317634325227
2 3 14 0.00369689002273844
3 1 14 0.003693740616123624
3 2 14 0.0047522773938443175
3 3 14 0.002968404736393279
1 1 15 0.0035054543056530904
1 2 15 0.0029190499712175373
1 3 15 0.002107597283279725
2 1 15 0.00401106480835132
2 2 15 0.003228532828455507
2 3 15 0.0017884946566911661
3 1 15 0.004334830517238554
3 2 15 0.004590559480799247
3 3 15 0.0027528846103978804
1 1 16 0.003314878731640162
1 2 16 0.002282053791457755
1 3 16 0.002176246951888151
2 1 16 0.0029333643945810657
2 2 16 0.0032508419397550845
2 3 16 0.003167387245417778
3 1 16 0.004000148791390601
3 2 16 0.003393879523337775
3 3 16 0.0030301975559089717
1 1 17 0.0021384869262722943
1 2 17 0.002898491974651793
1 3 17 0.0023899282944736047
2 1 17 0.0027507100790835747
2 2 17 0.003500202812623185
2 3 17 0.0023589691600034474
3 1 17 0.0032553441131338784
3 2 17 0.0033003324261977234
3 3 17 0.002708183247335345
1 1 18 0.002649302507419634
1 2 18 0.002850752251621355
1 3 18 0.0022601308236253888
2 1 18 0.0023715291547782803
2 2 18 0.003007299406025535
2 3 18 0.0033064324919450374
3 1 18 0.0026926385416041307
3 2 18 0.00391826729962152
3 3 18 0.0031998541173042677
1 1 19 0.002473973589995847
1 2 19 0.0026159520720525804
1 3 19 0.0024972576769182234
2 1 19 0.0019906615189078745
2 2 19 0.002982239806667157
2 3 19 0.0027467011683505963
3 1 19 0.0028651561749649056
3 2 19 0.0032256474293787156
3 3 19 0.0034338176628407194
1 1 20 0.0021350909650322976
1 2 20 0.0023573674371865057
1 3 20 0.0016707731361297342
2 1 20 0.002759947244470865
2 2 20 0.0025058027416373667
2 3 20 0.001950678859386553
3 1 20 0.0027263079215728864
3 2 20 0.002945224322481821
3 3 20 0.0032363041273331047
