W: 1.2
num_iter: 0
[-1.1338239  -1.1338239  -1.126852   -1.126852   -1.11886077 -1.11886077
 -1.10966865 -1.10966865 -1.09888213 -1.09888213 -1.08636601 -1.08636601
 -1.07172479 -1.07172479 -1.05573061 -1.05573061 -1.0371047  -1.0371047
 -1.01619477 -1.01619477 -0.99226343 -0.99226343 -0.96595812 -0.96595812
 -0.93568096 -0.93568096 -0.90146275 -0.90146275 -0.86326213 -0.86326213
 -0.81971575 -0.81971575 -0.771665   -0.771665   -0.7173612  -0.7173612
 -0.65974129 -0.65974129 -0.59772722 -0.59772722 -0.53364259 -0.53364259
 -0.46965489 -0.46965489 -0.40880324 -0.40880324 -0.35208703 -0.35208703
 -0.29982827 -0.29982827 -0.25148774 -0.25148774 -0.2067522  -0.2067522
 -0.16478711 -0.16478711 -0.124705   -0.124705   -0.08613532 -0.08613532
 -0.0485884  -0.0485884  -0.01068204 -0.01068204  0.01068409  0.01068409
  0.0485922   0.0485922   0.08613068  0.08613068  0.12470429  0.12470429
  0.16479071  0.16479071  0.20675346  0.20675346  0.25149253  0.25149253
  0.29983125  0.29983125  0.35208789  0.35208789  0.40880502  0.40880502
  0.469663    0.469663    0.53364086  0.53364086  0.59772398  0.59772398
  0.65973903  0.65973903  0.71735637  0.71735637  0.77166741  0.77166741
  0.81971981  0.81971981  0.86325871  0.86325871  0.90146789  0.90146789
  0.93568689  0.93568689  0.96595154  0.96595154  0.99226256  0.99226256
  1.01619274  1.01619274  1.03710552  1.03710552  1.05573123  1.05573123
  1.07172477  1.07172477  1.086362    1.086362    1.09887662  1.09887662
  1.10966638  1.10966638  1.11885894  1.11885894  1.12685018  1.12685018
  1.13382144  1.13382144]
localization_length: 2.925472449942049
2.8649727250984585
W_list: [1.2]
L_list: [91.67912720315067]
