W: 3.8
num_iter: 0
[-0.93344602 -0.93344602 -0.88375432 -0.88375432 -0.81587408 -0.81587408
 -0.72967585 -0.72967585 -0.62182161 -0.62182161 -0.48790114 -0.48790114
 -0.32326038 -0.32326038 -0.11217547 -0.11217547  0.11217548  0.11217548
  0.32325471  0.32325471  0.48790181  0.48790181  0.62182312  0.62182312
  0.72967382  0.72967382  0.8158801   0.8158801   0.88375729  0.88375729
  0.93344254  0.93344254]
localization_length: 1.114325579261453
1.109811220059954
W_list: [3.8]
L_list: [8.878489760479631]
