W: 3.0
num_iter: 0
[-1.2214473  -1.2214473  -1.20914398 -1.20914398 -1.19566372 -1.19566372
 -1.18094546 -1.18094546 -1.16463602 -1.16463602 -1.14652597 -1.14652597
 -1.1268849  -1.1268849  -1.10541508 -1.10541508 -1.08220206 -1.08220206
 -1.05673438 -1.05673438 -1.02899693 -1.02899693 -0.99971898 -0.99971898
 -0.9682075  -0.9682075  -0.93507893 -0.93507893 -0.89913396 -0.89913396
 -0.86199303 -0.86199303 -0.82263915 -0.82263915 -0.78162377 -0.78162377
 -0.73933064 -0.73933064 -0.69536705 -0.69536705 -0.65042983 -0.65042983
 -0.60331136 -0.60331136 -0.55615667 -0.55615667 -0.50725276 -0.50725276
 -0.4579831  -0.4579831  -0.40713135 -0.40713135 -0.35521213 -0.35521213
 -0.30258166 -0.30258166 -0.24771647 -0.24771647 -0.19135989 -0.19135989
 -0.13218356 -0.13218356 -0.06337786 -0.06337786  0.06337739  0.06337739
  0.13218736  0.13218736  0.19135638  0.19135638  0.24771356  0.24771356
  0.30259064  0.30259064  0.35522252  0.35522252  0.40713084  0.40713084
  0.45798697  0.45798697  0.50725614  0.50725614  0.55616468  0.55616468
  0.60331434  0.60331434  0.65043346  0.65043346  0.69536929  0.69536929
  0.73934424  0.73934424  0.78162845  0.78162845  0.82263361  0.82263361
  0.86198972  0.86198972  0.89913276  0.89913276  0.93507537  0.93507537
  0.96820159  0.96820159  0.99971406  0.99971406  1.02899143  1.02899143
  1.05673158  1.05673158  1.0821913   1.0821913   1.1054089   1.1054089
  1.12688847  1.12688847  1.14651107  1.14651107  1.16463881  1.16463881
  1.18094149  1.18094149  1.19566697  1.19566697  1.20914274  1.20914274
  1.22144936  1.22144936]
localization_length: 0.4930780147860623
0.49381189202504094
W_list: [3.0]
L_list: [15.80198054480131]
