Norm difference: 1.0
Norm difference: 1.0
1 1
1 2
2 1
2 2
1 1
1 2
2 1
2 2
1 1
1 2
2 1
2 2
1 1
1 2
2 1
2 2
1 1
1 2
2 1
2 2
1 1
1 2
2 1
2 2
1 1
1 2
2 1
2 2
1 1
1 2
2 1
2 2
1 1
1 2
2 1
2 2
1 1
1 2
2 1
2 2
1 1
1 2
2 1
2 2
1 1
1 2
2 1
2 2
1 1
1 2
2 1
2 2
1 1
1 2
2 1
2 2
1 1
1 2
2 1
2 2
1 1
1 2
2 1
2 2
1 1
1 2
2 1
2 2
1 1
1 2
2 1
2 2
1 1
1 2
2 1
2 2
1 1
1 2
2 1
2 2
1 1 1 0.011898409082732929
1 2 1 0.014242018528409967
2 1 1 0.01201885031413982
2 2 1 0.01352972352976077
1 1 2 0.0071337163269194065
1 2 2 0.0105758101445261
2 1 2 0.013863457183499999
2 2 2 0.014793202583517864
1 1 3 0.0075802976355445004
1 2 3 0.010809175658835065
2 1 3 0.011032550065791898
2 2 3 0.013187144394284114
1 1 4 0.009938680801066139
1 2 4 0.011944091474821198
2 1 4 0.009306913563258693
2 2 4 0.011706435278094715
1 1 5 0.009194895455239903
1 2 5 0.010879686804823206
2 1 5 0.006421951330778594
2 2 5 0.010324101614247912
1 1 6 0.007223148697568045
1 2 6 0.007867964527128762
2 1 6 0.00861110206065208
2 2 6 0.009891387786305637
1 1 7 0.007236904462166294
1 2 7 0.008351086206453822
2 1 7 0.009619792879473002
2 2 7 0.01056892179770512
1 1 8 0.006220505942613456
1 2 8 0.0084477477600378
2 1 8 0.007181483723197442
2 2 8 0.010558532658790814
1 1 9 0.00528905165323062
1 2 9 0.007612807658108574
2 1 9 0.0077322734625480324
2 2 9 0.009125234773554149
1 1 10 0.0059945852274275735
1 2 10 0.005516040441895931
2 1 10 0.008496289322991823
2 2 10 0.00722928913585754
1 1 11 0.006269372221138349
1 2 11 0.005926171972936812
2 1 11 0.005520882264345812
2 2 11 0.00795947656523265
1 1 12 0.004569804808222187
1 2 12 0.006205930669463929
2 1 12 0.004942788327439192
2 2 12 0.0066453079364637065
1 1 13 0.004597173143612153
1 2 13 0.006026122809646841
2 1 13 0.006455835318838707
2 2 13 0.006754069285821208
1 1 14 0.0060676108150852556
1 2 14 0.004669528833356603
2 1 14 0.00685773536713125
2 2 14 0.006063188425183429
1 1 15 0.004725735364819973
1 2 15 0.0036808359306747746
2 1 15 0.005434633113680807
2 2 15 0.0060046509219517895
1 1 16 0.002872019353708951
1 2 16 0.0033603283976048224
2 1 16 0.005099726293486636
2 2 16 0.004142661567779217
1 1 17 0.002550083859204359
1 2 17 0.003516008926070283
2 1 17 0.004059370884394511
2 2 17 0.004462019686906496
1 1 18 0.003036847327023271
1 2 18 0.0029986785409316986
2 1 18 0.0029847666205683595
2 2 18 0.0034939553119724457
1 1 19 0.0024656855396085675
1 2 19 0.0024395460764927972
2 1 19 0.003169013620045235
2 2 19 0.00318303132335591
1 1 20 0.0022073494800561007
1 2 20 0.0016320711592633832
2 1 20 0.002865912350396852
2 2 20 0.002808157822928187
