W: 1.2
num_iter: 0
[-1.13040044 -1.13040044 -1.11404667 -1.11404667 -1.09251878 -1.09251878
 -1.0638967  -1.0638967  -1.02688347 -1.02688347 -0.97925026 -0.97925026
 -0.91899686 -0.91899686 -0.8419135  -0.8419135  -0.74495526 -0.74495526
 -0.63006526 -0.63006526 -0.50201697 -0.50201697 -0.37952488 -0.37952488
 -0.27579835 -0.27579835 -0.1849526  -0.1849526  -0.1040855  -0.1040855
 -0.02314771 -0.02314771  0.02314733  0.02314733  0.1040845   0.1040845
  0.18495109  0.18495109  0.27579935  0.27579935  0.37953108  0.37953108
  0.50201461  0.50201461  0.63006341  0.63006341  0.74495933  0.74495933
  0.84191299  0.84191299  0.9189987   0.9189987   0.97924584  0.97924584
  1.02688298  1.02688298  1.06389511  1.06389511  1.09251607  1.09251607
  1.11405279  1.11405279  1.13039805  1.13039805]
localization_length: 2.700095881239971
2.723216419143304
W_list: [1.2]
L_list: [43.57146270629286]
