Norm difference: 0.9999999999999998
Norm difference: 1.0
1 1
1 2
1 3
2 1
2 2
2 3
3 1
3 2
3 3
1 1
1 2
1 3
2 1
2 2
2 3
3 1
3 2
3 3
1 1
1 2
1 3
2 1
2 2
2 3
3 1
3 2
3 3
1 1
1 2
1 3
2 1
2 2
2 3
3 1
3 2
3 3
1 1
1 2
1 3
2 1
2 2
2 3
3 1
3 2
3 3
1 1
1 2
1 3
2 1
2 2
2 3
3 1
3 2
3 3
1 1
1 2
1 3
2 1
2 2
2 3
3 1
3 2
3 3
1 1
1 2
1 3
2 1
2 2
2 3
3 1
3 2
3 3
1 1
1 2
1 3
2 1
2 2
2 3
3 1
3 2
3 3
1 1
1 2
1 3
2 1
2 2
2 3
3 1
3 2
3 3
1 1
1 2
1 3
2 1
2 2
2 3
3 1
3 2
3 3
1 1
1 2
1 3
2 1
2 2
2 3
3 1
3 2
3 3
1 1
1 2
1 3
2 1
2 2
2 3
3 1
3 2
3 3
1 1
1 2
1 3
2 1
2 2
2 3
3 1
3 2
3 3
1 1
1 2
1 3
2 1
2 2
2 3
3 1
3 2
3 3
1 1
1 2
1 3
2 1
2 2
2 3
3 1
3 2
3 3
1 1
1 2
1 3
2 1
2 2
2 3
3 1
3 2
3 3
1 1
1 2
1 3
2 1
2 2
2 3
3 1
3 2
3 3
1 1
1 2
1 3
2 1
2 2
2 3
3 1
3 2
3 3
1 1
1 2
1 3
2 1
2 2
2 3
3 1
3 2
3 3
1 1 1 0.029723073395106537
1 2 1 0.028917769705552675
1 3 1 0.020923174595986978
2 1 1 0.022454532516792823
2 2 1 0.015881764852182564
2 3 1 0.020237778256481338
3 1 1 0.02285316165059968
3 2 1 0.02059879996403927
3 3 1 0.02459883916383388
1 1 2 0.021773746227820405
1 2 2 0.017982663547102106
1 3 2 0.02105094051369642
2 1 2 0.01910192259725149
2 2 2 0.019140967466807893
2 3 2 0.020358592452279986
3 1 2 0.026451756720733972
3 2 2 0.024391635243645883
3 3 2 0.02150589314667122
1 1 3 0.013021372552991564
1 2 3 0.017025512461204702
1 3 3 0.021989413493195734
2 1 3 0.015857831045642427
2 2 3 0.016034443557703414
2 3 3 0.018481410197432012
3 1 3 0.024877133611925416
3 2 3 0.017459527050637663
3 3 3 0.012088396081073167
1 1 4 0.010244958462583987
1 2 4 0.015112858102457296
1 3 4 0.016366327054383133
2 1 4 0.015827733813962172
2 2 4 0.015494226438926211
2 3 4 0.015574240317527197
3 1 4 0.01754713622149821
3 2 4 0.016940265162678287
3 3 4 0.019798361870229784
1 1 5 0.015143767890939394
1 2 5 0.015336069592830261
1 3 5 0.012640116121447437
2 1 5 0.01290783424127919
2 2 5 0.015959267226749486
2 3 5 0.014268628463416578
3 1 5 0.011017659325055896
3 2 5 0.01070146143222556
3 3 5 0.015404137726612376
1 1 6 0.0144274339602073
1 2 6 0.013251324490335342
1 3 6 0.009670644264479538
2 1 6 0.014453128194090111
2 2 6 0.011281765298528647
2 3 6 0.010257550014693903
3 1 6 0.010866642612964042
3 2 6 0.014529153013112117
3 3 6 0.012796950494795567
1 1 7 0.013744203597414045
1 2 7 0.011231047922945443
1 3 7 0.009293891157393397
2 1 7 0.011203777619030499
2 2 7 0.012725107375938478
2 3 7 0.009839590922805074
3 1 7 0.013420129310380247
3 2 7 0.010809127546958026
3 3 7 0.008898608392642122
1 1 8 0.010752610601009713
1 2 8 0.010558501449697789
1 3 8 0.009737321497315536
2 1 8 0.009050574629672226
2 2 8 0.006972091487561091
2 3 8 0.00859336571357959
3 1 8 0.013461063076448329
3 2 8 0.011707814214705566
3 3 8 0.008518715990414994
1 1 9 0.009641086566349823
1 2 9 0.009414463181273723
1 3 9 0.00796456179775359
2 1 9 0.011136741463492725
2 2 9 0.009368363631106918
2 3 9 0.007949989172038416
3 1 9 0.009769896475646012
3 2 9 0.00922612993377556
3 3 9 0.008112966176173336
1 1 10 0.00989258811778623
1 2 10 0.008800100343370658
1 3 10 0.00733943483422681
2 1 10 0.006878375568774131
2 2 10 0.006799992847359331
2 3 10 0.006880672091730852
3 1 10 0.007563061308145968
3 2 10 0.006307355146126886
3 3 10 0.009333310717234916
1 1 11 0.0077336787802889054
1 2 11 0.00710554725045924
1 3 11 0.005844176842517374
2 1 11 0.009134817060432171
2 2 11 0.0073728256549156585
2 3 11 0.0055121205689636224
3 1 11 0.007534502459933997
3 2 11 0.006992536868506695
3 3 11 0.0065384250668702095
1 1 12 0.007450668793739315
1 2 12 0.006698481314323106
1 3 12 0.005394452981732507
2 1 12 0.0063441438084127135
2 2 12 0.005408973088186135
2 3 12 0.005478129696080048
3 1 12 0.007524607011573052
3 2 12 0.005610422910389896
3 3 12 0.005195971062411569
1 1 13 0.006663095122979608
1 2 13 0.005389574395322242
1 3 13 0.005088967619276083
2 1 13 0.0067374866131411125
2 2 13 0.0052117096821730005
2 3 13 0.003828704420929442
3 1 13 0.009208459801169733
3 2 13 0.005508011939092088
3 3 13 0.0034310739715601598
1 1 14 0.0074418147738988276
1 2 14 0.005383028580796488
1 3 14 0.004267179635499629
2 1 14 0.006867804359707945
2 2 14 0.004246724328069023
2 3 14 0.004330885789024869
3 1 14 0.006255060012657142
3 2 14 0.004242813316825909
3 3 14 0.003478905485001499
1 1 15 0.007313684189375298
1 2 15 0.003780934214673391
1 3 15 0.0025927141349166316
2 1 15 0.006070063612172992
2 2 15 0.003432431823078134
2 3 15 0.002512243084496752
3 1 15 0.005455937430396369
3 2 15 0.005393728502035644
3 3 15 0.0034636701215900742
1 1 16 0.006528165703390087
1 2 16 0.0038855544618157864
1 3 16 0.0026391378054297855
2 1 16 0.006630495313667779
2 2 16 0.003917961523250435
2 3 16 0.0026409875920629907
3 1 16 0.0064293829582530255
3 2 16 0.0039053579991160806
3 3 16 0.0036327741182838455
1 1 17 0.005937148360869982
1 2 17 0.0045199095614514495
1 3 17 0.0021274822132526373
2 1 17 0.004847187731917659
2 2 17 0.003263349774786107
2 3 17 0.002178144941539534
3 1 17 0.006869750923598905
3 2 17 0.003220481299685644
3 3 17 0.0030225902411905713
1 1 18 0.00548705906494879
1 2 18 0.004454281157196021
1 3 18 0.0030182606820605617
2 1 18 0.005809823005562082
2 2 18 0.004243984154373813
2 3 18 0.002666068959110028
3 1 18 0.005983638028561559
3 2 18 0.002907411026712968
3 3 18 0.002458884040690765
1 1 19 0.005668000850245535
1 2 19 0.0036256273654548254
1 3 19 0.0034171991774117603
2 1 19 0.004665410780496889
2 2 19 0.0027242331772597867
2 3 19 0.0032472855392986512
3 1 19 0.004405732820296047
3 2 19 0.0038680099466803313
3 3 19 0.0023259294826613007
1 1 20 0.004698139148389478
1 2 20 0.003246747957469185
1 3 20 0.003325673360395837
2 1 20 0.0043485074303721595
2 2 20 0.003453675618241183
2 3 20 0.002950052682882439
3 1 20 0.004042639051517442
3 2 20 0.002993763362469627
3 3 20 0.003180645718728057
