W: 2.4
num_iter: 0
[-0.70253563 -0.70253563 -0.69483496 -0.69483496 -0.6860339  -0.6860339
 -0.67578455 -0.67578455 -0.66429202 -0.66429202 -0.6519882  -0.6519882
 -0.63839286 -0.63839286 -0.62382739 -0.62382739 -0.6079399  -0.6079399
 -0.59158417 -0.59158417 -0.57439569 -0.57439569 -0.55589576 -0.55589576
 -0.53686836 -0.53686836 -0.51718856 -0.51718856 -0.49616248 -0.49616248
 -0.47455538 -0.47455538 -0.45170821 -0.45170821 -0.42782101 -0.42782101
 -0.40342097 -0.40342097 -0.37780127 -0.37780127 -0.35126363 -0.35126363
 -0.32365809 -0.32365809 -0.29508595 -0.29508595 -0.26518652 -0.26518652
 -0.23478731 -0.23478731 -0.20325311 -0.20325311 -0.17116968 -0.17116968
 -0.13887536 -0.13887536 -0.10624047 -0.10624047 -0.07366913 -0.07366913
 -0.04130301 -0.04130301 -0.00874545 -0.00874545  0.00874703  0.00874703
  0.04130566  0.04130566  0.07366071  0.07366071  0.10623948  0.10623948
  0.13887276  0.13887276  0.17117727  0.17117727  0.20325674  0.20325674
  0.23478974  0.23478974  0.26519064  0.26519064  0.29507914  0.29507914
  0.32366275  0.32366275  0.35126266  0.35126266  0.37779557  0.37779557
  0.4034185   0.4034185   0.42782092  0.42782092  0.45170797  0.45170797
  0.47456103  0.47456103  0.49616114  0.49616114  0.51718792  0.51718792
  0.53686652  0.53686652  0.5558987   0.5558987   0.57440157  0.57440157
  0.59158265  0.59158265  0.60793617  0.60793617  0.62382765  0.62382765
  0.63838989  0.63838989  0.65198651  0.65198651  0.6642896   0.6642896
  0.67578212  0.67578212  0.68603823  0.68603823  0.69483866  0.69483866
  0.70253306  0.70253306]
localization_length: 3.573285582094671
3.5429553417268203
W_list: [2.4]
L_list: [113.37457093525825]
