W: 2.4000000000000004
num_iter: 0
[-1.1722953  -1.1722953  -1.11300575 -1.11300575 -1.02306944 -1.02306944
 -0.89304444 -0.89304444 -0.72078342 -0.72078342 -0.52244442 -0.52244442
 -0.32107473 -0.32107473 -0.10344232 -0.10344232  0.10343993  0.10343993
  0.32107179  0.32107179  0.5224431   0.5224431   0.72078217  0.72078217
  0.89304638  0.89304638  1.02307069  1.02307069  1.1130125   1.1130125
  1.17229326  1.17229326]
localization_length: 1.2084307710185305
1.1982186363289575
W_list: [2.4000000000000004]
L_list: [9.58574909063166]
