W: 3.2
num_iter: 0
[-1.22806201 -1.22806201 -1.20052283 -1.20052283 -1.1668383  -1.1668383
 -1.1273954  -1.1273954  -1.07996444 -1.07996444 -1.02593592 -1.02593592
 -0.96427616 -0.96427616 -0.89436636 -0.89436636 -0.81781115 -0.81781115
 -0.7348867  -0.7348867  -0.64595747 -0.64595747 -0.55163051 -0.55163051
 -0.45150211 -0.45150211 -0.34604199 -0.34604199 -0.23409883 -0.23409883
 -0.10332172 -0.10332172  0.10331865  0.10331865  0.2341024   0.2341024
  0.3460372   0.3460372   0.45150741  0.45150741  0.55162586  0.55162586
  0.64595794  0.64595794  0.73488874  0.73488874  0.8178042   0.8178042
  0.89436773  0.89436773  0.96427925  0.96427925  1.02593641  1.02593641
  1.07996551  1.07996551  1.12739572  1.12739572  1.16683327  1.16683327
  1.20052614  1.20052614  1.22806546  1.22806546]
localization_length: 0.6049246479862316
0.6051386745369889
W_list: [3.2]
L_list: [9.682218792591822]
