W: 3.0
num_iter: 0
[-1.2047195  -1.2047195  -1.13865667 -1.13865667 -1.04492507 -1.04492507
 -0.92000547 -0.92000547 -0.76285516 -0.76285516 -0.58009522 -0.58009522
 -0.38010356 -0.38010356 -0.14436299 -0.14436299  0.14436017  0.14436017
  0.38010506  0.38010506  0.58009558  0.58009558  0.7628568   0.7628568
  0.92000702  0.92000702  1.04492215  1.04492215  1.13865327  1.13865327
  1.2047236   1.2047236 ]
localization_length: 0.8658898018668654
0.8599688012092845
W_list: [3.0]
L_list: [6.879750409674276]
