W: 3.2
num_iter: 0
[-0.83997227 -0.83997227 -0.82032902 -0.82032902 -0.79626621 -0.79626621
 -0.76697928 -0.76697928 -0.73432285 -0.73432285 -0.6960979  -0.6960979
 -0.6545163  -0.6545163  -0.60781679 -0.60781679 -0.55648816 -0.55648816
 -0.49954994 -0.49954994 -0.43732781 -0.43732781 -0.36961643 -0.36961643
 -0.29577789 -0.29577789 -0.21670985 -0.21670985 -0.13209276 -0.13209276
 -0.03735894 -0.03735894  0.03735584  0.03735584  0.13209458  0.13209458
  0.21670993  0.21670993  0.29577317  0.29577317  0.36961555  0.36961555
  0.43732891  0.43732891  0.49954624  0.49954624  0.55648882  0.55648882
  0.60781221  0.60781221  0.65452014  0.65452014  0.69610364  0.69610364
  0.73432336  0.73432336  0.76697938  0.76697938  0.79627353  0.79627353
  0.82032627  0.82032627  0.83997083  0.83997083]
localization_length: 1.6730984688983177
1.6598762382898515
W_list: [3.2]
L_list: [26.558019812637625]
