[-0.21660919 -0.193092   -0.193092   -0.193092   -0.193092   -0.17404567
 -0.17404567 -0.17404567 -0.17404567 -0.15261092 -0.15261092 -0.15261092
 -0.15261092 -0.14032891 -0.14032891 -0.14032891 -0.14032891 -0.14032891
 -0.14032891 -0.14032891 -0.14032891 -0.12594212 -0.12594212 -0.12594212
 -0.12594212 -0.11740663 -0.11740663 -0.11740663 -0.11740663 -0.11740663
 -0.11740663 -0.11740663 -0.11740663 -0.11740663 -0.11740663 -0.11740663
 -0.11740663 -0.11740663 -0.11740663 -0.10994172 -0.10994172 -0.10994172
 -0.10994172 -0.10085657 -0.10085657 -0.10085657 -0.10085657 -0.10085657
 -0.10085657 -0.10085657 -0.10085657 -0.09528092 -0.09528092 -0.09528092
 -0.09528092 -0.08836427 -0.08836427 -0.08836427 -0.08836427 -0.08404591
 -0.08404591 -0.08404591 -0.08404591 -0.08012739  4.61660919  5.17887844
  5.17887844  5.17887844  5.17887844  5.74561854  5.74561854  5.74561854
  5.74561854  6.55261092  6.55261092  6.55261092  6.55261092  7.12611535
  7.12611535  7.12611535  7.12611535  7.12611535  7.12611535  7.12611535
  7.12611535  7.94015568  7.94015568  7.94015568  7.94015568  8.51740663
  8.51740663  8.51740663  8.51740663  8.51740663  8.51740663  8.51740663
  8.51740663  8.51740663  8.51740663  8.51740663  8.51740663  8.51740663
  8.51740663  9.09572816  9.09572816  9.09572816  9.09572816  9.91507014
  9.91507014  9.91507014  9.91507014  9.91507014  9.91507014  9.91507014
  9.91507014 10.49528092 10.49528092 10.49528092 10.49528092 11.31679139
 11.31679139 11.31679139 11.31679139 11.89825947 11.89825947 11.89825947
 11.89825947 12.48012739]
W: 5
num_iter: 0
EF_list: [8.4]
L_list: [1.0094592542997234]
