W: 2.4
num_iter: 0
[-0.94255485 -0.94255485 -0.91608337 -0.91608337 -0.88436698 -0.88436698
 -0.84527261 -0.84527261 -0.79980213 -0.79980213 -0.74783346 -0.74783346
 -0.68988907 -0.68988907 -0.627269   -0.627269   -0.56133219 -0.56133219
 -0.49264498 -0.49264498 -0.42128911 -0.42128911 -0.34670335 -0.34670335
 -0.27146637 -0.27146637 -0.19373704 -0.19373704 -0.11428966 -0.11428966
 -0.02858934 -0.02858934  0.02858824  0.02858824  0.11429033  0.11429033
  0.1937356   0.1937356   0.27146263  0.27146263  0.34670496  0.34670496
  0.42129039  0.42129039  0.49264548  0.49264548  0.56133263  0.56133263
  0.62726744  0.62726744  0.68988419  0.68988419  0.74783445  0.74783445
  0.79980682  0.79980682  0.84526311  0.84526311  0.884374    0.884374
  0.91608604  0.91608604  0.94255722  0.94255722]
localization_length: 2.186213371128251
2.1712963202168427
W_list: [2.4]
L_list: [34.74074112346948]
