Norm difference: 1.0
Norm difference: 1.0
1 1
1 2
1 3
2 1
2 2
2 3
3 1
3 2
3 3
1 1
1 2
1 3
2 1
2 2
2 3
3 1
3 2
3 3
1 1
1 2
1 3
2 1
2 2
2 3
3 1
3 2
3 3
1 1
1 2
1 3
2 1
2 2
2 3
3 1
3 2
3 3
1 1
1 2
1 3
2 1
2 2
2 3
3 1
3 2
3 3
1 1
1 2
1 3
2 1
2 2
2 3
3 1
3 2
3 3
1 1
1 2
1 3
2 1
2 2
2 3
3 1
3 2
3 3
1 1
1 2
1 3
2 1
2 2
2 3
3 1
3 2
3 3
1 1
1 2
1 3
2 1
2 2
2 3
3 1
3 2
3 3
1 1
1 2
1 3
2 1
2 2
2 3
3 1
3 2
3 3
1 1
1 2
1 3
2 1
2 2
2 3
3 1
3 2
3 3
1 1
1 2
1 3
2 1
2 2
2 3
3 1
3 2
3 3
1 1
1 2
1 3
2 1
2 2
2 3
3 1
3 2
3 3
1 1
1 2
1 3
2 1
2 2
2 3
3 1
3 2
3 3
1 1
1 2
1 3
2 1
2 2
2 3
3 1
3 2
3 3
1 1
1 2
1 3
2 1
2 2
2 3
3 1
3 2
3 3
1 1
1 2
1 3
2 1
2 2
2 3
3 1
3 2
3 3
1 1
1 2
1 3
2 1
2 2
2 3
3 1
3 2
3 3
1 1
1 2
1 3
2 1
2 2
2 3
3 1
3 2
3 3
1 1
1 2
1 3
2 1
2 2
2 3
3 1
3 2
3 3
1 1 1 0.008417609419125121
1 2 1 0.006654032178800978
1 3 1 0.009489808533954447
2 1 1 0.0035047909966195597
2 2 1 0.0034345032939487293
2 3 1 0.0033239774068187246
3 1 1 0.00788538379682375
3 2 1 0.006358229126644158
3 3 1 0.008826080390702285
1 1 2 0.009503378206863278
1 2 2 0.00528132981598272
1 3 2 0.009718527220318525
2 1 2 0.004867942335906046
2 2 2 0.0032171376778984185
2 3 2 0.003974654264781393
3 1 2 0.006879035326203722
3 2 2 0.004189698499605873
3 3 2 0.007429597134135571
1 1 3 0.00812318242036311
1 2 3 0.005337350902513407
1 3 3 0.008617610854882937
2 1 3 0.0042248424493586175
2 2 3 0.00346988811288212
2 3 3 0.004225134604144635
3 1 3 0.009057011257642009
3 2 3 0.004648432813583435
3 3 3 0.006498779784512425
1 1 4 0.0062093924114452635
1 2 4 0.005857713800986868
1 3 4 0.007627730566393888
2 1 4 0.004141606983015739
2 2 4 0.0035754262982610535
2 3 4 0.003886979321013107
3 1 4 0.007580352979133513
3 2 4 0.005102866737870267
3 3 4 0.0069589641727186334
1 1 5 0.0075329455547726454
1 2 5 0.004294696377359707
1 3 5 0.005660972366085021
2 1 5 0.003205697830578033
2 2 5 0.0027858633174476285
2 3 5 0.003683742931956213
3 1 5 0.007005290149584351
3 2 5 0.005611982978316623
3 3 5 0.006751353251629235
1 1 6 0.007301206596376659
1 2 6 0.003836180752751548
1 3 6 0.0049828795396043065
2 1 6 0.0031884125858849185
2 2 6 0.002799957218212263
2 3 6 0.0030902653205141864
3 1 6 0.007263734544797942
3 2 6 0.003921172359826383
3 3 6 0.005896724703111639
1 1 7 0.006465039829464529
1 2 7 0.005021567098682165
1 3 7 0.004862039018590071
2 1 7 0.0025376228551586702
2 2 7 0.002853205077089087
2 3 7 0.0023258045992278023
3 1 7 0.006077939592919116
3 2 7 0.004660915838956294
3 3 7 0.006234571206732343
1 1 8 0.005836464467392135
1 2 8 0.004285938156110268
1 3 8 0.005785951524156372
2 1 8 0.0028297112764929582
2 2 8 0.0020405785936552243
2 3 8 0.0017578135723258525
3 1 8 0.0052477814760136425
3 2 8 0.004643299416105058
3 3 8 0.005657378698107894
1 1 9 0.0055106760771989295
1 2 9 0.004878645006677435
1 3 9 0.0060591399231871125
2 1 9 0.0024286390105438304
2 2 9 0.0025444584469200815
2 3 9 0.0020150553592626352
3 1 9 0.005508814561119645
3 2 9 0.0038717114183496985
3 3 9 0.005209153744484094
1 1 10 0.0048759929395658826
1 2 10 0.004604934558149716
1 3 10 0.0053424597214753655
2 1 10 0.0019866685760818632
2 2 10 0.0019384810727371706
2 3 10 0.00237609787788996
3 1 10 0.005807992441270847
3 2 10 0.00451018395480973
3 3 10 0.0039574988182069035
1 1 11 0.00511730084253075
1 2 11 0.0034142627034460292
1 3 11 0.004442580783000834
2 1 11 0.0025324623388777467
2 2 11 0.0021410186774454723
2 3 11 0.002474059052116476
3 1 11 0.0052482684861165675
3 2 11 0.0035897954821038766
3 3 11 0.003432946664933545
1 1 12 0.005044886681641661
1 2 12 0.00466390536194735
1 3 12 0.004381606642695426
2 1 12 0.0016987251302684285
2 2 12 0.0021504850390085743
2 3 12 0.0026008145869505506
3 1 12 0.005465854881999734
3 2 12 0.004020822705563605
3 3 12 0.004343385095426529
1 1 13 0.005198244431244138
1 2 13 0.005067822299811511
1 3 13 0.004010319643903743
2 1 13 0.0025707702301067583
2 2 13 0.0020375644675474586
2 3 13 0.002527484818185392
3 1 13 0.004391042325367056
3 2 13 0.00482332285591594
3 3 13 0.005132263486203741
1 1 14 0.006595059716011649
1 2 14 0.004535753275547961
1 3 14 0.004344244959460516
2 1 14 0.0026920679045982056
2 2 14 0.0025194396977569374
2 3 14 0.002250881648509476
3 1 14 0.004383400676210709
3 2 14 0.003988387695283628
3 3 14 0.0050365407336309615
1 1 15 0.006631554463699789
1 2 15 0.005417102952476067
1 3 15 0.005809244343639252
2 1 15 0.0032902775066117303
2 2 15 0.002412014505128599
2 3 15 0.0022958411589011443
3 1 15 0.004539553643547569
3 2 15 0.004513419159839492
3 3 15 0.005517903747586245
1 1 16 0.006049764620775335
1 2 16 0.004263648016755373
1 3 16 0.006103637121024782
2 1 16 0.003978179498746584
2 2 16 0.0025213936562961474
2 3 16 0.0019993337985399684
3 1 16 0.005034087459747182
3 2 16 0.004521786998211521
3 3 16 0.005273701995153409
1 1 17 0.005881335930324283
1 2 17 0.004518817303590063
1 3 17 0.00503396587850057
2 1 17 0.0039507630752619
2 2 17 0.002814079649401423
2 3 17 0.0029130716126102465
3 1 17 0.006616692243670261
3 2 17 0.004964395051130224
3 3 17 0.0038364268777857347
1 1 18 0.00552627443710461
1 2 18 0.00450592022678732
1 3 18 0.00570150184111861
2 1 18 0.004101890174847909
2 2 18 0.0020738055543440713
2 3 18 0.0034129216935711443
3 1 18 0.0070967590388792065
3 2 18 0.00559967082922432
3 3 18 0.0046063021373507805
1 1 19 0.006769437153428148
1 2 19 0.00407588294228133
1 3 19 0.005257144224214199
2 1 19 0.0029590785683132623
2 2 19 0.0019617727901632058
2 3 19 0.0027046844515869113
3 1 19 0.008113583030766525
3 2 19 0.0047854912394332035
3 3 19 0.005418842405051303
1 1 20 0.007681993653885749
1 2 20 0.005155619223499652
1 3 20 0.004559067930098857
2 1 20 0.003018337204030607
2 2 20 0.0015637649678771747
2 3 20 0.0029904796299276117
3 1 20 0.00833056961154385
3 2 20 0.005040439321746623
3 3 20 0.004861107815844438
