[-2.41421356 -1.         -1.         -0.41421356  0.41421356  1.
  1.          2.41421356]
W: 3.8000000000000003
num_iter: 0
[-0.87468111 -0.81721764 -0.74849882 -0.66852522 -0.57714763 -0.47158432
 -0.34763225 -0.19891378  0.1989111   0.34763673  0.4715738   0.5771534
  0.66851173  0.74851589  0.8172191   0.87467901]
localization_length: 0.6284214258330263
0.6298006126137529
W_list: [3.8000000000000003]
L_list: [0.6298006126137529]
[-2.41421356 -1.         -1.         -0.41421356  0.41421356  1.
  1.          2.41421356]
W: 3.8000000000000003
num_iter: 0
[-0.8749837  -0.81659228 -0.74861425 -0.66858637 -0.57733747 -0.47169516
 -0.3491256  -0.19890141  0.19890193  0.34912808  0.47169528  0.57732704
  0.66858627  0.74862463  0.81659476  0.87497827]
localization_length: 0.6284520401594722
0.6294071555378808
W_list: [3.8000000000000003]
L_list: [0.6294071555378808]
