Norm difference: 1.0
Norm difference: 1.0
1 1
1 2
2 1
2 2
1 1
1 2
2 1
2 2
1 1
1 2
2 1
2 2
1 1
1 2
2 1
2 2
1 1
1 2
2 1
2 2
1 1
1 2
2 1
2 2
1 1
1 2
2 1
2 2
1 1
1 2
2 1
2 2
1 1
1 2
2 1
2 2
1 1
1 2
2 1
2 2
1 1
1 2
2 1
2 2
1 1
1 2
2 1
2 2
1 1
1 2
2 1
2 2
1 1
1 2
2 1
2 2
1 1
1 2
2 1
2 2
1 1
1 2
2 1
2 2
1 1
1 2
2 1
2 2
1 1
1 2
2 1
2 2
1 1
1 2
2 1
2 2
1 1
1 2
2 1
2 2
1 1 1 0.0053000215857646
1 2 1 0.006720334602110573
2 1 1 0.005205252448924151
2 2 1 0.005549530614937589
1 1 2 0.003903664982464762
1 2 2 0.0051019917734987305
2 1 2 0.004951231178126335
2 2 2 0.004959151860270962
1 1 3 0.003105356736770243
1 2 3 0.004464223197312624
2 1 3 0.004532152837747256
2 2 3 0.004636270212264938
1 1 4 0.0037239410830637422
1 2 4 0.003346237271032867
2 1 4 0.003255131066519773
2 2 4 0.0039385394218641265
1 1 5 0.0036121867858945897
1 2 5 0.0038125392148026663
2 1 5 0.0038556806684057034
2 2 5 0.003517943065669056
1 1 6 0.003506511462184081
1 2 6 0.0026780355685675572
2 1 6 0.0037514938035958746
2 2 6 0.003053750441730463
1 1 7 0.004023814748895306
1 2 7 0.0030782571980589014
2 1 7 0.003848904646130763
2 2 7 0.00270060833709051
1 1 8 0.00322768892169084
1 2 8 0.002148967235201592
2 1 8 0.0034355891286376172
2 2 8 0.003052287421083165
1 1 9 0.003426639600584021
1 2 9 0.0031498163984223226
2 1 9 0.003277622201957567
2 2 9 0.002545794005858857
1 1 10 0.002698100454158435
1 2 10 0.002188480948449857
2 1 10 0.003922717004253303
2 2 10 0.002242090286213554
1 1 11 0.0038554106242430298
1 2 11 0.0025976546765376406
2 1 11 0.0030577234729744613
2 2 11 0.0027095424475066243
1 1 12 0.0030042592929553896
1 2 12 0.002378251812665138
2 1 12 0.002892110109406819
2 2 12 0.003831762782168646
1 1 13 0.0036344135110740914
1 2 13 0.0037002511525447957
2 1 13 0.004746699598613714
2 2 13 0.0030105899962215507
1 1 14 0.0030928774805866832
1 2 14 0.0038334896474457097
2 1 14 0.0042617767022582855
2 2 14 0.004279688069419645
1 1 15 0.004801532159961589
1 2 15 0.0036650254646347544
2 1 15 0.004182632875217847
2 2 15 0.0045585133345373285
1 1 16 0.003917885603136708
1 2 16 0.004393805773563774
2 1 16 0.004768334159026106
2 2 16 0.004475034316814744
1 1 17 0.004463748244029057
1 2 17 0.004348581318492375
2 1 17 0.0023101031202367624
2 2 17 0.004591100041202824
1 1 18 0.0022508441500044625
1 2 18 0.004373705386673755
2 1 18 0.0028408798125067235
2 2 18 0.002980918464165678
1 1 19 0.001580860237817824
1 2 19 0.002680526573224872
2 1 19 0.002506303463159204
2 2 19 0.0023984398202828634
1 1 20 0.002167361520046895
1 2 20 0.0013246509966989284
2 1 20 0.0014237903955374703
2 2 20 0.002210914225547802
