[-2.41421356 -1.         -1.         -0.41421356  0.41421356  1.
  1.          2.41421356]
W: 3.2
num_iter: 0
[-0.74302192 -0.59105721 -0.41190346 -0.21752813  0.21753207  0.4118947
  0.59105836  0.74302559]
localization_length: 1.1492766234055967
1.1499048151749367
num_iter: 1
[-0.74378208 -0.59086684 -0.40976452 -0.2170975   0.21709678  0.40976677
  0.59086692  0.74378046]
localization_length: 1.151560129675872
1.1466807494545646
num_iter: 2
[-0.74439631 -0.59041118 -0.41117294 -0.21697027  0.21696306  0.4111867
  0.59040547  0.74439547]
localization_length: 1.1522699014746403
1.1459983391385518
W_list: [3.2]
L_list: [1.1475279679226844]
[-2.41421356 -1.         -1.         -0.41421356  0.41421356  1.
  1.          2.41421356]
W: 3.2
num_iter: 0
[-0.74266742 -0.58952263 -0.41215471 -0.21695221  0.21696951  0.41213613
  0.58951692  0.7426744 ]
localization_length: 1.152327513211132
1.1499001699471167
num_iter: 1
[-0.74311122 -0.59102255 -0.41298189 -0.21704342  0.21704462  0.41298622
  0.59102011  0.74310814]
localization_length: 1.151843234519184
1.1523566448063591
num_iter: 2
[-0.74306139 -0.59063605 -0.41255687 -0.21576411  0.21576601  0.41255286
  0.59062822  0.74307133]
localization_length: 1.1586727799359184
1.1566698402996667
W_list: [3.2]
L_list: [1.152975551684381]
