W: 3.0
num_iter: 0
[-1.22168652 -1.22168652 -1.20928783 -1.20928783 -1.19592776 -1.19592776
 -1.18109752 -1.18109752 -1.16438328 -1.16438328 -1.14628748 -1.14628748
 -1.12696873 -1.12696873 -1.10530772 -1.10530772 -1.08228879 -1.08228879
 -1.0566365  -1.0566365  -1.02922911 -1.02922911 -1.0000146  -1.0000146
 -0.96843039 -0.96843039 -0.93505156 -0.93505156 -0.89909606 -0.89909606
 -0.86147226 -0.86147226 -0.82221379 -0.82221379 -0.78110897 -0.78110897
 -0.73886926 -0.73886926 -0.69520896 -0.69520896 -0.6502814  -0.6502814
 -0.6037382  -0.6037382  -0.5557233  -0.5557233  -0.50658252 -0.50658252
 -0.45693496 -0.45693496 -0.40621546 -0.40621546 -0.3543295  -0.3543295
 -0.30236578 -0.30236578 -0.24753907 -0.24753907 -0.19133212 -0.19133212
 -0.13191967 -0.13191967 -0.06305616 -0.06305616  0.0630565   0.0630565
  0.1319186   0.1319186   0.19133383  0.19133383  0.24754421  0.24754421
  0.30237137  0.30237137  0.35432851  0.35432851  0.40621675  0.40621675
  0.45693725  0.45693725  0.5065783   0.5065783   0.55571757  0.55571757
  0.6037419   0.6037419   0.6502915   0.6502915   0.69521047  0.69521047
  0.73887034  0.73887034  0.78111528  0.78111528  0.82221607  0.82221607
  0.86146553  0.86146553  0.89909864  0.89909864  0.93505876  0.93505876
  0.96842544  0.96842544  1.00000895  1.00000895  1.02922919  1.02922919
  1.0566361   1.0566361   1.08228798  1.08228798  1.10530839  1.10530839
  1.12696537  1.12696537  1.14627883  1.14627883  1.16437456  1.16437456
  1.18109181  1.18109181  1.19592709  1.19592709  1.20928958  1.20928958
  1.22169057  1.22169057]
localization_length: 0.4955899989394158
0.49580491337538835
W_list: [3.0]
L_list: [15.865757228012427]
