W: 3.2
num_iter: 0
[-0.84414409 -0.84414409 -0.8353443  -0.8353443  -0.82538086 -0.82538086
 -0.81453831 -0.81453831 -0.80229261 -0.80229261 -0.78911109 -0.78911109
 -0.77474755 -0.77474755 -0.75921998 -0.75921998 -0.74277192 -0.74277192
 -0.72472668 -0.72472668 -0.70608736 -0.70608736 -0.68612416 -0.68612416
 -0.66533652 -0.66533652 -0.64306896 -0.64306896 -0.61964039 -0.61964039
 -0.59545231 -0.59545231 -0.56965721 -0.56965721 -0.54238502 -0.54238502
 -0.51431582 -0.51431582 -0.48444437 -0.48444437 -0.45340862 -0.45340862
 -0.42064984 -0.42064984 -0.38659081 -0.38659081 -0.35112479 -0.35112479
 -0.31419018 -0.31419018 -0.27620573 -0.27620573 -0.23617235 -0.23617235
 -0.19548431 -0.19548431 -0.15374119 -0.15374119 -0.11084665 -0.11084665
 -0.06704166 -0.06704166 -0.01926533 -0.01926533  0.01926479  0.01926479
  0.06704839  0.06704839  0.11084851  0.11084851  0.15374212  0.15374212
  0.195475    0.195475    0.2361692   0.2361692   0.27620677  0.27620677
  0.31418937  0.31418937  0.35111759  0.35111759  0.38658549  0.38658549
  0.42065214  0.42065214  0.4534067   0.4534067   0.48444435  0.48444435
  0.51431235  0.51431235  0.54238663  0.54238663  0.56966187  0.56966187
  0.59545044  0.59545044  0.61964043  0.61964043  0.64306871  0.64306871
  0.66534259  0.66534259  0.68612412  0.68612412  0.7060901   0.7060901
  0.72473104  0.72473104  0.74278133  0.74278133  0.75922058  0.75922058
  0.77474791  0.77474791  0.78910856  0.78910856  0.80229092  0.80229092
  0.81453558  0.81453558  0.82537816  0.82537816  0.83534358  0.83534358
  0.84414572  0.84414572]
localization_length: 1.6221307127451028
1.5944107689438591
W_list: [3.2]
L_list: [51.02114460620349]
