W: 3.8
num_iter: 0
[-1.10951063 -1.10951063 -1.0966646  -1.0966646  -1.08241966 -1.08241966
 -1.06714992 -1.06714992 -1.05092832 -1.05092832 -1.03333351 -1.03333351
 -1.01465049 -1.01465049 -0.99483616 -0.99483616 -0.97373797 -0.97373797
 -0.95120347 -0.95120347 -0.92772604 -0.92772604 -0.90282633 -0.90282633
 -0.87630321 -0.87630321 -0.84859151 -0.84859151 -0.81995132 -0.81995132
 -0.78996892 -0.78996892 -0.75800408 -0.75800408 -0.72509155 -0.72509155
 -0.69059421 -0.69059421 -0.654686   -0.654686   -0.61694982 -0.61694982
 -0.5771456  -0.5771456  -0.53557081 -0.53557081 -0.49271087 -0.49271087
 -0.44690939 -0.44690939 -0.3999394  -0.3999394  -0.35082477 -0.35082477
 -0.30008327 -0.30008327 -0.24693925 -0.24693925 -0.19137852 -0.19137852
 -0.13147613 -0.13147613 -0.06283256 -0.06283256  0.06283989  0.06283989
  0.13147156  0.13147156  0.1913702   0.1913702   0.24694735  0.24694735
  0.30008048  0.30008048  0.35082441  0.35082441  0.39993616  0.39993616
  0.44690972  0.44690972  0.49270753  0.49270753  0.53556572  0.53556572
  0.57714652  0.57714652  0.61695235  0.61695235  0.65468797  0.65468797
  0.69059641  0.69059641  0.72509552  0.72509552  0.75800602  0.75800602
  0.7899642   0.7899642   0.81994686  0.81994686  0.84858161  0.84858161
  0.87630004  0.87630004  0.90282975  0.90282975  0.92772653  0.92772653
  0.95120556  0.95120556  0.97373667  0.97373667  0.99483906  0.99483906
  1.01465156  1.01465156  1.03333402  1.03333402  1.05093442  1.05093442
  1.06714656  1.06714656  1.08242931  1.08242931  1.09666472  1.09666472
  1.10950965  1.10950965]
localization_length: 0.4973535630859587
0.49665784619853154
W_list: [3.8]
L_list: [15.89305107835301]
