Norm difference: 1.0
Norm difference: 1.0
1 1
1 2
2 1
2 2
1 1
1 2
2 1
2 2
1 1
1 2
2 1
2 2
1 1
1 2
2 1
2 2
1 1
1 2
2 1
2 2
1 1
1 2
2 1
2 2
1 1
1 2
2 1
2 2
1 1
1 2
2 1
2 2
1 1
1 2
2 1
2 2
1 1
1 2
2 1
2 2
1 1
1 2
2 1
2 2
1 1
1 2
2 1
2 2
1 1
1 2
2 1
2 2
1 1
1 2
2 1
2 2
1 1
1 2
2 1
2 2
1 1
1 2
2 1
2 2
1 1
1 2
2 1
2 2
1 1
1 2
2 1
2 2
1 1
1 2
2 1
2 2
1 1
1 2
2 1
2 2
1 1 1 0.00030406165950307916
1 2 1 0.0003372101310751484
2 1 1 0.00036324964772918735
2 2 1 0.0003089939805960021
1 1 2 0.0003568848629534451
1 2 2 0.0003520600590736337
2 1 2 0.00028373916231166473
2 2 2 0.0002855036510278319
1 1 3 0.00034454500308780874
1 2 3 0.0003765245943429412
2 1 3 0.0003007055225612341
2 2 3 0.00024724197167391937
1 1 4 0.0003190276260564555
1 2 4 0.0003795853178367593
2 1 4 0.00029991496969842375
2 2 4 0.00023893870753831625
1 1 5 0.0002779482415506152
1 2 5 0.00030694557663115947
2 1 5 0.0002630112942677826
2 2 5 0.00028000348254665164
1 1 6 0.00020779458366387577
1 2 6 0.0002536421808564346
2 1 6 0.00029119543496388626
2 2 6 0.00023310295307913545
1 1 7 0.0002113420922239929
1 2 7 0.0002641590386164446
2 1 7 0.00018924669268439239
2 2 7 0.0002836673542333156
1 1 8 0.00019201859804129337
1 2 8 0.00022054523479449594
2 1 8 0.00018706461764126238
2 2 8 0.0002757417106185739
1 1 9 0.00018705021993240128
1 2 9 0.0002567037753598945
2 1 9 0.00023251134575809888
2 2 9 0.00017484219094710546
1 1 10 0.00023892065985741743
1 2 10 0.00023152233201562009
2 1 10 0.00022643371495300598
2 2 10 0.0002125602595185389
1 1 11 0.00030784071367326266
1 2 11 0.00024502915332370894
2 1 11 0.00021388655089345506
2 2 11 0.00025067124331838166
1 1 12 0.00031407947227222636
1 2 12 0.00025584392696835717
2 1 12 0.0003358787296933181
2 2 12 0.00024739422944837925
1 1 13 0.00023521874213219287
1 2 13 0.0002872503617566384
2 1 13 0.00031141444395706516
2 2 13 0.00024936896516966015
1 1 14 0.0002950835181869481
1 2 14 0.00024279041067509278
2 1 14 0.00029093883290534406
2 2 14 0.00034618828123121875
1 1 15 0.00027132809168990007
1 2 15 0.000214417848438213
2 1 15 0.0002856618400770382
2 2 15 0.00027743105076526674
1 1 16 0.0003448075196046174
1 2 16 0.0003432659624820944
2 1 16 0.000298922988020669
2 2 16 0.0002627242131130015
1 1 17 0.00032315425443401723
1 2 17 0.0003056915769223015
2 1 17 0.0002811753831339309
2 2 17 0.0003021966090985547
1 1 18 0.000351679045252563
1 2 18 0.00035045627047716206
2 1 18 0.00027873379780427704
2 2 18 0.00025289254252910856
1 1 19 0.0004125836740280237
1 2 19 0.00037779599514462127
2 1 19 0.0003681076266566489
2 2 19 0.0003537269218630348
1 1 20 0.00035686975171506243
1 2 20 0.00041178991736267624
2 1 20 0.0003993353662814889
2 2 20 0.00034509194231828564
