Norm difference: 1.0
Norm difference: 1.0
1 1
1 2
1 3
2 1
2 2
2 3
3 1
3 2
3 3
1 1
1 2
1 3
2 1
2 2
2 3
3 1
3 2
3 3
1 1
1 2
1 3
2 1
2 2
2 3
3 1
3 2
3 3
1 1
1 2
1 3
2 1
2 2
2 3
3 1
3 2
3 3
1 1
1 2
1 3
2 1
2 2
2 3
3 1
3 2
3 3
1 1
1 2
1 3
2 1
2 2
2 3
3 1
3 2
3 3
1 1
1 2
1 3
2 1
2 2
2 3
3 1
3 2
3 3
1 1
1 2
1 3
2 1
2 2
2 3
3 1
3 2
3 3
1 1
1 2
1 3
2 1
2 2
2 3
3 1
3 2
3 3
1 1
1 2
1 3
2 1
2 2
2 3
3 1
3 2
3 3
1 1
1 2
1 3
2 1
2 2
2 3
3 1
3 2
3 3
1 1
1 2
1 3
2 1
2 2
2 3
3 1
3 2
3 3
1 1
1 2
1 3
2 1
2 2
2 3
3 1
3 2
3 3
1 1
1 2
1 3
2 1
2 2
2 3
3 1
3 2
3 3
1 1
1 2
1 3
2 1
2 2
2 3
3 1
3 2
3 3
1 1
1 2
1 3
2 1
2 2
2 3
3 1
3 2
3 3
1 1
1 2
1 3
2 1
2 2
2 3
3 1
3 2
3 3
1 1
1 2
1 3
2 1
2 2
2 3
3 1
3 2
3 3
1 1
1 2
1 3
2 1
2 2
2 3
3 1
3 2
3 3
1 1
1 2
1 3
2 1
2 2
2 3
3 1
3 2
3 3
1 1 1 0.010665502233960743
1 2 1 0.007101124327389725
1 3 1 0.012695162546839037
2 1 1 0.005645450916359941
2 2 1 0.004120447535685229
2 3 1 0.00489400242534892
3 1 1 0.012881360330111651
3 2 1 0.005398829628383921
3 3 1 0.015329770205828121
1 1 2 0.008401136052394623
1 2 2 0.005229280208750794
1 3 2 0.008703242146292364
2 1 2 0.004681125400340222
2 2 2 0.0030009146329951137
2 3 2 0.005302731058956093
3 1 2 0.010066455512696502
3 2 2 0.0054995836808565245
3 3 2 0.012744766942549607
1 1 3 0.00705775875915553
1 2 3 0.005491495330530963
1 3 3 0.00745818319846705
2 1 3 0.0057249203989560805
2 2 3 0.004136887420985946
2 3 3 0.005237160105973035
3 1 3 0.01022476192604549
3 2 3 0.005624345870268248
3 3 3 0.009797115951684636
1 1 4 0.008128315379843768
1 2 4 0.0055788802563315155
1 3 4 0.005997035371417651
2 1 4 0.004502609815443405
2 2 4 0.004387273970765724
2 3 4 0.0042503416785059905
3 1 4 0.010779709797836141
3 2 4 0.007413103851833478
3 3 4 0.006222975693949186
1 1 5 0.00590791337674304
1 2 5 0.004870353821329729
1 3 5 0.005990185327330009
2 1 5 0.003716496980272763
2 2 5 0.0033095043451729254
2 3 5 0.004685100874758914
3 1 5 0.007454123039753015
3 2 5 0.004031427804746256
3 3 5 0.006185996735549945
1 1 6 0.004538579628753965
1 2 6 0.004316927037568549
1 3 6 0.005436488835253872
2 1 6 0.004838994343934868
2 2 6 0.0027005200010336537
2 3 6 0.004007894920118038
3 1 6 0.0065211812457688
3 2 6 0.004325192787675941
3 3 6 0.005838114977083907
1 1 7 0.004466745047138834
1 2 7 0.004432909499963878
1 3 7 0.005940288796220694
2 1 7 0.0036033676998070835
2 2 7 0.0036546360321614456
2 3 7 0.003447411594383673
3 1 7 0.006589888150641719
3 2 7 0.005035123152200237
3 3 7 0.006288632213444105
1 1 8 0.005118366361088452
1 2 8 0.004006016174616689
1 3 8 0.005673367523860116
2 1 8 0.0031188511333164375
2 2 8 0.003038803778018653
2 3 8 0.002968565972677654
3 1 8 0.0051634666898394
3 2 8 0.004842318879866024
3 3 8 0.00667832589607439
1 1 9 0.005051945456033434
1 2 9 0.0034543247937691797
1 3 9 0.005469652203625024
2 1 9 0.0031861173348705337
2 2 9 0.0018627386579176375
2 3 9 0.003450697732863815
3 1 9 0.005366472805070252
3 2 9 0.0035815274842488803
3 3 9 0.00603442254975947
1 1 10 0.005517676307429568
1 2 10 0.003638870678034213
1 3 10 0.005497042910029508
2 1 10 0.003284763493576132
2 2 10 0.0027112207832155045
2 3 10 0.0027218864788190827
3 1 10 0.005705124574382135
3 2 10 0.003853626226071812
3 3 10 0.005777294381900201
1 1 11 0.005233967549717529
1 2 11 0.0048166183109163395
1 3 11 0.006126053297727514
2 1 11 0.0030426833209636944
2 2 11 0.002529048290162991
2 3 11 0.0029131521017362163
3 1 11 0.006173609193816478
3 2 11 0.0050313511375071574
3 3 11 0.006282387970840314
1 1 12 0.005924954532366332
1 2 12 0.004355305966442508
1 3 12 0.005449253432854051
2 1 12 0.00376373374806461
2 2 12 0.0018436968309547622
2 3 12 0.0030586913150877854
3 1 12 0.006195619652380236
3 2 12 0.003946343557560147
3 3 12 0.005285102591304369
1 1 13 0.005345692362652772
1 2 13 0.00400657545182736
1 3 13 0.005302909378162753
2 1 13 0.0025388503304928462
2 2 13 0.0024250663247302735
2 3 13 0.0029560901639647395
3 1 13 0.006052476438858764
3 2 13 0.0037625404363513066
3 3 13 0.005755113425006685
1 1 14 0.0049658975942300865
1 2 14 0.004271741249333265
1 3 14 0.005972208805618002
2 1 14 0.002152803432151593
2 2 14 0.0017041745138166452
2 3 14 0.0027567642872062008
3 1 14 0.00529348224835124
3 2 14 0.004678290594317888
3 3 14 0.005013586467016194
1 1 15 0.004223240346564157
1 2 15 0.004602035570926658
1 3 15 0.004233042027711488
2 1 15 0.002021315033150201
2 2 15 0.0013753787221009687
2 3 15 0.002355042901465451
3 1 15 0.005386543410599085
3 2 15 0.005207620908773818
3 3 15 0.004751618275546957
1 1 16 0.004471541232489848
1 2 16 0.004228639962518117
1 3 16 0.005009019551666346
2 1 16 0.0023309754129727696
2 2 16 0.0017483011207655684
2 3 16 0.002489703347495749
3 1 16 0.00542396585538008
3 2 16 0.0037827641420957537
3 3 16 0.004989041328565096
1 1 17 0.004515487788955247
1 2 17 0.003776701710655292
1 3 17 0.00463728760023908
2 1 17 0.001950714160794358
2 2 17 0.001511745228834169
2 3 17 0.0024208706921536776
3 1 17 0.004983566357974737
3 2 17 0.003970523297766962
3 3 17 0.005220222235554476
1 1 18 0.004140753044100551
1 2 18 0.0047692394023353445
1 3 18 0.004344775670861092
2 1 18 0.0018809510546371282
2 2 18 0.0018707011285037322
2 3 18 0.0022712024281192752
3 1 18 0.0043465860739463355
3 2 18 0.004509627343858144
3 3 18 0.004577591789193836
1 1 19 0.003495985203658397
1 2 19 0.004148239676068363
1 3 19 0.004109076569042128
2 1 19 0.0019914326217761492
2 2 19 0.0019413658597633172
2 3 19 0.002096849300257117
3 1 19 0.0033896415502494234
3 2 19 0.004470965879301504
3 3 19 0.004240662918849855
1 1 20 0.0036733512426060317
1 2 20 0.004449117085792776
1 3 20 0.005329842503317488
2 1 20 0.00184084207930215
2 2 20 0.0018910209063194646
2 3 20 0.002106542071462994
3 1 20 0.0039553680713814215
3 2 20 0.004137554325542035
3 3 20 0.0052005514452728675
