W: 3.8
num_iter: 0
[-0.93424517 -0.93424517 -0.88390456 -0.88390456 -0.81614792 -0.81614792
 -0.72987321 -0.72987321 -0.62198143 -0.62198143 -0.48807035 -0.48807035
 -0.32426651 -0.32426651 -0.11215551 -0.11215551  0.1121547   0.1121547
  0.32426373  0.32426373  0.48806669  0.48806669  0.62198019  0.62198019
  0.72988313  0.72988313  0.81615053  0.81615053  0.88389791  0.88389791
  0.93424779  0.93424779]
localization_length: 1.1145320087306716
1.1223078315730275
W_list: [3.8]
L_list: [8.97846265258422]
