[-2.41421356 -1.         -1.         -0.41421356  0.41421356  1.
  1.          2.41421356]
W: 3.0
num_iter: 0
[-0.70393155 -0.55248202 -0.37820986 -0.1966456   0.19664312  0.37821341
  0.5524734   0.70393912]
localization_length: 1.271338683208636
1.26881987511183
num_iter: 1
[-0.70495452 -0.55193834 -0.37766294 -0.19725178  0.19725337  0.37766261
  0.55193706  0.70495454]
localization_length: 1.2674156915301236
1.2690200520244082
num_iter: 2
[-0.70494353 -0.55332887 -0.37854392 -0.19646899  0.19648131  0.37853287
  0.55333091  0.70494023]
localization_length: 1.2724654453557624
1.2804862899315674
W_list: [3.0]
L_list: [1.2727754056892686]
[-2.41421356 -1.         -1.         -0.41421356  0.41421356  1.
  1.          2.41421356]
W: 3.0
num_iter: 0
[-0.70413394 -0.55226094 -0.37894264 -0.1965831   0.19658102  0.37894621
  0.55227394  0.70411946]
localization_length: 1.2717402542759966
1.2735090744146622
num_iter: 1
[-0.70426245 -0.55196545 -0.37949983 -0.19642493  0.19642683  0.37949973
  0.55196518  0.70426091]
localization_length: 1.2727508602386672
1.2717250643022349
num_iter: 2
[-0.70496758 -0.55105945 -0.37866632 -0.19494237  0.19494405  0.37867121
  0.55105243  0.70496803]
localization_length: 1.2824303016264804
1.279773744906977
W_list: [3.0]
L_list: [1.2750026278746247]
