W: 2.2
num_iter: 0
[-0.66800595 -0.66800595 -0.660883   -0.660883   -0.6519817  -0.6519817
 -0.64199849 -0.64199849 -0.63074908 -0.63074908 -0.61868184 -0.61868184
 -0.60550601 -0.60550601 -0.59119426 -0.59119426 -0.57611148 -0.57611148
 -0.56014818 -0.56014818 -0.54337473 -0.54337473 -0.52591822 -0.52591822
 -0.5074713  -0.5074713  -0.48850626 -0.48850626 -0.46833381 -0.46833381
 -0.44777781 -0.44777781 -0.42594729 -0.42594729 -0.40327204 -0.40327204
 -0.38010719 -0.38010719 -0.35560571 -0.35560571 -0.33013715 -0.33013715
 -0.30419576 -0.30419576 -0.27673509 -0.27673509 -0.24858054 -0.24858054
 -0.21944723 -0.21944723 -0.19010784 -0.19010784 -0.15998072 -0.15998072
 -0.1292066  -0.1292066  -0.09863325 -0.09863325 -0.06803614 -0.06803614
 -0.03775465 -0.03775465 -0.00775107 -0.00775107  0.00775125  0.00775125
  0.03775589  0.03775589  0.06803954  0.06803954  0.09863326  0.09863326
  0.12920756  0.12920756  0.15998038  0.15998038  0.1901068   0.1901068
  0.21944721  0.21944721  0.24858448  0.24858448  0.27673653  0.27673653
  0.3042      0.3042      0.33013438  0.33013438  0.35561539  0.35561539
  0.38010096  0.38010096  0.40327166  0.40327166  0.42594585  0.42594585
  0.44777349  0.44777349  0.46833583  0.46833583  0.48850154  0.48850154
  0.50746922  0.50746922  0.52591484  0.52591484  0.54337419  0.54337419
  0.56015012  0.56015012  0.57610857  0.57610857  0.59119826  0.59119826
  0.60550421  0.60550421  0.61868193  0.61868193  0.63074961  0.63074961
  0.64200238  0.64200238  0.6519783   0.6519783   0.66088102  0.66088102
  0.66800573  0.66800573]
localization_length: 4.031703185709176
3.981942103672786
W_list: [2.2]
L_list: [127.42214731752915]
