[-2.41421356 -1.         -1.         -0.41421356  0.41421356  1.
  1.          2.41421356]
W: 4.0
num_iter: 0
[-0.88905171 -0.73777472 -0.5453286  -0.30884521  0.30884887  0.54532551
  0.7377832   0.88904267]
localization_length: 0.809466971123148
0.8136536035882447
num_iter: 1
[-0.88893539 -0.73856754 -0.54551873 -0.30735333  0.30735238  0.54552535
  0.73856131  0.88893594]
localization_length: 0.8133986078216211
0.8136575937254327
num_iter: 2
[-0.8896746  -0.73814493 -0.54481346 -0.30931067  0.30930842  0.54481692
  0.7381433   0.88967502]
localization_length: 0.8082547389370733
0.8051315142333603
W_list: [4.0]
L_list: [0.8108142371823459]
[-2.41421356 -1.         -1.         -0.41421356  0.41421356  1.
  1.          2.41421356]
W: 4.0
num_iter: 0
[-0.88883531 -0.73755706 -0.54512563 -0.30646957  0.3064625   0.54512987
  0.73756047  0.88883474]
localization_length: 0.8157605058054807
0.8125389122644207
num_iter: 1
[-0.88924542 -0.73722104 -0.54471442 -0.30547158  0.30547516  0.54471491
  0.7372199   0.88924249]
localization_length: 0.818406753343699
0.8188991686167184
num_iter: 2
[-0.88877925 -0.73709553 -0.5448283  -0.3066412   0.30664584  0.5448255
  0.73708166  0.88879127]
localization_length: 0.8152851042991343
0.8138465331515212
W_list: [4.0]
L_list: [0.8150948713442201]
