W: 1.0
num_iter: 0
[-1.12438501 -1.12438501 -1.10905115 -1.10905115 -1.08800001 -1.08800001
 -1.06056613 -1.06056613 -1.02480834 -1.02480834 -0.97859787 -0.97859787
 -0.91977399 -0.91977399 -0.84432116 -0.84432116 -0.74848005 -0.74848005
 -0.62981911 -0.62981911 -0.49756262 -0.49756262 -0.36893787 -0.36893787
 -0.26185053 -0.26185053 -0.17392781 -0.17392781 -0.09577306 -0.09577306
 -0.02048943 -0.02048943  0.0204892   0.0204892   0.09576676  0.09576676
  0.17392708  0.17392708  0.26185524  0.26185524  0.36894828  0.36894828
  0.49756377  0.49756377  0.62981937  0.62981937  0.74847952  0.74847952
  0.84432316  0.84432316  0.91976951  0.91976951  0.9785955   0.9785955
  1.02481001  1.02481001  1.06056525  1.06056525  1.08799257  1.08799257
  1.10905191  1.10905191  1.12438703  1.12438703]
localization_length: 3.0503880680754283
3.0615451018788904
W_list: [1.0]
L_list: [48.984721630062246]
