W: 4.0
num_iter: 0
[-0.96685499 -0.96685499 -0.91655044 -0.91655044 -0.84868585 -0.84868585
 -0.76217725 -0.76217725 -0.6531043  -0.6531043  -0.51847745 -0.51847745
 -0.34897168 -0.34897168 -0.12929945 -0.12929945  0.12929634  0.12929634
  0.34897546  0.34897546  0.51848283  0.51848283  0.65310517  0.65310517
  0.76217518  0.76217518  0.84868351  0.84868351  0.91654504  0.91654504
  0.96685789  0.96685789]
localization_length: 0.9667713845724194
0.9623207027174564
W_list: [4.0]
L_list: [7.698565621739651]
