[-2.41421356 -1.         -1.         -0.41421356  0.41421356  1.
  1.          2.41421356]
W: 1.5999999999999999
num_iter: 0
[-0.40130769 -0.33824083 -0.2780832  -0.22661739 -0.177627   -0.13105349
 -0.08732979 -0.04282095  0.04282101  0.08733063  0.13105179  0.17762162
  0.2266235   0.27807716  0.33824484  0.4013098 ]
localization_length: 2.919132126421006
2.888942547864297
W_list: [1.5999999999999999]
L_list: [2.888942547864297]
[-2.41421356 -1.         -1.         -0.41421356  0.41421356  1.
  1.          2.41421356]
W: 1.5999999999999999
num_iter: 0
[-0.40183532 -0.33761782 -0.27766055 -0.22595953 -0.17634138 -0.13119967
 -0.08675653 -0.04402506  0.04401961  0.08676007  0.1311923   0.17634747
  0.2259345   0.27768181  0.33762288  0.40183724]
localization_length: 2.839643757497453
2.909068589841055
W_list: [1.5999999999999999]
L_list: [2.909068589841055]
