Norm difference: 1.0
Norm difference: 1.0
1 1
1 2
2 1
2 2
1 1
1 2
2 1
2 2
1 1
1 2
2 1
2 2
1 1
1 2
2 1
2 2
1 1
1 2
2 1
2 2
1 1
1 2
2 1
2 2
1 1
1 2
2 1
2 2
1 1
1 2
2 1
2 2
1 1
1 2
2 1
2 2
1 1
1 2
2 1
2 2
1 1
1 2
2 1
2 2
1 1
1 2
2 1
2 2
1 1
1 2
2 1
2 2
1 1
1 2
2 1
2 2
1 1
1 2
2 1
2 2
1 1
1 2
2 1
2 2
1 1
1 2
2 1
2 2
1 1
1 2
2 1
2 2
1 1
1 2
2 1
2 2
1 1
1 2
2 1
2 2
1 1 1 0.010916216804154126
1 2 1 0.013264752886966847
2 1 1 0.011204325578714083
2 2 1 0.010093054598301673
1 1 2 0.012222005505122431
1 2 2 0.011053255557769537
2 1 2 0.010886496933694837
2 2 2 0.00861611802031457
1 1 3 0.009703657780888091
1 2 3 0.009823714234520962
2 1 3 0.00981812486587721
2 2 3 0.007244746770652953
1 1 4 0.009297078961367007
1 2 4 0.008188152507619915
2 1 4 0.010039952155768956
2 2 4 0.007752528902084069
1 1 5 0.00787739647029094
1 2 5 0.006340407207048178
2 1 5 0.006966978002135765
2 2 5 0.00860378986368375
1 1 6 0.008946513130016294
1 2 6 0.007010829172217549
2 1 6 0.008365959369517518
2 2 6 0.006782675451693589
1 1 7 0.008033553832980773
1 2 7 0.006168158933142128
2 1 7 0.006850002297121007
2 2 7 0.004788922654409624
1 1 8 0.005124586714659233
1 2 8 0.006841650038728083
2 1 8 0.00551366717037792
2 2 8 0.0048072854825794145
1 1 9 0.0041412753513317534
1 2 9 0.004095579913223805
2 1 9 0.004620521409017665
2 2 9 0.004201236316522693
1 1 10 0.004568836595747514
1 2 10 0.0032860659945521654
2 1 10 0.0037555032822071044
2 2 10 0.0048015633477147745
1 1 11 0.0034086293476142996
1 2 11 0.0034189128599492113
2 1 11 0.0033161529060940645
2 2 11 0.0032654320298466516
1 1 12 0.00348902400388357
1 2 12 0.0028306122228480566
2 1 12 0.003366118060067317
2 2 12 0.0020502293949762355
1 1 13 0.00244516232212342
1 2 13 0.0029402605344580014
2 1 13 0.0025991630948272483
2 2 13 0.001993692994841183
1 1 14 0.001980129405052787
1 2 14 0.0023718003197583755
2 1 14 0.0034500655604908087
2 2 14 0.002103970638428893
1 1 15 0.0016475655901310438
1 2 15 0.0021917194412782513
2 1 15 0.0017808591884681175
2 2 15 0.002595915668828888
1 1 16 0.0014235834376713312
1 2 16 0.0015508797690693787
2 1 16 0.0013500408967958674
2 2 16 0.0020192223020916293
1 1 17 0.0016319339365215208
1 2 17 0.0011798949783997316
2 1 17 0.0010883901479327995
2 2 17 0.001291154951386941
1 1 18 0.0014637777473825583
1 2 18 0.001165074744795487
2 1 18 0.0012170378903037869
2 2 18 0.0011640859734470077
1 1 19 0.0014801895592442015
1 2 19 0.0013308582245824827
2 1 19 0.001567959231656842
2 2 19 0.0011701095816389609
1 1 20 0.0014751233801661105
1 2 20 0.001253328154407525
2 1 20 0.0012389251175961128
2 2 20 0.0010272187496728976
