C_list:
0.0005994019582422031 0.2044725598432024
C_list:
0.0005990404560726008 0.2397021816142126
C_list:
0.0006504520175131927 0.2514758760847809
C_list:
0.0006797736920209479 0.27560311589212366
C_list:
0.000669060372534431 0.2723933861128421
C_list:
0.0006129896995462547 0.28698645691436314
ndim2: 60
W_list: [2.3, 2.4, 2.5, 2.5999999999999996, 2.6999999999999997, 2.8]
L_list: [4.890631783388633, 4.171843548797752, 3.9765245699466885, 3.6284060024612317, 3.6711610890058046, 3.484484984942688]
C_list:
0.0005706680609441631 0.15192454511781958
C_list:
0.0005384786761447369 0.16846268502496434
C_list:
0.000562802602598316 0.1796967242927496
C_list:
0.0005616176897799046 0.19616761341536826
C_list:
0.0005335932405712119 0.20408926288315213
C_list:
0.0006277314565747944 0.22479510616008677
ndim2: 60
W_list: [2.3, 2.4, 2.5, 2.5999999999999996, 2.6999999999999997, 2.8]
L_list: [6.58221487004938, 5.9360326582222696, 5.564931714452783, 5.097681429617971, 4.899816805024835, 4.448495419147847]
C_list:
0.0005276153537972218 0.1273405225853421
C_list:
0.0005106402938242092 0.14580686923224773
C_list:
0.0005000386012595412 0.15229175386024973
C_list:
0.0005597374479766186 0.16815470744343244
C_list:
0.0005080840621528517 0.17790722564658143
C_list:
0.0005168458947167188 0.19133283662784137
ndim2: 60
W_list: [2.3, 2.4, 2.5, 2.5999999999999996, 2.6999999999999997, 2.8]
L_list: [7.852959762512455, 6.8583874358289325, 6.566343709703733, 5.946904580928261, 5.620907168697762, 5.226494404330006]
