Norm difference: 1.0
Norm difference: 1.0
1 1
1 2
1 3
2 1
2 2
2 3
3 1
3 2
3 3
1 1
1 2
1 3
2 1
2 2
2 3
3 1
3 2
3 3
1 1
1 2
1 3
2 1
2 2
2 3
3 1
3 2
3 3
1 1
1 2
1 3
2 1
2 2
2 3
3 1
3 2
3 3
1 1
1 2
1 3
2 1
2 2
2 3
3 1
3 2
3 3
1 1
1 2
1 3
2 1
2 2
2 3
3 1
3 2
3 3
1 1
1 2
1 3
2 1
2 2
2 3
3 1
3 2
3 3
1 1
1 2
1 3
2 1
2 2
2 3
3 1
3 2
3 3
1 1
1 2
1 3
2 1
2 2
2 3
3 1
3 2
3 3
1 1
1 2
1 3
2 1
2 2
2 3
3 1
3 2
3 3
1 1
1 2
1 3
2 1
2 2
2 3
3 1
3 2
3 3
1 1
1 2
1 3
2 1
2 2
2 3
3 1
3 2
3 3
1 1
1 2
1 3
2 1
2 2
2 3
3 1
3 2
3 3
1 1
1 2
1 3
2 1
2 2
2 3
3 1
3 2
3 3
1 1
1 2
1 3
2 1
2 2
2 3
3 1
3 2
3 3
1 1
1 2
1 3
2 1
2 2
2 3
3 1
3 2
3 3
1 1
1 2
1 3
2 1
2 2
2 3
3 1
3 2
3 3
1 1
1 2
1 3
2 1
2 2
2 3
3 1
3 2
3 3
1 1
1 2
1 3
2 1
2 2
2 3
3 1
3 2
3 3
1 1
1 2
1 3
2 1
2 2
2 3
3 1
3 2
3 3
1 1 1 0.006416618446047026
1 2 1 0.005665176234035593
1 3 1 0.0061226138223005756
2 1 1 0.004720775311861038
2 2 1 0.0035810008862262183
2 3 1 0.004329411283722328
3 1 1 0.005245411994986065
3 2 1 0.00366538297321002
3 3 1 0.005634403068370879
1 1 2 0.005789262297182915
1 2 2 0.002945381015270539
1 3 2 0.004818038432023352
2 1 2 0.005189609326446608
2 2 2 0.003989732574689651
2 3 2 0.004253953484400525
3 1 2 0.0037811613193711444
3 2 2 0.004529001101198915
3 3 2 0.005346362903030237
1 1 3 0.006280847535543454
1 2 3 0.004639369417293775
1 3 3 0.006516438762331817
2 1 3 0.003933216533917703
2 2 3 0.003092203686026759
2 3 3 0.0033827503552887562
3 1 3 0.0062358705407734106
3 2 3 0.0035009404409750223
3 3 3 0.006169716714117955
1 1 4 0.004388670444658325
1 2 4 0.006258328879388353
1 3 4 0.005413619664985251
2 1 4 0.00405116362772661
2 2 4 0.00472341372381826
2 3 4 0.0028921115883832407
3 1 4 0.006308441295228323
3 2 4 0.004848776818209772
3 3 4 0.004036881152908555
1 1 5 0.0034990909621305717
1 2 5 0.003862612680547764
1 3 5 0.005144153418716204
2 1 5 0.002791524630878607
2 2 5 0.0023817517836901836
2 3 5 0.003551632708173659
3 1 5 0.003829404201030556
3 2 5 0.0026199139038452614
3 3 5 0.004294463119442338
1 1 6 0.003729599309370015
1 2 6 0.004135618411614516
1 3 6 0.005132110754080144
2 1 6 0.003330492783430015
2 2 6 0.0038241875966159742
2 3 6 0.003424869058467634
3 1 6 0.004888413525324623
3 2 6 0.004423235987862367
3 3 6 0.005301128164089103
1 1 7 0.004938759399323189
1 2 7 0.004688247227951902
1 3 7 0.004014821044261806
2 1 7 0.0023403833662664223
2 2 7 0.0023568511246721503
2 3 7 0.002915390628119277
3 1 7 0.004180451772325731
3 2 7 0.004588814613260034
3 3 7 0.003283452985765008
1 1 8 0.004701749921755529
1 2 8 0.0037940253328462943
1 3 8 0.0033601744406537735
2 1 8 0.0027498446333826558
2 2 8 0.0039164386912759665
2 3 8 0.003028362133604605
3 1 8 0.004601217307876831
3 2 8 0.004918134751745104
3 3 8 0.0036857721433365192
1 1 9 0.004379251696062767
1 2 9 0.004669749763671878
1 3 9 0.004260898628966163
2 1 9 0.003890940617852389
2 2 9 0.0032155427682687894
2 3 9 0.0030554546749991403
3 1 9 0.004162615279049216
3 2 9 0.004085197377515141
3 3 9 0.004128283423822264
1 1 10 0.0034600690505855415
1 2 10 0.004754949004531317
1 3 10 0.005034348118679597
2 1 10 0.003240555009167696
2 2 10 0.003937284391072432
2 3 10 0.0023688342588838807
3 1 10 0.003430739915070536
3 2 10 0.005487565808904066
3 3 10 0.003942486270942213
1 1 11 0.0035507790920622914
1 2 11 0.004187240574374
1 3 11 0.00384993411458705
2 1 11 0.003258344681649132
2 2 11 0.0032343722426905292
2 3 11 0.003391449382983683
3 1 11 0.004808702344849372
3 2 11 0.0051085795989225715
3 3 11 0.004706036661512444
1 1 12 0.0037630064956745172
1 2 12 0.0055451412649755675
1 3 12 0.004101684813534496
2 1 12 0.0024455838708662804
2 2 12 0.0030228044046342975
2 3 12 0.0030540297252048187
3 1 12 0.0035538858256559335
3 2 12 0.005450681581063981
3 3 12 0.003902413704442076
1 1 13 0.004063502391871669
1 2 13 0.00441831568029717
1 3 13 0.003476949881089782
2 1 13 0.0034111679775012263
2 2 13 0.0038797113407166906
2 3 13 0.003227807921170353
3 1 13 0.004773478919420846
3 2 13 0.005842366279625596
3 3 13 0.006301692003545462
1 1 14 0.0044490005073849846
1 2 14 0.005574513536664069
1 3 14 0.0042821876247876684
2 1 14 0.002479046285423716
2 2 14 0.0035606974627605836
2 3 14 0.0021270919993510466
3 1 14 0.0038061614925025537
3 2 14 0.0047366395371883484
3 3 14 0.0044092028640010964
1 1 15 0.004216603532529851
1 2 15 0.005297354168919141
1 3 15 0.004651315058124236
2 1 15 0.003490310803912694
2 2 15 0.004535215176130097
2 3 15 0.004093319929072019
3 1 15 0.005171498717462151
3 2 15 0.00701050638714885
3 3 15 0.006475854478087335
1 1 16 0.004874632417775903
1 2 16 0.006526591738593805
1 3 16 0.00595175544395731
2 1 16 0.00325492192568188
2 2 16 0.004591976518185589
2 3 16 0.003048358543662799
3 1 16 0.003948775226965594
3 2 16 0.006161712103359819
3 3 16 0.005659945312006085
1 1 17 0.004604623997776303
1 2 17 0.00531357665334529
1 3 17 0.004823707315404926
2 1 17 0.0037332695369654604
2 2 17 0.004804269489997778
2 3 17 0.004459739711507196
3 1 17 0.005715639894741606
3 2 17 0.006926682309458439
3 3 17 0.005406775262325766
1 1 18 0.004338157687654375
1 2 18 0.006213264603258331
1 3 18 0.004309529495163066
2 1 18 0.004276106081147845
2 2 18 0.004919549229469531
2 3 18 0.003427374149055972
3 1 18 0.005207678283103272
3 2 18 0.008150202887360037
3 3 18 0.0051145286979832096
1 1 19 0.005107580018114865
1 2 19 0.00584966443323393
1 3 19 0.0027053735391224395
2 1 19 0.004494939259247733
2 2 19 0.004481111891683055
2 3 19 0.0033940307242787083
3 1 19 0.007925599224154891
3 2 19 0.007124233990466923
3 3 19 0.005636031648668225
1 1 20 0.0059032645557271154
1 2 20 0.006020956791181405
1 3 20 0.003335052846626466
2 1 20 0.00425007685609228
2 2 20 0.004460039280137591
2 3 20 0.002983393904078118
3 1 20 0.007833310876790196
3 2 20 0.007009737384067733
3 3 20 0.0054482603218465415
