[-2.41421356 -1.         -1.         -0.41421356  0.41421356  1.
  1.          2.41421356]
W: 1.5999999999999999
num_iter: 0
[-0.41511995 -0.27960813 -0.16357259 -0.07628607  0.07627994  0.16357882
  0.2795925   0.41513548]
localization_length: 3.2774018477317535
3.2822240511536824
num_iter: 1
[-0.41486111 -0.27974715 -0.16364592 -0.07574649  0.07574165  0.16365139
  0.27975551  0.41485212]
localization_length: 3.300693793189014
3.305169833559742
num_iter: 2
[-0.41444282 -0.27943823 -0.16304105 -0.0757141   0.07572147  0.16302812
  0.27943649  0.41445013]
localization_length: 3.3018946765448662
3.334129290791952
W_list: [1.5999999999999999]
L_list: [3.307174391835126]
[-2.41421356 -1.         -1.         -0.41421356  0.41421356  1.
  1.          2.41421356]
W: 1.5999999999999999
num_iter: 0
[-0.41497355 -0.27936178 -0.16231635 -0.07599753  0.07599589  0.1623204
  0.27935749  0.41497544]
localization_length: 3.289651618975276
3.254688625068761
num_iter: 1
[-0.41480261 -0.2792739  -0.16285425 -0.07570866  0.07570435  0.16285654
  0.27927471  0.41480382]
localization_length: 3.3023200711904663
3.2580185863137228
num_iter: 2
[-0.4154289  -0.27993217 -0.16342875 -0.07584954  0.07584701  0.163433
  0.27993226  0.41542708]
localization_length: 3.2961087829075715
3.257666389372741
W_list: [1.5999999999999999]
L_list: [3.256791200251742]
