W: 4.0
num_iter: 0
[-0.96730472 -0.96730472 -0.91661867 -0.91661867 -0.84875716 -0.84875716
 -0.76196075 -0.76196075 -0.65303014 -0.65303014 -0.51707417 -0.51707417
 -0.34703086 -0.34703086 -0.12813065 -0.12813065  0.12812962  0.12812962
  0.34703205  0.34703205  0.51707552  0.51707552  0.65302284  0.65302284
  0.76196416  0.76196416  0.84875661  0.84875661  0.9166197   0.9166197
  0.96730664  0.96730664]
localization_length: 0.975574549230588
0.9728056894736151
W_list: [4.0]
L_list: [7.782445515788921]
