[-2.41421356 -1.         -1.         -0.41421356  0.41421356  1.
  1.          2.41421356]
W: 3.8000000000000003
num_iter: 0
[-0.89072437 -0.86416363 -0.83456751 -0.80249037 -0.76893478 -0.73160446
 -0.69127004 -0.64831399 -0.60272308 -0.55356996 -0.50031796 -0.44280883
 -0.38143979 -0.31334975 -0.23588853 -0.14164782  0.14164481  0.2358894
  0.31334179  0.38144639  0.44280438  0.50030669  0.55357781  0.60271335
  0.64833207  0.6912655   0.73161444  0.76894131  0.80248391  0.83456962
  0.86416956  0.89071386]
localization_length: 0.44124454086868664
0.44406078723782744
W_list: [3.8000000000000003]
L_list: [0.44406078723782744]
[-2.41421356 -1.         -1.         -0.41421356  0.41421356  1.
  1.          2.41421356]
W: 3.8000000000000003
num_iter: 0
[-0.89053018 -0.863804   -0.83450016 -0.80331099 -0.76912202 -0.731758
 -0.69169323 -0.64879921 -0.60309512 -0.55355231 -0.50077166 -0.44235466
 -0.38102945 -0.31176573 -0.23599436 -0.14217534  0.14218061  0.23599882
  0.31176218  0.38103222  0.44233994  0.50076791  0.55356123  0.60309575
  0.6487981   0.69171545  0.73173893  0.7691171   0.80330819  0.83450636
  0.86380324  0.89053037]
localization_length: 0.4395980381226867
0.4390985279041699
W_list: [3.8000000000000003]
L_list: [0.4390985279041699]
