W: 4.2
num_iter: 0
[-1.13696862 -1.13696862 -1.07267943 -1.07267943 -0.9892629  -0.9892629
 -0.88631963 -0.88631963 -0.76117182 -0.76117182 -0.60822274 -0.60822274
 -0.42072729 -0.42072729 -0.17798338 -0.17798338  0.17798391  0.17798391
  0.42072405  0.42072405  0.608224    0.608224    0.76117203  0.76117203
  0.88632284  0.88632284  0.9892608   0.9892608   1.07267778  1.07267778
  1.13697042  1.13697042]
localization_length: 0.7023127688933206
0.6991053219648042
W_list: [4.2]
L_list: [5.592842575718434]
