Norm difference: 1.0
Norm difference: 1.0
1 1
1 2
2 1
2 2
1 1
1 2
2 1
2 2
1 1
1 2
2 1
2 2
1 1
1 2
2 1
2 2
1 1
1 2
2 1
2 2
1 1
1 2
2 1
2 2
1 1
1 2
2 1
2 2
1 1
1 2
2 1
2 2
1 1
1 2
2 1
2 2
1 1
1 2
2 1
2 2
1 1
1 2
2 1
2 2
1 1
1 2
2 1
2 2
1 1
1 2
2 1
2 2
1 1
1 2
2 1
2 2
1 1
1 2
2 1
2 2
1 1
1 2
2 1
2 2
1 1
1 2
2 1
2 2
1 1
1 2
2 1
2 2
1 1
1 2
2 1
2 2
1 1
1 2
2 1
2 2
1 1 1 0.009775417896642316
1 2 1 0.012052719884567312
2 1 1 0.009430214606478318
2 2 1 0.011997784968158242
1 1 2 0.007594747728067797
1 2 2 0.013178868882746286
2 1 2 0.0140253618913929
2 2 2 0.01788892090163725
1 1 3 0.008126860865993693
1 2 3 0.012100674521911667
2 1 3 0.012005657517393603
2 2 3 0.01184624884518374
1 1 4 0.008028664401054496
1 2 4 0.01045652786288708
2 1 4 0.01200063288442878
2 2 4 0.013608037259075645
1 1 5 0.008627435843021815
1 2 5 0.011704035392150227
2 1 5 0.01042399666593032
2 2 5 0.01352988518712959
1 1 6 0.008588404641737723
1 2 6 0.00985336580328083
2 1 6 0.009203128940665295
2 2 6 0.01040170980986366
1 1 7 0.008437497523975398
1 2 7 0.011529752646212223
2 1 7 0.010202650386235237
2 2 7 0.010864550523679592
1 1 8 0.008751424361085065
1 2 8 0.008447770572717863
2 1 8 0.006954876643597322
2 2 8 0.009188004404542208
1 1 9 0.007335404471526403
1 2 9 0.008656821748115795
2 1 9 0.007768872833499571
2 2 9 0.011378889461127292
1 1 10 0.005257071286954696
1 2 10 0.006181656554671466
2 1 10 0.0051204403384340225
2 2 10 0.0087052495902591
1 1 11 0.0059944845663120255
1 2 11 0.006057131769277623
2 1 11 0.008347985907417395
2 2 11 0.0073265932422916765
1 1 12 0.004294370599017901
1 2 12 0.0053767623970225244
2 1 12 0.00649307223647877
2 2 12 0.004920981066970717
1 1 13 0.005884003171517635
1 2 13 0.004973488277084511
2 1 13 0.00567956432780835
2 2 13 0.004706731615938945
1 1 14 0.0046593399316711805
1 2 14 0.004535957278699353
2 1 14 0.004606510581251201
2 2 14 0.005011645421480524
1 1 15 0.004187016990997149
1 2 15 0.003506303136399367
2 1 15 0.0037772384344325906
2 2 15 0.0026444189061381198
1 1 16 0.003448598073192071
1 2 16 0.0025053335107147
2 1 16 0.003605969783941661
2 2 16 0.0020226283139409
1 1 17 0.002378621270664732
1 2 17 0.0020731904688465605
2 1 17 0.0019919167045468365
2 2 17 0.0024972319680409915
1 1 18 0.002258697029075488
1 2 18 0.002236233875898047
2 1 18 0.0025586341255652194
2 2 18 0.002164469446331883
1 1 19 0.0018648769037809688
1 2 19 0.0016421338333544664
2 1 19 0.0016687932972777192
2 2 19 0.002105716471778672
1 1 20 0.0019686292516671077
1 2 20 0.0015764094087967427
2 1 20 0.002031514416432051
2 2 20 0.0012544258042521948
