W: 2.8
num_iter: 0
[-1.20418449 -1.20418449 -1.17837484 -1.17837484 -1.1461466  -1.1461466
 -1.10751835 -1.10751835 -1.06134896 -1.06134896 -1.00673867 -1.00673867
 -0.94275643 -0.94275643 -0.86975488 -0.86975488 -0.78860987 -0.78860987
 -0.70104318 -0.70104318 -0.60829102 -0.60829102 -0.51117761 -0.51117761
 -0.41279686 -0.41279686 -0.30968554 -0.30968554 -0.20329413 -0.20329413
 -0.08001882 -0.08001882  0.08002078  0.08002078  0.20329033  0.20329033
  0.30968544  0.30968544  0.41279877  0.41279877  0.51117611  0.51117611
  0.60829344  0.60829344  0.7010466   0.7010466   0.7886128   0.7886128
  0.86975133  0.86975133  0.94275661  0.94275661  1.00673856  1.00673856
  1.06133867  1.06133867  1.10752112  1.10752112  1.14614674  1.14614674
  1.17837414  1.17837414  1.20418881  1.20418881]
localization_length: 0.7810662590862967
0.7809001652810781
W_list: [2.8]
L_list: [12.49440264449725]
