[-0.23606798 -0.20857821 -0.20857821 -0.20857821 -0.20857821 -0.18662975
 -0.18662975 -0.18662975 -0.18662975 -0.16227766 -0.16227766 -0.16227766
 -0.16227766 -0.14849397 -0.14849397 -0.14849397 -0.14849397 -0.14849397
 -0.14849397 -0.14849397 -0.14849397 -0.13250787 -0.13250787 -0.13250787
 -0.13250787 -0.12310563 -0.12310563 -0.12310563 -0.12310563 -0.12310563
 -0.12310563 -0.12310563 -0.12310563 -0.12310563 -0.12310563 -0.12310563
 -0.12310563 -0.12310563 -0.12310563 -0.11493302 -0.11493302 -0.11493302
 -0.11493302 -0.10505014 -0.10505014 -0.10505014 -0.10505014 -0.10505014
 -0.10505014 -0.10505014 -0.10505014 -0.09901951 -0.09901951 -0.09901951
 -0.09901951 -0.09157507 -0.09157507 -0.09157507 -0.09157507 -0.08694774
 -0.08694774 -0.08694774 -0.08694774 -0.08276253  4.23606798  4.79436465
  4.79436465  4.79436465  4.79436465  5.35820262  5.35820262  5.35820262
  5.35820262  6.16227766  6.16227766  6.16227766  6.16227766  6.7342804
  6.7342804   6.7342804   6.7342804   6.7342804   6.7342804   6.7342804
  6.7342804   7.54672143  7.54672143  7.54672143  7.54672143  8.12310563
  8.12310563  8.12310563  8.12310563  8.12310563  8.12310563  8.12310563
  8.12310563  8.12310563  8.12310563  8.12310563  8.12310563  8.12310563
  8.12310563  8.70071946  8.70071946  8.70071946  8.70071946  9.5192637
  9.5192637   9.5192637   9.5192637   9.5192637   9.5192637   9.5192637
  9.5192637  10.09901951 10.09901951 10.09901951 10.09901951 10.9200022
 10.9200022  10.9200022  10.9200022  11.5011613  11.5011613  11.5011613
 11.5011613  12.08276253]
W: 4
num_iter: 0
EF_list: [8.0]
L_list: [0.9754721707843399]
