W: 3.8
num_iter: 0
[-1.10217658 -1.10217658 -1.07479727 -1.07479727 -1.04201222 -1.04201222
 -1.00479001 -1.00479001 -0.96240698 -0.96240698 -0.91492005 -0.91492005
 -0.862735   -0.862735   -0.80521075 -0.80521075 -0.74193745 -0.74193745
 -0.67264546 -0.67264546 -0.59715184 -0.59715184 -0.51460199 -0.51460199
 -0.42397198 -0.42397198 -0.32612251 -0.32612251 -0.21954873 -0.21954873
 -0.09343447 -0.09343447  0.09343845  0.09343845  0.21954599  0.21954599
  0.32612116  0.32612116  0.42397073  0.42397073  0.51460156  0.51460156
  0.59714916  0.59714916  0.67263979  0.67263979  0.74194111  0.74194111
  0.80521141  0.80521141  0.86273334  0.86273334  0.91492136  0.91492136
  0.96240876  0.96240876  1.00479667  1.00479667  1.04201595  1.04201595
  1.07479372  1.07479372  1.10217415  1.10217415]
localization_length: 0.6689180319542845
0.6710926137982525
W_list: [3.8]
L_list: [10.73748182077204]
