Norm difference: 0.9999999999999999
Norm difference: 1.0
1 1
1 2
2 1
2 2
1 1
1 2
2 1
2 2
1 1
1 2
2 1
2 2
1 1
1 2
2 1
2 2
1 1
1 2
2 1
2 2
1 1
1 2
2 1
2 2
1 1
1 2
2 1
2 2
1 1
1 2
2 1
2 2
1 1
1 2
2 1
2 2
1 1
1 2
2 1
2 2
1 1
1 2
2 1
2 2
1 1
1 2
2 1
2 2
1 1
1 2
2 1
2 2
1 1
1 2
2 1
2 2
1 1
1 2
2 1
2 2
1 1
1 2
2 1
2 2
1 1
1 2
2 1
2 2
1 1
1 2
2 1
2 2
1 1
1 2
2 1
2 2
1 1
1 2
2 1
2 2
1 1 1 5.435171848040821e-6
1 2 1 5.113422420062463e-6
2 1 1 5.7811677458725464e-6
2 2 1 6.1020946387824185e-6
1 1 2 6.383025433338244e-6
1 2 2 6.53715529835364e-6
2 1 2 8.15345751136896e-6
2 2 2 7.08353585673234e-6
1 1 3 5.092356510377196e-6
1 2 3 5.317034492149469e-6
2 1 3 6.3541967973985224e-6
2 2 3 6.332693280622489e-6
1 1 4 5.388317131924453e-6
1 2 4 5.1826371429032535e-6
2 1 4 9.310523081249174e-6
2 2 4 4.659477071611734e-6
1 1 5 5.838834712779508e-6
1 2 5 5.164132169931631e-6
2 1 5 5.479863915829142e-6
2 2 5 6.208172072659404e-6
1 1 6 5.6260142827032245e-6
1 2 6 6.110777648930853e-6
2 1 6 3.470266022104662e-6
2 2 6 5.614824258745707e-6
1 1 7 3.3704851631254763e-6
1 2 7 6.5469490412617004e-6
2 1 7 6.4987676899335704e-6
2 2 7 6.2191076874579474e-6
1 1 8 4.416763339028674e-6
1 2 8 4.0528069199102874e-6
2 1 8 4.149044255220215e-6
2 2 8 6.171424715096445e-6
1 1 9 6.502978065886229e-6
1 2 9 3.854587431037683e-6
2 1 9 6.479229026804434e-6
2 2 9 6.306586102817796e-6
1 1 10 4.414221602182586e-6
1 2 10 4.332147273527126e-6
2 1 10 5.886192762989147e-6
2 2 10 3.956855738208359e-6
1 1 11 4.922049336310444e-6
1 2 11 5.3548404051877295e-6
2 1 11 5.799400969124142e-6
2 2 11 4.6046768350365385e-6
1 1 12 4.352323909271326e-6
1 2 12 4.949884758439636e-6
2 1 12 5.328371700710923e-6
2 2 12 5.185056894968379e-6
1 1 13 6.41751767214448e-6
1 2 13 3.4973362074372898e-6
2 1 13 2.840314547967448e-6
2 2 13 4.5780559475321305e-6
1 1 14 7.576578301973362e-6
1 2 14 6.7995232466586195e-6
2 1 14 4.362284784262343e-6
2 2 14 8.299492978199162e-6
1 1 15 7.593731179413235e-6
1 2 15 1.1904405706805341e-5
2 1 15 1.0712279836387822e-5
2 2 15 4.342804782988182e-6
1 1 16 9.299637223344046e-6
1 2 16 1.0495319845212534e-5
2 1 16 8.913800594456265e-6
2 2 16 9.660544335764962e-6
1 1 17 1.2934310307990404e-5
1 2 17 1.4420582822682359e-5
2 1 17 6.913916583724218e-6
2 2 17 1.5249516114518872e-5
1 1 18 1.0064962992503253e-5
1 2 18 1.4158404581513388e-5
2 1 18 1.0501161582907546e-5
2 2 18 9.287279059199452e-6
1 1 19 1.5314958654378875e-5
1 2 19 1.422986278319375e-5
2 1 19 1.5132634304562568e-5
2 2 19 1.3707828792352143e-5
1 1 20 1.1436179094196847e-5
1 2 20 1.0281758313785882e-5
2 1 20 1.122261459934893e-5
2 2 20 1.1001426587606068e-5
