W: 3.2
num_iter: 0
[-1.21557491 -1.21557491 -1.14845972 -1.14845972 -1.0547677  -1.0547677
 -0.93192528 -0.93192528 -0.77914064 -0.77914064 -0.59975607 -0.59975607
 -0.39982338 -0.39982338 -0.15909244 -0.15909244  0.15908943  0.15908943
  0.39982588  0.39982588  0.59975051  0.59975051  0.77913991  0.77913991
  0.93192836  0.93192836  1.0547693   1.0547693   1.1484648   1.1484648
  1.21557195  1.21557195]
localization_length: 0.7857215997089386
0.780045998528772
W_list: [3.2]
L_list: [6.240367988230176]
