W: 3.0
num_iter: 0
[-1.21575108 -1.21575108 -1.18812638 -1.18812638 -1.15576293 -1.15576293
 -1.11651791 -1.11651791 -1.06957733 -1.06957733 -1.01468067 -1.01468067
 -0.95194014 -0.95194014 -0.88060615 -0.88060615 -0.80224206 -0.80224206
 -0.71714032 -0.71714032 -0.62660944 -0.62660944 -0.53104659 -0.53104659
 -0.43150093 -0.43150093 -0.32806725 -0.32806725 -0.21900072 -0.21900072
 -0.09170112 -0.09170112  0.09170067  0.09170067  0.21900088  0.21900088
  0.32807618  0.32807618  0.43149822  0.43149822  0.53105199  0.53105199
  0.62660894  0.62660894  0.7171347   0.7171347   0.80223987  0.80223987
  0.88059788  0.88059788  0.95193392  0.95193392  1.01468373  1.01468373
  1.06957948  1.06957948  1.11651385  1.11651385  1.15576788  1.15576788
  1.18813239  1.18813239  1.21575042  1.21575042]
localization_length: 0.681565365189861
0.6877866536974919
W_list: [3.0]
L_list: [11.00458645915987]
