W: 4.2
num_iter: 0
[-1.01273798 -1.01273798 -1.00311968 -1.00311968 -0.99239504 -0.99239504
 -0.98057575 -0.98057575 -0.96806302 -0.96806302 -0.95404241 -0.95404241
 -0.93928017 -0.93928017 -0.92319574 -0.92319574 -0.90618815 -0.90618815
 -0.88852536 -0.88852536 -0.86904204 -0.86904204 -0.84871409 -0.84871409
 -0.82691024 -0.82691024 -0.80377849 -0.80377849 -0.77977421 -0.77977421
 -0.75419589 -0.75419589 -0.72664762 -0.72664762 -0.69773724 -0.69773724
 -0.66769854 -0.66769854 -0.63482288 -0.63482288 -0.60053518 -0.60053518
 -0.56429072 -0.56429072 -0.52598078 -0.52598078 -0.48518431 -0.48518431
 -0.44267589 -0.44267589 -0.39738259 -0.39738259 -0.3500242  -0.3500242
 -0.29968582 -0.29968582 -0.24744393 -0.24744393 -0.19190909 -0.19190909
 -0.13283746 -0.13283746 -0.0637688  -0.0637688   0.06375977  0.06375977
  0.13284483  0.13284483  0.19191097  0.19191097  0.24744628  0.24744628
  0.29968478  0.29968478  0.35002268  0.35002268  0.39738397  0.39738397
  0.44267893  0.44267893  0.48518612  0.48518612  0.52598166  0.52598166
  0.5642916   0.5642916   0.60053941  0.60053941  0.63482779  0.63482779
  0.66769918  0.66769918  0.69773821  0.69773821  0.72664293  0.72664293
  0.75420059  0.75420059  0.77976818  0.77976818  0.80377714  0.80377714
  0.82690875  0.82690875  0.84870969  0.84870969  0.86904379  0.86904379
  0.88852863  0.88852863  0.90618407  0.90618407  0.92320336  0.92320336
  0.93928273  0.93928273  0.95403953  0.95403953  0.96806114  0.96806114
  0.9805661   0.9805661   0.99239231  0.99239231  1.0031146   1.0031146
  1.0127436   1.0127436 ]
localization_length: 0.4901209652748594
0.49264179973082434
W_list: [4.2]
L_list: [15.764537591386379]
