[-2.41421356 -1.         -1.         -0.41421356  0.41421356  1.
  1.          2.41421356]
W: 1.7999999999999998
num_iter: 0
[-0.46091217 -0.43246827 -0.40424137 -0.37397227 -0.34462168 -0.31486681
 -0.28607107 -0.25686297 -0.22918089 -0.20151137 -0.17346709 -0.14518417
 -0.11743269 -0.0889801  -0.05933211 -0.03045807  0.03045998  0.05933694
  0.08898358  0.11742751  0.1451807   0.17346831  0.20151807  0.22917953
  0.25684937  0.28608993  0.31486247  0.34462066  0.37396853  0.40423714
  0.43246604  0.46091433]
localization_length: 2.0520015445704236
2.065326589351647
W_list: [1.7999999999999998]
L_list: [2.065326589351647]
[-2.41421356 -1.         -1.         -0.41421356  0.41421356  1.
  1.          2.41421356]
W: 1.7999999999999998
num_iter: 0
[-0.46081833 -0.43283177 -0.40298656 -0.37309841 -0.34437359 -0.31461013
 -0.28521907 -0.2574329  -0.22907566 -0.20084175 -0.17352396 -0.14557312
 -0.11796366 -0.08885555 -0.06017202 -0.03057836  0.03057573  0.06016808
  0.08886015  0.11795837  0.14557379  0.1735264   0.20083881  0.2290847
  0.25742558  0.28521423  0.31460514  0.34436927  0.37310085  0.40299161
  0.4328352   0.46082692]
localization_length: 2.0441051502294787
2.073352518640398
W_list: [1.7999999999999998]
L_list: [2.073352518640398]
