W: 3.0
num_iter: 0
[-0.86018859 -0.86018859 -0.83824671 -0.83824671 -0.81118531 -0.81118531
 -0.7794716  -0.7794716  -0.74286572 -0.74286572 -0.70160769 -0.70160769
 -0.65608228 -0.65608228 -0.60657978 -0.60657978 -0.55298362 -0.55298362
 -0.49416927 -0.49416927 -0.43013145 -0.43013145 -0.36192211 -0.36192211
 -0.28797448 -0.28797448 -0.20964456 -0.20964456 -0.12757604 -0.12757604
 -0.03439573 -0.03439573  0.03439941  0.03439941  0.12757607  0.12757607
  0.20964408  0.20964408  0.28797528  0.28797528  0.36191709  0.36191709
  0.43012804  0.43012804  0.49416861  0.49416861  0.55298015  0.55298015
  0.60657707  0.60657707  0.65607938  0.65607938  0.70160994  0.70160994
  0.74286771  0.74286771  0.77947377  0.77947377  0.8111894   0.8111894
  0.83824919  0.83824919  0.86018972  0.86018972]
localization_length: 1.8170861576606792
1.8331920003578528
W_list: [3.0]
L_list: [29.331072005725645]
