W: 3.6
num_iter: 0
[-0.90103374 -0.90103374 -0.85073623 -0.85073623 -0.78369191 -0.78369191
 -0.69735045 -0.69735045 -0.5915449  -0.5915449  -0.45991937 -0.45991937
 -0.29921927 -0.29921927 -0.0969254  -0.0969254   0.096926    0.096926
  0.29922045  0.29922045  0.45992388  0.45992388  0.59154591  0.59154591
  0.69734915  0.69734915  0.78368598  0.78368598  0.85073775  0.85073775
  0.90103213  0.90103213]
localization_length: 1.2896516176040789
1.2851659411971534
W_list: [3.6]
L_list: [10.281327529577228]
