W: 2.0
num_iter: 0
[-0.63132389 -0.63132389 -0.61460998 -0.61460998 -0.59255549 -0.59255549
 -0.56707592 -0.56707592 -0.53802489 -0.53802489 -0.50625    -0.50625
 -0.47123612 -0.47123612 -0.43341266 -0.43341266 -0.39244357 -0.39244357
 -0.34810176 -0.34810176 -0.29995145 -0.29995145 -0.24877698 -0.24877698
 -0.19379889 -0.19379889 -0.13567796 -0.13567796 -0.07667933 -0.07667933
 -0.01590967 -0.01590967  0.01590388  0.01590388  0.07668182  0.07668182
  0.1356782   0.1356782   0.19380239  0.19380239  0.24877828  0.24877828
  0.29995088  0.29995088  0.34810077  0.34810077  0.39244592  0.39244592
  0.43341141  0.43341141  0.47123797  0.47123797  0.50624679  0.50624679
  0.53802494  0.53802494  0.56707633  0.56707633  0.59255358  0.59255358
  0.61461296  0.61461296  0.63132244  0.63132244]
localization_length: 3.929859490233633
3.9256480199346684
W_list: [2.0]
L_list: [62.810368318954694]
