W: 2.4000000000000004
num_iter: 0
[-1.17277256 -1.17277256 -1.11361489 -1.11361489 -1.02365239 -1.02365239
 -0.89409597 -0.89409597 -0.72165243 -0.72165243 -0.52192021 -0.52192021
 -0.32121219 -0.32121219 -0.10367906 -0.10367906  0.10368286  0.10368286
  0.32121445  0.32121445  0.52192392  0.52192392  0.72164943  0.72164943
  0.89409556  0.89409556  1.02365069  1.02365069  1.11361255  1.11361255
  1.17277025  1.17277025]
localization_length: 1.2056436241170416
1.2079564308340462
W_list: [2.4000000000000004]
L_list: [9.66365144667237]
