[-2.41421356 -1.         -1.         -0.41421356  0.41421356  1.
  1.          2.41421356]
W: 3.2
num_iter: 0
[-0.77514696 -0.74847945 -0.71849684 -0.68731166 -0.6528609  -0.6163181
 -0.57758989 -0.53730682 -0.49473294 -0.44906697 -0.40053775 -0.3502375
 -0.29649727 -0.2373791  -0.17190703 -0.0967279   0.09672848  0.17190629
  0.23738018  0.29651401  0.35023024  0.40052025  0.44906612  0.49473354
  0.53730024  0.57759229  0.61632426  0.65286274  0.68731469  0.71849253
  0.74849164  0.77513956]
localization_length: 0.6461424011461034
0.6481368061158175
W_list: [3.2]
L_list: [0.6481368061158175]
[-2.41421356 -1.         -1.         -0.41421356  0.41421356  1.
  1.          2.41421356]
W: 3.2
num_iter: 0
[-0.77474795 -0.74772563 -0.71827613 -0.68706061 -0.65314844 -0.61675943
 -0.57838528 -0.53772191 -0.49457771 -0.44910272 -0.40081231 -0.35028282
 -0.29602217 -0.23802561 -0.17261046 -0.09642032  0.0964214   0.17260938
  0.23802007  0.29602293  0.35029179  0.40080878  0.44910019  0.49457618
  0.53772433  0.57839378  0.61675202  0.65315635  0.68705854  0.71827954
  0.74771598  0.77474827]
localization_length: 0.6482035915712597
0.6491373716041587
W_list: [3.2]
L_list: [0.6491373716041587]
