W: 2.4
num_iter: 0
[-0.69278224 -0.69278224 -0.64704496 -0.64704496 -0.58510779 -0.58510779
 -0.50904842 -0.50904842 -0.41798888 -0.41798888 -0.31118283 -0.31118283
 -0.1868592  -0.1868592  -0.04277796 -0.04277796  0.04277529  0.04277529
  0.18685933  0.18685933  0.31117822  0.31117822  0.41799046  0.41799046
  0.5090496   0.5090496   0.58511148  0.58511148  0.6470458   0.6470458
  0.6927821   0.6927821 ]
localization_length: 2.922248018605725
2.9558119158189666
W_list: [2.4]
L_list: [23.646495326551733]
