[-2.41421356 -1.         -1.         -0.41421356  0.41421356  1.
  1.          2.41421356]
W: 1.4
num_iter: 0
[-0.35333093 -0.28850255 -0.23248479 -0.18553818 -0.14309787 -0.10539386
 -0.06920716 -0.03483993  0.03484001  0.06919535  0.10540004  0.14310773
  0.1855435   0.23248192  0.2884963   0.35333042]
localization_length: 3.5878374675510707
3.6217532685625966
W_list: [1.4]
L_list: [3.6217532685625966]
[-2.41421356 -1.         -1.         -0.41421356  0.41421356  1.
  1.          2.41421356]
W: 1.4
num_iter: 0
[-0.35410417 -0.28920549 -0.2324354  -0.18462287 -0.14350458 -0.10537374
 -0.06986866 -0.03434356  0.03434594  0.06986705  0.10536965  0.14350848
  0.18461672  0.23243993  0.28920949  0.35410119]
localization_length: 3.6396926650229915
3.620581452961162
W_list: [1.4]
L_list: [3.620581452961162]
