W: 4.0
num_iter: 0
[-0.98021333 -0.98021333 -0.97078235 -0.97078235 -0.96031527 -0.96031527
 -0.94876566 -0.94876566 -0.93611078 -0.93611078 -0.92247562 -0.92247562
 -0.90764193 -0.90764193 -0.89140459 -0.89140459 -0.8746278  -0.8746278
 -0.8567217  -0.8567217  -0.83746276 -0.83746276 -0.81697351 -0.81697351
 -0.79522706 -0.79522706 -0.77243936 -0.77243936 -0.74793182 -0.74793182
 -0.72278297 -0.72278297 -0.69566774 -0.69566774 -0.66689119 -0.66689119
 -0.63656355 -0.63656355 -0.60472026 -0.60472026 -0.57075474 -0.57075474
 -0.53526739 -0.53526739 -0.49726111 -0.49726111 -0.45759028 -0.45759028
 -0.41549314 -0.41549314 -0.37147375 -0.37147375 -0.32540506 -0.32540506
 -0.27736821 -0.27736821 -0.22641069 -0.22641069 -0.17345575 -0.17345575
 -0.11733162 -0.11733162 -0.0515161  -0.0515161   0.05151667  0.05151667
  0.11733388  0.11733388  0.17345707  0.17345707  0.22640921  0.22640921
  0.27736728  0.27736728  0.32540276  0.32540276  0.37148283  0.37148283
  0.4154974   0.4154974   0.45758655  0.45758655  0.49726153  0.49726153
  0.53526766  0.53526766  0.57075632  0.57075632  0.6047168   0.6047168
  0.63656211  0.63656211  0.66689018  0.66689018  0.69566645  0.69566645
  0.7227814   0.7227814   0.74792833  0.74792833  0.77243904  0.77243904
  0.79522239  0.79522239  0.81697128  0.81697128  0.83746862  0.83746862
  0.85672047  0.85672047  0.87463699  0.87463699  0.89140635  0.89140635
  0.90763903  0.90763903  0.92247086  0.92247086  0.93610827  0.93610827
  0.94876346  0.94876346  0.96031762  0.96031762  0.97078315  0.97078315
  0.98021512  0.98021512]
localization_length: 0.6066064464906176
0.6105657687924456
W_list: [4.0]
L_list: [19.53810460135826]
