W: 3.6
num_iter: 0
[-0.91323261 -0.91323261 -0.90407703 -0.90407703 -0.89380824 -0.89380824
 -0.88228041 -0.88228041 -0.86986844 -0.86986844 -0.85655112 -0.85655112
 -0.84184084 -0.84184084 -0.82624256 -0.82624256 -0.80939455 -0.80939455
 -0.79150916 -0.79150916 -0.77239656 -0.77239656 -0.75225245 -0.75225245
 -0.73029958 -0.73029958 -0.70796893 -0.70796893 -0.68404492 -0.68404492
 -0.65896396 -0.65896396 -0.63242581 -0.63242581 -0.60421708 -0.60421708
 -0.57483297 -0.57483297 -0.54378279 -0.54378279 -0.51119778 -0.51119778
 -0.47660011 -0.47660011 -0.44034151 -0.44034151 -0.40232771 -0.40232771
 -0.36280974 -0.36280974 -0.32103794 -0.32103794 -0.27809877 -0.27809877
 -0.23352218 -0.23352218 -0.18779703 -0.18779703 -0.13913684 -0.13913684
 -0.08924479 -0.08924479 -0.03224112 -0.03224112  0.0322424   0.0322424
  0.08924602  0.08924602  0.13913422  0.13913422  0.18779989  0.18779989
  0.23351857  0.23351857  0.27809618  0.27809618  0.32104074  0.32104074
  0.36280292  0.36280292  0.40232662  0.40232662  0.44034357  0.44034357
  0.47660284  0.47660284  0.51119574  0.51119574  0.54377909  0.54377909
  0.57483412  0.57483412  0.60421758  0.60421758  0.63242574  0.63242574
  0.65896343  0.65896343  0.68404073  0.68404073  0.70796501  0.70796501
  0.73029993  0.73029993  0.75225022  0.75225022  0.77240402  0.77240402
  0.79151056  0.79151056  0.80939376  0.80939376  0.82624008  0.82624008
  0.84184039  0.84184039  0.85655442  0.85655442  0.86987425  0.86987425
  0.88228818  0.88228818  0.89381048  0.89381048  0.90407301  0.90407301
  0.91323082  0.91323082]
localization_length: 0.9692591220832982
0.972172758927101
W_list: [3.6]
L_list: [31.10952828566723]
