[-2.41421356 -1.         -1.         -0.41421356  0.41421356  1.
  1.          2.41421356]
W: 4.2
num_iter: 0
[-0.92214822 -0.77333432 -0.57732528 -0.33119641  0.3312008   0.57732428
  0.77333219  0.92214696]
localization_length: 0.7548391084400999
0.7526195116259219
num_iter: 1
[-0.9223579  -0.77311039 -0.57805752 -0.32911047  0.32913065  0.57803937
  0.7731114   0.92235487]
localization_length: 0.7596233486021805
0.7526167465524782
num_iter: 2
[-0.92141293 -0.77282991 -0.57737391 -0.33349436  0.33349885  0.57736393
  0.77282746  0.92142087]
localization_length: 0.7496378609905487
0.7465990907790523
W_list: [4.2]
L_list: [0.7506117829858174]
[-2.41421356 -1.         -1.         -0.41421356  0.41421356  1.
  1.          2.41421356]
W: 4.2
num_iter: 0
[-0.92111759 -0.77285575 -0.5785311  -0.33087568  0.33087164  0.57853419
  0.7728527   0.9211216 ]
localization_length: 0.7555800259108632
0.7565788523137311
num_iter: 1
[-0.92177254 -0.77119943 -0.57617098 -0.33210343  0.33209203  0.57618337
  0.7711909   0.92178008]
localization_length: 0.7528033676324727
0.7499874401789728
num_iter: 2
[-0.92296318 -0.77292611 -0.5774088  -0.32987938  0.32987858  0.57739686
  0.77293456  0.92296748]
localization_length: 0.7578546002348049
0.7581702539994487
W_list: [4.2]
L_list: [0.7549121821640509]
