W: 1.0
num_iter: 0
[-1.12420967 -1.12420967 -1.10898068 -1.10898068 -1.08819089 -1.08819089
 -1.06036466 -1.06036466 -1.02475942 -1.02475942 -0.97868975 -0.97868975
 -0.91943346 -0.91943346 -0.8436708  -0.8436708  -0.74800127 -0.74800127
 -0.63001773 -0.63001773 -0.49791841 -0.49791841 -0.36884718 -0.36884718
 -0.26234488 -0.26234488 -0.17307396 -0.17307396 -0.09540822 -0.09540822
 -0.0206175  -0.0206175   0.02061487  0.02061487  0.09540616  0.09540616
  0.17307573  0.17307573  0.26234232  0.26234232  0.36884161  0.36884161
  0.49792619  0.49792619  0.63001225  0.63001225  0.74799915  0.74799915
  0.84367235  0.84367235  0.91943815  0.91943815  0.97869664  0.97869664
  1.02475212  1.02475212  1.06036894  1.06036894  1.08818813  1.08818813
  1.10898312  1.10898312  1.12421074  1.12421074]
localization_length: 3.031792683789108
3.025436663433816
W_list: [1.0]
L_list: [48.406986614941054]
