Norm difference: 1.0
Norm difference: 1.0
1 1
1 2
1 3
2 1
2 2
2 3
3 1
3 2
3 3
1 1
1 2
1 3
2 1
2 2
2 3
3 1
3 2
3 3
1 1
1 2
1 3
2 1
2 2
2 3
3 1
3 2
3 3
1 1
1 2
1 3
2 1
2 2
2 3
3 1
3 2
3 3
1 1
1 2
1 3
2 1
2 2
2 3
3 1
3 2
3 3
1 1
1 2
1 3
2 1
2 2
2 3
3 1
3 2
3 3
1 1
1 2
1 3
2 1
2 2
2 3
3 1
3 2
3 3
1 1
1 2
1 3
2 1
2 2
2 3
3 1
3 2
3 3
1 1
1 2
1 3
2 1
2 2
2 3
3 1
3 2
3 3
1 1
1 2
1 3
2 1
2 2
2 3
3 1
3 2
3 3
1 1
1 2
1 3
2 1
2 2
2 3
3 1
3 2
3 3
1 1
1 2
1 3
2 1
2 2
2 3
3 1
3 2
3 3
1 1
1 2
1 3
2 1
2 2
2 3
3 1
3 2
3 3
1 1
1 2
1 3
2 1
2 2
2 3
3 1
3 2
3 3
1 1
1 2
1 3
2 1
2 2
2 3
3 1
3 2
3 3
1 1
1 2
1 3
2 1
2 2
2 3
3 1
3 2
3 3
1 1
1 2
1 3
2 1
2 2
2 3
3 1
3 2
3 3
1 1
1 2
1 3
2 1
2 2
2 3
3 1
3 2
3 3
1 1
1 2
1 3
2 1
2 2
2 3
3 1
3 2
3 3
1 1
1 2
1 3
2 1
2 2
2 3
3 1
3 2
3 3
1 1 1 0.00937354236842209
1 2 1 0.008167087783946935
1 3 1 0.006398593520842134
2 1 1 0.009914341414547122
2 2 1 0.008889724142988793
2 3 1 0.00877816675870137
3 1 1 0.010148526523376802
3 2 1 0.015211890363050254
3 3 1 0.012273912556537824
1 1 2 0.00743999856473399
1 2 2 0.006564578357043429
1 3 2 0.006128777843516705
2 1 2 0.011812293041985174
2 2 2 0.007535931283679515
2 3 2 0.0036407248402245017
3 1 2 0.014957339036547146
3 2 2 0.007490160546648639
3 3 2 0.008128205615720795
1 1 3 0.005787931482803349
1 2 3 0.0065649576146239895
1 3 3 0.0061615963206849405
2 1 3 0.006078412351703247
2 2 3 0.005473032006908721
2 3 3 0.005634089959897366
3 1 3 0.009690783589515285
3 2 3 0.008221342647503512
3 3 3 0.0054512974348603525
1 1 4 0.005283243343015508
1 2 4 0.004227264225398084
1 3 4 0.004713070202782189
2 1 4 0.007388636657026819
2 2 4 0.006232068759964924
2 3 4 0.0041175089507591005
3 1 4 0.006937008318937954
3 2 4 0.006182795583516306
3 3 4 0.004412848366948439
1 1 5 0.005931826115216926
1 2 5 0.0036456055154823045
1 3 5 0.0032741506225165266
2 1 5 0.004319890345556674
2 2 5 0.00450721630748895
2 3 5 0.005014101692889153
3 1 5 0.0074341745971159
3 2 5 0.006839484056055731
3 3 5 0.005078146156937664
1 1 6 0.004186139075563064
1 2 6 0.005137093478595631
1 3 6 0.004625173333391537
2 1 6 0.00455340568289875
2 2 6 0.0031915036798255136
2 3 6 0.003381726591103908
3 1 6 0.005007776199649266
3 2 6 0.0044930556617606655
3 3 6 0.005949120930084987
1 1 7 0.002919322414253913
1 2 7 0.004013404424116028
1 3 7 0.0035431761384535528
2 1 7 0.0044253012114034785
2 2 7 0.004227542064676204
2 3 7 0.004500614635290682
3 1 7 0.0053751288755285506
3 2 7 0.004008406274313236
3 3 7 0.004092222674840357
1 1 8 0.00291222572872258
1 2 8 0.0034381707745730237
1 3 8 0.002600330534687551
2 1 8 0.0029498860910334317
2 2 8 0.0038492650514026865
2 3 8 0.0037286356793667084
3 1 8 0.0037184957651612985
3 2 8 0.00591684916545564
3 3 8 0.005298406109521508
1 1 9 0.002737164895126004
1 2 9 0.0033466385997353103
1 3 9 0.0022812451502442653
2 1 9 0.0026427108364082373
2 2 9 0.0035475141937294464
2 3 9 0.0018137084423048761
3 1 9 0.002873909064248589
3 2 9 0.004116320134958218
3 3 9 0.0037006283371319587
1 1 10 0.003531997891669439
1 2 10 0.002269854389684219
1 3 10 0.0016229435060589243
2 1 10 0.002412820762262422
2 2 10 0.002913271394317276
2 3 10 0.0026135686626293474
3 1 10 0.0032278494291058564
3 2 10 0.0040487428012680755
3 3 10 0.002136768895432497
1 1 11 0.0027748834973229095
1 2 11 0.002605332035936602
1 3 11 0.0017669934616888095
2 1 11 0.0034473563999052005
2 2 11 0.0023812747329230908
2 3 11 0.0017374730633964608
3 1 11 0.003844004958424939
3 2 11 0.003394917613173072
3 3 11 0.002051349598889122
1 1 12 0.0021406200659410068
1 2 12 0.002384904717484089
1 3 12 0.0024186380603952755
2 1 12 0.0035099219973804634
2 2 12 0.001874956543673354
2 3 12 0.0018104128784273074
3 1 12 0.004085846201779997
3 2 12 0.0026653685106132453
3 3 12 0.001880958833342837
1 1 13 0.0016276772202230548
1 2 13 0.0010605162298684772
1 3 13 0.00253711040711631
2 1 13 0.0013335211484929066
2 2 13 0.0023462532657027393
2 3 13 0.002065318052798489
3 1 13 0.0031293353076074447
3 2 13 0.002753225544500468
3 3 13 0.0024318652831400666
1 1 14 0.0024200984414300686
1 2 14 0.001060512314306418
1 3 14 0.001936172449710629
2 1 14 0.001972783605621866
2 2 14 0.0013497986998967074
2 3 14 0.002473639691491478
3 1 14 0.0017546309074621604
3 2 14 0.002344810680487967
3 3 14 0.003096146514295942
1 1 15 0.0024240918059953488
1 2 15 0.0009366586636151411
1 3 15 0.001789290409608685
2 1 15 0.0018849600330941678
2 2 15 0.0007538249004255235
2 3 15 0.0021159936880657095
3 1 15 0.0019236188246433666
3 2 15 0.0012115434208999896
3 3 15 0.003270790490362116
1 1 16 0.0019070477592689782
1 2 16 0.001388517570107865
1 3 16 0.0018121163691665935
2 1 16 0.002550070189368336
2 2 16 0.0010707382427216161
2 3 16 0.0015370697826925788
3 1 16 0.002697607939728177
3 2 16 0.0010681348961352308
3 3 16 0.002170629737082471
1 1 17 0.002700090939463954
1 2 17 0.0013696790377800275
1 3 17 0.002354510467196643
2 1 17 0.0015768231712854585
2 2 17 0.0010371024553296694
2 3 17 0.0012634234271021868
3 1 17 0.0027787967062399706
3 2 17 0.0012099311615969442
3 3 17 0.0014548008422237432
1 1 18 0.0020954027278325188
1 2 18 0.0010840205368397968
1 3 18 0.0024709141993873055
2 1 18 0.0021049190817925994
2 2 18 0.0012277853403359989
2 3 18 0.001571720921075476
3 1 18 0.0022178140250678478
3 2 18 0.0012164891734714942
3 3 18 0.0017154027894347832
1 1 19 0.0018408432796908959
1 2 19 0.0012917094889802149
1 3 19 0.002323950028144426
2 1 19 0.0022242741179019383
2 2 19 0.0008722366292838605
2 3 19 0.0023751691855793513
3 1 19 0.0028688376658035485
3 2 19 0.0012501192628839265
3 3 19 0.0023296670934569936
1 1 20 0.00200277594394064
1 2 20 0.0011287919870200897
1 3 20 0.0017755021236072008
2 1 20 0.001758713786426894
2 2 20 0.0011238639646715964
2 3 20 0.002076897082175825
3 1 20 0.0022751293785350244
3 2 20 0.0011348020205010593
3 3 20 0.002931429038419922
