C_list:
0.0006814891831693358 0.21499081251323143
C_list:
0.0007133525550367275 0.23779344614934114
C_list:
0.0006564367155155513 0.24447209602297718
C_list:
0.0006499408152775064 0.24932153151638273
C_list:
0.0007057191592362891 0.2794143433682765
C_list:
0.0006539814322508076 0.28494027841485825
ndim2: 60
W_list: [2.3, 2.4, 2.5, 2.5999999999999996, 2.6999999999999997, 2.8]
L_list: [4.651361554989499, 4.205330366304423, 4.090446379230181, 4.010885036354314, 3.578914338989284, 3.509507345058644]
C_list:
0.0005793964801545115 0.15523623763489974
C_list:
0.0005693666620510566 0.17661186906392923
C_list:
0.0006039955328113177 0.18308243734522153
C_list:
0.0005549830675821666 0.19778900561052626
C_list:
0.0005490002421076585 0.20743295993808916
C_list:
0.0005231166320662686 0.2146526868347793
ndim2: 60
W_list: [2.3, 2.4, 2.5, 2.5999999999999996, 2.6999999999999997, 2.8]
L_list: [6.4417948749305625, 5.662133611405381, 5.462020358153704, 5.055892752548327, 4.820834646039192, 4.658688482989787]
C_list:
0.0005541931892009585 0.13465000240769032
C_list:
0.0004872312466613998 0.13867452106568168
C_list:
0.000517701245169958 0.1519919513931861
C_list:
0.0005118687099023678 0.1601413608295523
C_list:
0.0005459634748226377 0.17625167120619833
C_list:
0.0005154857432493296 0.18576810879775835
ndim2: 60
W_list: [2.3, 2.4, 2.5, 2.5999999999999996, 2.6999999999999997, 2.8]
L_list: [7.426661582761967, 7.211130006545044, 6.579295751082979, 6.244482966922941, 5.673705067057727, 5.383055285816996]
