Norm difference: 1.0
Norm difference: 1.0
1 1
1 2
2 1
2 2
1 1
1 2
2 1
2 2
1 1
1 2
2 1
2 2
1 1
1 2
2 1
2 2
1 1
1 2
2 1
2 2
1 1
1 2
2 1
2 2
1 1
1 2
2 1
2 2
1 1
1 2
2 1
2 2
1 1
1 2
2 1
2 2
1 1
1 2
2 1
2 2
1 1
1 2
2 1
2 2
1 1
1 2
2 1
2 2
1 1
1 2
2 1
2 2
1 1
1 2
2 1
2 2
1 1
1 2
2 1
2 2
1 1
1 2
2 1
2 2
1 1
1 2
2 1
2 2
1 1
1 2
2 1
2 2
1 1
1 2
2 1
2 2
1 1
1 2
2 1
2 2
1 1 1 0.007101266423128405
1 2 1 0.005734287757517391
2 1 1 0.007473127012819514
2 2 1 0.004830185314630033
1 1 2 0.003704663832254933
1 2 2 0.007640604205598972
2 1 2 0.004602082246839889
2 2 2 0.004705340148863724
1 1 3 0.0062887429833867
1 2 3 0.005637518772978222
2 1 3 0.004196680345400069
2 2 3 0.004649582438333342
1 1 4 0.004819711258751444
1 2 4 0.005962792545464151
2 1 4 0.003724677593612489
2 2 4 0.0032145306883685624
1 1 5 0.0057144674106284765
1 2 5 0.0030540031750518623
2 1 5 0.0035496834508236185
2 2 5 0.002114818400359247
1 1 6 0.003549261558631227
1 2 6 0.00228382445748169
2 1 6 0.0016517929209284264
2 2 6 0.0017134073735063427
1 1 7 0.0016676634675599808
1 2 7 0.0027674912780768697
2 1 7 0.0010464864220093978
2 2 7 0.0016511669813791135
1 1 8 0.0008539583155857816
1 2 8 0.001270735825264067
2 1 8 0.000824100959618157
2 2 8 0.0006343266843996166
1 1 9 0.0011493830019780817
1 2 9 0.0008828910118771812
2 1 9 0.0005284564588923718
2 2 9 0.0006110340091415114
1 1 10 0.0007300110551879683
1 2 10 0.0005354634417163026
2 1 10 0.00032972070309291227
2 2 10 0.0004799370002332477
1 1 11 0.000394339174786598
1 2 11 0.0006322490530885217
2 1 11 0.0003177350933368339
2 2 11 0.0003464436648863443
1 1 12 0.0003340545794857976
1 2 12 0.00038596519083067434
2 1 12 0.00035523718972101657
2 2 12 0.0001893504141291064
1 1 13 0.00022328637568176402
1 2 13 0.00030433250459197794
2 1 13 0.00022326018653361077
2 2 13 0.00020832344267295578
1 1 14 0.00026089824597634495
1 2 14 0.0003121508101133236
2 1 14 0.0001564189775922021
2 2 14 0.0002395142520741422
1 1 15 0.0003621838954926767
1 2 15 0.00018884638107964202
2 1 15 0.00017102560434333774
2 2 15 0.0002826583230940603
1 1 16 0.00029196910516179604
1 2 16 0.0002473428531815745
2 1 16 0.000286858887572856
2 2 16 0.0002063136391929493
1 1 17 0.00022179349497781567
1 2 17 0.0003679886643946891
2 1 17 0.0002637192779824303
2 2 17 0.0002359861840203739
1 1 18 0.00024356223892537057
1 2 18 0.0003219072590668667
2 1 18 0.00021219579507309518
2 2 18 0.00026966519157066644
1 1 19 0.00022479052031920983
1 2 19 0.0002490864489076283
2 1 19 0.00018235337959218354
2 2 19 0.0002381914672985244
1 1 20 0.0001890005870458761
1 2 20 0.00015503206961364378
2 1 20 0.00013582480330579305
2 2 20 0.00017962616081404855
