W: 3.4000000000000004
num_iter: 0
[-0.86701096 -0.86701096 -0.8175752  -0.8175752  -0.75080938 -0.75080938
 -0.66536734 -0.66536734 -0.56015708 -0.56015708 -0.43194175 -0.43194175
 -0.27762308 -0.27762308 -0.08403645 -0.08403645  0.08403467  0.08403467
  0.27762449  0.27762449  0.43194089  0.43194089  0.56015628  0.56015628
  0.66536505  0.66536505  0.75081139  0.75081139  0.81757508  0.81757508
  0.8670134   0.8670134 ]
localization_length: 1.4874813293329572
1.4947066359745511
W_list: [3.4000000000000004]
L_list: [11.957653087796409]
