W: 3.2
num_iter: 0
[-0.88298331 -0.88298331 -0.82852008 -0.82852008 -0.75520384 -0.75520384
 -0.66403642 -0.66403642 -0.55393486 -0.55393486 -0.42331152 -0.42331152
 -0.26841472 -0.26841472 -0.07934994 -0.07934994  0.07935029  0.07935029
  0.2684132   0.2684132   0.42331451  0.42331451  0.55393105  0.55393105
  0.66403851  0.66403851  0.75520324  0.75520324  0.828522    0.828522
  0.88298189  0.88298189]
localization_length: 1.575300477387193
1.562554862772708
W_list: [3.2]
L_list: [12.500438902181664]
