W: 3.4000000000000004
num_iter: 0
[-0.92469254 -0.92469254 -0.90138966 -0.90138966 -0.87405701 -0.87405701
 -0.84194192 -0.84194192 -0.80552403 -0.80552403 -0.76440303 -0.76440303
 -0.71836905 -0.71836905 -0.66734043 -0.66734043 -0.61206799 -0.61206799
 -0.55115763 -0.55115763 -0.48500071 -0.48500071 -0.41236458 -0.41236458
 -0.33319858 -0.33319858 -0.24745777 -0.24745777 -0.15591856 -0.15591856
 -0.05104918 -0.05104918  0.05104412  0.05104412  0.15591955  0.15591955
  0.2474572   0.2474572   0.33319461  0.33319461  0.41236715  0.41236715
  0.48500083  0.48500083  0.55115411  0.55115411  0.61206755  0.61206755
  0.66734256  0.66734256  0.71837094  0.71837094  0.76440307  0.76440307
  0.80552398  0.80552398  0.84194522  0.84194522  0.87405145  0.87405145
  0.90139307  0.90139307  0.92469727  0.92469727]
localization_length: 1.224431046707492
1.2415489150128425
W_list: [3.4000000000000004]
L_list: [19.86478264020548]
