W: 3.8
num_iter: 0
[-1.09052766 -1.09052766 -1.02547044 -1.02547044 -0.94073392 -0.94073392
 -0.8353539  -0.8353539  -0.70925708 -0.70925708 -0.55693126 -0.55693126
 -0.3750225  -0.3750225  -0.14556842 -0.14556842  0.14556939  0.14556939
  0.37501994  0.37501994  0.55692857  0.55692857  0.70925596  0.70925596
  0.83535677  0.83535677  0.94073611  0.94073611  1.02547435  1.02547435
  1.09052409  1.09052409]
localization_length: 0.8587027548407733
0.8518388046247425
W_list: [3.8]
L_list: [6.81471043699794]
