W: 3.4000000000000004
num_iter: 0
[-1.06258294 -1.06258294 -1.04958953 -1.04958953 -1.03566047 -1.03566047
 -1.02068789 -1.02068789 -1.00439985 -1.00439985 -0.98687561 -0.98687561
 -0.96767496 -0.96767496 -0.94740507 -0.94740507 -0.92570862 -0.92570862
 -0.9029624  -0.9029624  -0.87877207 -0.87877207 -0.85312191 -0.85312191
 -0.82641559 -0.82641559 -0.79822826 -0.79822826 -0.76879333 -0.76879333
 -0.73804492 -0.73804492 -0.70668046 -0.70668046 -0.6730688  -0.6730688
 -0.63900437 -0.63900437 -0.60275154 -0.60275154 -0.56512789 -0.56512789
 -0.5263631  -0.5263631  -0.48620842 -0.48620842 -0.44390405 -0.44390405
 -0.40062486 -0.40062486 -0.35587356 -0.35587356 -0.3091097  -0.3091097
 -0.26095663 -0.26095663 -0.21113195 -0.21113195 -0.15974101 -0.15974101
 -0.10546012 -0.10546012 -0.04269403 -0.04269403  0.0426986   0.0426986
  0.10546341  0.10546341  0.1597389   0.1597389   0.21113662  0.21113662
  0.26095856  0.26095856  0.30910709  0.30910709  0.35587172  0.35587172
  0.40062557  0.40062557  0.44391024  0.44391024  0.48620953  0.48620953
  0.52636083  0.52636083  0.56513083  0.56513083  0.60275593  0.60275593
  0.63900537  0.63900537  0.67307255  0.67307255  0.70668243  0.70668243
  0.73804466  0.73804466  0.76879563  0.76879563  0.79823295  0.79823295
  0.82641494  0.82641494  0.85311068  0.85311068  0.87877081  0.87877081
  0.90295331  0.90295331  0.92570339  0.92570339  0.94740134  0.94740134
  0.96767858  0.96767858  0.98686825  0.98686825  1.00440658  1.00440658
  1.02069174  1.02069174  1.03566423  1.03566423  1.04958241  1.04958241
  1.0625762   1.0625762 ]
localization_length: 0.7319523679081417
0.740603253421948
W_list: [3.4000000000000004]
L_list: [23.699304109502336]
