Norm difference: 1.0
Norm difference: 1.0
1 1
1 2
2 1
2 2
1 1
1 2
2 1
2 2
1 1
1 2
2 1
2 2
1 1
1 2
2 1
2 2
1 1
1 2
2 1
2 2
1 1
1 2
2 1
2 2
1 1
1 2
2 1
2 2
1 1
1 2
2 1
2 2
1 1
1 2
2 1
2 2
1 1
1 2
2 1
2 2
1 1
1 2
2 1
2 2
1 1
1 2
2 1
2 2
1 1
1 2
2 1
2 2
1 1
1 2
2 1
2 2
1 1
1 2
2 1
2 2
1 1
1 2
2 1
2 2
1 1
1 2
2 1
2 2
1 1
1 2
2 1
2 2
1 1
1 2
2 1
2 2
1 1
1 2
2 1
2 2
1 1 1 0.0025935083272700344
1 2 1 0.002517480275441031
2 1 1 0.0041828900330895865
2 2 1 0.0037162923236474634
1 1 2 0.0037256522205203037
1 2 2 0.004135462784821675
2 1 2 0.004785380717501837
2 2 2 0.002709993440874449
1 1 3 0.0036163683538192283
1 2 3 0.003456563432454883
2 1 3 0.0036347901035549074
2 2 3 0.0028999230369901167
1 1 4 0.0034503557765125314
1 2 4 0.0029574795989342063
2 1 4 0.004991839460593472
2 2 4 0.0039816911354714464
1 1 5 0.0028939612873932286
1 2 5 0.002064703481014565
2 1 5 0.004258564514458508
2 2 5 0.003730148678079008
1 1 6 0.004409054442158287
1 2 6 0.0025606435897939364
2 1 6 0.004434968121060956
2 2 6 0.0026483778148097487
1 1 7 0.003413034210103573
1 2 7 0.003136345110552028
2 1 7 0.004147587590361607
2 2 7 0.002337738475055541
1 1 8 0.004372989382667541
1 2 8 0.0033950073173584796
2 1 8 0.003556881833553258
2 2 8 0.004721368819259287
1 1 9 0.004359979103585289
1 2 9 0.0028772278172636834
2 1 9 0.005690896411269929
2 2 9 0.003391362936582977
1 1 10 0.003026643476383495
1 2 10 0.0022937449956742404
2 1 10 0.0043684765675279565
2 2 10 0.002005282536681148
1 1 11 0.0038659868531439627
1 2 11 0.002461631573034298
2 1 11 0.004323221568697721
2 2 11 0.0023726322675354516
1 1 12 0.0030101961343952897
1 2 12 0.003080725411255353
2 1 12 0.0029497708583588783
2 2 12 0.0037525049393331254
1 1 13 0.0024314290031030666
1 2 13 0.001901707032326195
2 1 13 0.0019688124039159037
2 2 13 0.003275043107763058
1 1 14 0.0019219841406912976
1 2 14 0.001461197016002363
2 1 14 0.002169661946456765
2 2 14 0.001536369401058569
1 1 15 0.0016447354091427692
1 2 15 0.0018736580126921764
2 1 15 0.0018812603019092333
2 2 15 0.0011505666552282033
1 1 16 0.0012175285059812546
1 2 16 0.0016620809513492342
2 1 16 0.0019093202371944077
2 2 16 0.0013151224531691053
1 1 17 0.0011936495972491947
1 2 17 0.0009623676829391437
2 1 17 0.0013573981598053067
2 2 17 0.0014205830141383329
1 1 18 0.001353781451571149
1 2 18 0.0011221632927017216
2 1 18 0.0009533073243167377
2 2 18 0.0013391829859344144
1 1 19 0.0011868812553947462
1 2 19 0.0008484096660991966
2 1 19 0.0009845010114268673
2 2 19 0.0011545777676424886
1 1 20 0.0009831535740763464
1 2 20 0.0009465204619585145
2 1 20 0.0011442036906303915
2 2 20 0.0008325789272359979
