Norm difference: 1.0
Norm difference: 0.9999999999999998
1 1
1 2
1 3
2 1
2 2
2 3
3 1
3 2
3 3
1 1
1 2
1 3
2 1
2 2
2 3
3 1
3 2
3 3
1 1
1 2
1 3
2 1
2 2
2 3
3 1
3 2
3 3
1 1
1 2
1 3
2 1
2 2
2 3
3 1
3 2
3 3
1 1
1 2
1 3
2 1
2 2
2 3
3 1
3 2
3 3
1 1
1 2
1 3
2 1
2 2
2 3
3 1
3 2
3 3
1 1
1 2
1 3
2 1
2 2
2 3
3 1
3 2
3 3
1 1
1 2
1 3
2 1
2 2
2 3
3 1
3 2
3 3
1 1
1 2
1 3
2 1
2 2
2 3
3 1
3 2
3 3
1 1
1 2
1 3
2 1
2 2
2 3
3 1
3 2
3 3
1 1
1 2
1 3
2 1
2 2
2 3
3 1
3 2
3 3
1 1
1 2
1 3
2 1
2 2
2 3
3 1
3 2
3 3
1 1
1 2
1 3
2 1
2 2
2 3
3 1
3 2
3 3
1 1
1 2
1 3
2 1
2 2
2 3
3 1
3 2
3 3
1 1
1 2
1 3
2 1
2 2
2 3
3 1
3 2
3 3
1 1
1 2
1 3
2 1
2 2
2 3
3 1
3 2
3 3
1 1
1 2
1 3
2 1
2 2
2 3
3 1
3 2
3 3
1 1
1 2
1 3
2 1
2 2
2 3
3 1
3 2
3 3
1 1
1 2
1 3
2 1
2 2
2 3
3 1
3 2
3 3
1 1
1 2
1 3
2 1
2 2
2 3
3 1
3 2
3 3
1 1 1 0.0027728516390575888
1 2 1 0.002423199187417964
1 3 1 0.004091114020615674
2 1 1 0.0024213683996170254
2 2 1 0.00282134814913316
2 3 1 0.005023537153279934
3 1 1 0.0036039043937642046
3 2 1 0.0037592513841427076
3 3 1 0.003711458376277313
1 1 2 0.0019011776529059387
1 2 2 0.0018387257734502026
1 3 2 0.0024456349605644777
2 1 2 0.0031978116265888048
2 2 2 0.0028821534112169083
2 3 2 0.002557295525202073
3 1 2 0.0028945032847043643
3 2 2 0.003078015801703311
3 3 2 0.002370689404688621
1 1 3 0.0016332995484815167
1 2 3 0.0017973324419008683
1 3 3 0.0022352029740784892
2 1 3 0.0020644553697314566
2 2 3 0.0023677617301204315
2 3 3 0.003558708626893081
3 1 3 0.0024429008875401334
3 2 3 0.001522356478553808
3 3 3 0.0023167881751523277
1 1 4 0.0010545873893022212
1 2 4 0.0013675848412057572
1 3 4 0.0020739292949722562
2 1 4 0.0011311529047043725
2 2 4 0.0023235172700685836
2 3 4 0.0022734329792340347
3 1 4 0.002379546118271848
3 2 4 0.0016946058141868669
3 3 4 0.0019892171846072953
1 1 5 0.0009156800363874177
1 2 5 0.0011507883311684744
1 3 5 0.0012171632543947948
2 1 5 0.0011609075238512598
2 2 5 0.001618695900236607
2 3 5 0.002272508524000862
3 1 5 0.0015103412475564845
3 2 5 0.001373384176097035
3 3 5 0.0019941711583543794
1 1 6 0.0011968960326556237
1 2 6 0.001315698235453168
1 3 6 0.0009870169540191999
2 1 6 0.0014469948761720143
2 2 6 0.0018835403049305428
2 3 6 0.0016534324177155473
3 1 6 0.0007402884740971196
3 2 6 0.0015333761145199416
3 3 6 0.0017395317560228718
1 1 7 0.0008654419142867853
1 2 7 0.0008817744198751302
1 3 7 0.0010136212974496488
2 1 7 0.0013393495976981207
2 2 7 0.0012947023456146359
2 3 7 0.0016359905365326104
3 1 7 0.001178377841902591
3 2 7 0.0012061923275347973
3 3 7 0.0014101076654989854
1 1 8 0.0009462020476761635
1 2 8 0.0013200976074517748
1 3 8 0.0006698333259331949
2 1 8 0.0015467583302523952
2 2 8 0.0017608186876932885
2 3 8 0.0011666314657951522
3 1 8 0.0011338810006170951
3 2 8 0.000990253936279341
3 3 8 0.001924652724657716
1 1 9 0.0006476907652812924
1 2 9 0.0008859166140545167
1 3 9 0.0014252413913566288
2 1 9 0.0008780243411065987
2 2 9 0.0012075138453845244
2 3 9 0.0016481701345620152
3 1 9 0.0009072064393058391
3 2 9 0.0006474937362790043
3 3 9 0.001090382583069364
1 1 10 0.0006613402976137315
1 2 10 0.00046058099944411854
1 3 10 0.001186177739895558
2 1 10 0.0012342633025455214
2 2 10 0.0013366375440225678
2 3 10 0.0015638564177276174
3 1 10 0.0011436195917283569
3 2 10 0.0014031432616135708
3 3 10 0.001233285338250493
1 1 11 0.0007235998136224953
1 2 11 0.0005723400347826561
1 3 11 0.001404193888037502
2 1 11 0.001076498530100161
2 2 11 0.0006447238600862867
2 3 11 0.002255603008214961
3 1 11 0.0008830876129306498
3 2 11 0.00044135358313851617
3 3 11 0.0014936070291331038
1 1 12 0.0007049598260197633
1 2 12 0.00041366787355553194
1 3 12 0.0009557989154818241
2 1 12 0.0010398115774371284
2 2 12 0.0004993776361819083
2 3 12 0.0011834345774939556
3 1 12 0.0010020558027794108
3 2 12 0.0006570735130010432
3 3 12 0.0010259613297079555
1 1 13 0.0005892992602697989
1 2 13 0.00041850724377187853
1 3 13 0.0009006111376164173
2 1 13 0.0009849216866878584
2 2 13 0.0007132649969222227
2 3 13 0.0016733939541344514
3 1 13 0.0010817153728217071
3 2 13 0.0007474379305772359
3 3 13 0.0013270091823202523
1 1 14 0.0006197860698439085
1 2 14 0.0004494172380192247
1 3 14 0.0006934589475283818
2 1 14 0.001062602967753828
2 2 14 0.0005194169215877213
2 3 14 0.000987178499856386
3 1 14 0.0009181935922446333
3 2 14 0.00040567080788302356
3 3 14 0.0007030005650242136
1 1 15 0.0005237637446540182
1 2 15 0.00038298228732810226
1 3 15 0.0006429336453780497
2 1 15 0.0007684327649409215
2 2 15 0.0005489105071281915
2 3 15 0.000886223670874116
3 1 15 0.0006773786656092845
3 2 15 0.0005492052670128394
3 3 15 0.0007783044944024261
1 1 16 0.00045610403755968457
1 2 16 0.0003289145152499715
1 3 16 0.0004404004285350692
2 1 16 0.0007219367210979341
2 2 16 0.0005068925450085593
2 3 16 0.0006086270713825191
3 1 16 0.0007018127982882204
3 2 16 0.0004361300611300663
3 3 16 0.000708389611299321
1 1 17 0.000532272432675357
1 2 17 0.00025278715289483615
1 3 17 0.0004751688892277445
2 1 17 0.000652012032713509
2 2 17 0.0003605428066078128
2 3 17 0.0006809247588271308
3 1 17 0.0006238765946703063
3 2 17 0.00044455766857382097
3 3 17 0.000736514628805573
1 1 18 0.0005778871540474708
1 2 18 0.00028244161142687715
1 3 18 0.0004902550139936266
2 1 18 0.0007144699903906275
2 2 18 0.00033035668510142434
2 3 18 0.0005690193624910342
3 1 18 0.0005208001451899464
3 2 18 0.0003423365865020443
3 3 18 0.0005380147659259051
1 1 19 0.0004303773246610612
1 2 19 0.0002508333157012636
1 3 19 0.0004190678246411581
2 1 19 0.0006957629007250206
2 2 19 0.0002825353616665876
2 3 19 0.0005830748418245939
3 1 19 0.0006050791229588355
3 2 19 0.0004492826110613843
3 3 19 0.0006445763149619789
1 1 20 0.00045948193612099336
1 2 20 0.0002968536274553179
1 3 20 0.0003455977533930851
2 1 20 0.0007150625722646917
2 2 20 0.0003964542391631209
2 3 20 0.0005493013521508129
3 1 20 0.0005580049663327452
3 2 20 0.0004704203790361825
3 3 20 0.0006236526450250108
