Norm difference: 1.0
Norm difference: 1.0
1 1
1 2
1 3
2 1
2 2
2 3
3 1
3 2
3 3
1 1
1 2
1 3
2 1
2 2
2 3
3 1
3 2
3 3
1 1
1 2
1 3
2 1
2 2
2 3
3 1
3 2
3 3
1 1
1 2
1 3
2 1
2 2
2 3
3 1
3 2
3 3
1 1
1 2
1 3
2 1
2 2
2 3
3 1
3 2
3 3
1 1
1 2
1 3
2 1
2 2
2 3
3 1
3 2
3 3
1 1
1 2
1 3
2 1
2 2
2 3
3 1
3 2
3 3
1 1
1 2
1 3
2 1
2 2
2 3
3 1
3 2
3 3
1 1
1 2
1 3
2 1
2 2
2 3
3 1
3 2
3 3
1 1
1 2
1 3
2 1
2 2
2 3
3 1
3 2
3 3
1 1
1 2
1 3
2 1
2 2
2 3
3 1
3 2
3 3
1 1
1 2
1 3
2 1
2 2
2 3
3 1
3 2
3 3
1 1
1 2
1 3
2 1
2 2
2 3
3 1
3 2
3 3
1 1
1 2
1 3
2 1
2 2
2 3
3 1
3 2
3 3
1 1
1 2
1 3
2 1
2 2
2 3
3 1
3 2
3 3
1 1
1 2
1 3
2 1
2 2
2 3
3 1
3 2
3 3
1 1
1 2
1 3
2 1
2 2
2 3
3 1
3 2
3 3
1 1
1 2
1 3
2 1
2 2
2 3
3 1
3 2
3 3
1 1
1 2
1 3
2 1
2 2
2 3
3 1
3 2
3 3
1 1
1 2
1 3
2 1
2 2
2 3
3 1
3 2
3 3
1 1 1 0.016893182590909727
1 2 1 0.01715348324799935
1 3 1 0.016974612295195066
2 1 1 0.015776553982817923
2 2 1 0.014603054130210544
2 3 1 0.023571562302258785
3 1 1 0.018887776884848828
3 2 1 0.02439099679042799
3 3 1 0.023560407445627592
1 1 2 0.012852594641992182
1 2 2 0.015699702621349454
1 3 2 0.018928975156456064
2 1 2 0.016469269060110897
2 2 2 0.014010146539185956
2 3 2 0.015203941448259345
3 1 2 0.01974023067803357
3 2 2 0.019462678826745704
3 3 2 0.02395212642550452
1 1 3 0.013191295907412609
1 2 3 0.013759121698026571
1 3 3 0.01880480235554452
2 1 3 0.011920312275337592
2 2 3 0.014489782741420437
2 3 3 0.015596032531255823
3 1 3 0.02113600774142765
3 2 3 0.018707529970499383
3 3 3 0.016139594377186574
1 1 4 0.015620790512987714
1 2 4 0.012647881231555866
1 3 4 0.016367935058341894
2 1 4 0.0138495364225097
2 2 4 0.009394845210397287
2 3 4 0.014492456771640882
3 1 4 0.016858493357707574
3 2 4 0.016702715186837795
3 3 4 0.0172727947180742
1 1 5 0.01200973617356002
1 2 5 0.012920641617461977
1 3 5 0.011790710232141838
2 1 5 0.01011919339983732
2 2 5 0.010313255930989394
2 3 5 0.009600812082581905
3 1 5 0.013322482696892509
3 2 5 0.01433079732098524
3 3 5 0.015014626994753973
1 1 6 0.00947837767967042
1 2 6 0.01128561500127145
1 3 6 0.008935820475505122
2 1 6 0.011962024822116843
2 2 6 0.010778947425137594
2 3 6 0.010136748627469331
3 1 6 0.010646196310468283
3 2 6 0.014885534168106156
3 3 6 0.01683022984910355
1 1 7 0.010048393932161304
1 2 7 0.009118561903502211
1 3 7 0.009358625923730655
2 1 7 0.008755113343978977
2 2 7 0.009183399108966454
2 3 7 0.008609107625078102
3 1 7 0.012567589188501779
3 2 7 0.009037570902998211
3 3 7 0.01237956609703775
1 1 8 0.010618651284126831
1 2 8 0.009019658800146619
1 3 8 0.0071827344529552155
2 1 8 0.00829492720609514
2 2 8 0.008043231054522664
2 3 8 0.008910821921114321
3 1 8 0.01224108682567348
3 2 8 0.011233502404531356
3 3 8 0.00948812861345728
1 1 9 0.008702041920655204
1 2 9 0.006228537883900605
1 3 9 0.006942680627003038
2 1 9 0.006509189321278058
2 2 9 0.007374892568826142
2 3 9 0.00842963375901457
3 1 9 0.007673222355159157
3 2 9 0.009800126752998434
3 3 9 0.007535649548193295
1 1 10 0.007728337404305711
1 2 10 0.006058414179037971
1 3 10 0.00791344206845469
2 1 10 0.006502058527370504
2 2 10 0.008075925713550477
2 3 10 0.0062462625447124226
3 1 10 0.009855811900146857
3 2 10 0.008960333585649646
3 3 10 0.009969628575171526
1 1 11 0.006165486131387956
1 2 11 0.006319125199479005
1 3 11 0.006541422897662954
2 1 11 0.005849418336468274
2 2 11 0.00564679492253369
2 3 11 0.006506336165150175
3 1 11 0.00774779526950143
3 2 11 0.0076896468503134625
3 3 11 0.009959746376201856
1 1 12 0.005290172810602993
1 2 12 0.0062235186692169795
1 3 12 0.006578758432515446
2 1 12 0.006897400433778994
2 2 12 0.005797700836987841
2 3 12 0.006317354640975102
3 1 12 0.008671080838449984
3 2 12 0.006530867143541105
3 3 12 0.008716583075543759
1 1 13 0.004690222771056664
1 2 13 0.005602517329066315
1 3 13 0.006636333769499353
2 1 13 0.0052433917434807475
2 2 13 0.00542351574934428
2 3 13 0.0060213941203017185
3 1 13 0.006947977759728255
3 2 13 0.005645173640655586
3 3 13 0.007892677851848735
1 1 14 0.004507216464760253
1 2 14 0.005282069489532987
1 3 14 0.005394362778323175
2 1 14 0.007006832455484247
2 2 14 0.005879939066604522
2 3 14 0.005698494945701657
3 1 14 0.006828734679278146
3 2 14 0.005848218614339737
3 3 14 0.005144612721725882
1 1 15 0.0056752981100642
1 2 15 0.005280460375650299
1 3 15 0.004851966586174778
2 1 15 0.005367794846684936
2 2 15 0.005035266798177328
2 3 15 0.004810709016355419
3 1 15 0.006115178792227401
3 2 15 0.005980840812800465
3 3 15 0.006688335881773491
1 1 16 0.005095928207001943
1 2 16 0.005102297655968991
1 3 16 0.005677104068888915
2 1 16 0.00500015292156252
2 2 16 0.005837101790520378
2 3 16 0.005332773362682178
3 1 16 0.006941466817703865
3 2 16 0.005898775135665037
3 3 16 0.00554221504656608
1 1 17 0.004757283161324864
1 2 17 0.004196635340319841
1 3 17 0.00524205207291634
2 1 17 0.005812644741873278
2 2 17 0.005405049458646706
2 3 17 0.004875888954236379
3 1 17 0.0066815529961155974
3 2 17 0.005524347337568873
3 3 17 0.005832665168030148
1 1 18 0.006091754520205123
1 2 18 0.005282439264222527
1 3 18 0.004231489873153155
2 1 18 0.005726500610393056
2 2 18 0.005449511691399822
2 3 18 0.0053259558748837005
3 1 18 0.005181158830290295
3 2 18 0.006374681765990738
3 3 18 0.005501893169080347
1 1 19 0.005166604035872191
1 2 19 0.004427445942330295
1 3 19 0.0036711960103827657
2 1 19 0.005636568377344565
2 2 19 0.00564057758558457
2 3 19 0.004757882310109748
3 1 19 0.005274038533790948
3 2 19 0.006479561922034953
3 3 19 0.006440466231011972
1 1 20 0.005596213937354161
1 2 20 0.0044015631746439614
1 3 20 0.004509172327433201
2 1 20 0.004926694888764783
2 2 20 0.005727505386756897
2 3 20 0.005527541516738783
3 1 20 0.005439296270133551
3 2 20 0.005573596326720693
3 3 20 0.005857244722514134
