Norm difference: 1.0
Norm difference: 1.0
1 1
1 2
1 3
2 1
2 2
2 3
3 1
3 2
3 3
1 1
1 2
1 3
2 1
2 2
2 3
3 1
3 2
3 3
1 1
1 2
1 3
2 1
2 2
2 3
3 1
3 2
3 3
1 1
1 2
1 3
2 1
2 2
2 3
3 1
3 2
3 3
1 1
1 2
1 3
2 1
2 2
2 3
3 1
3 2
3 3
1 1
1 2
1 3
2 1
2 2
2 3
3 1
3 2
3 3
1 1
1 2
1 3
2 1
2 2
2 3
3 1
3 2
3 3
1 1
1 2
1 3
2 1
2 2
2 3
3 1
3 2
3 3
1 1
1 2
1 3
2 1
2 2
2 3
3 1
3 2
3 3
1 1
1 2
1 3
2 1
2 2
2 3
3 1
3 2
3 3
1 1
1 2
1 3
2 1
2 2
2 3
3 1
3 2
3 3
1 1
1 2
1 3
2 1
2 2
2 3
3 1
3 2
3 3
1 1
1 2
1 3
2 1
2 2
2 3
3 1
3 2
3 3
1 1
1 2
1 3
2 1
2 2
2 3
3 1
3 2
3 3
1 1
1 2
1 3
2 1
2 2
2 3
3 1
3 2
3 3
1 1
1 2
1 3
2 1
2 2
2 3
3 1
3 2
3 3
1 1
1 2
1 3
2 1
2 2
2 3
3 1
3 2
3 3
1 1
1 2
1 3
2 1
2 2
2 3
3 1
3 2
3 3
1 1
1 2
1 3
2 1
2 2
2 3
3 1
3 2
3 3
1 1
1 2
1 3
2 1
2 2
2 3
3 1
3 2
3 3
1 1 1 0.02308161756226757
1 2 1 0.019777382865322688
1 3 1 0.017952225279179716
2 1 1 0.02016871345293427
2 2 1 0.016068635154955387
2 3 1 0.01800033074109648
3 1 1 0.01998613300474696
3 2 1 0.02105137742059012
3 3 1 0.015222371843316086
1 1 2 0.021495781199246937
1 2 2 0.018522115906256638
1 3 2 0.014445566077991457
2 1 2 0.01835905661771206
2 2 2 0.015096015500276876
2 3 2 0.014237707903232744
3 1 2 0.01803787191172318
3 2 2 0.01441736442587117
3 3 2 0.01771484546057605
1 1 3 0.01789464058720365
1 2 3 0.014852848414056754
1 3 3 0.01448613821449797
2 1 3 0.016821202333703912
2 2 3 0.013996741331119491
2 3 3 0.013210807170738678
3 1 3 0.023113106173617563
3 2 3 0.016413513981928706
3 3 3 0.013668305208318295
1 1 4 0.019459273481978474
1 2 4 0.018181455029511445
1 3 4 0.016709279851098602
2 1 4 0.011602646419745751
2 2 4 0.014977387253257018
2 3 4 0.014745175552695514
3 1 4 0.019312167054909908
3 2 4 0.011088211986641932
3 3 4 0.013174404522872163
1 1 5 0.02025153284007582
1 2 5 0.016468176796225954
1 3 5 0.016315744364956412
2 1 5 0.01292429364399772
2 2 5 0.011443781158519867
2 3 5 0.014166248387824385
3 1 5 0.013866066866480935
3 2 5 0.014665432825708192
3 3 5 0.014715528398565898
1 1 6 0.01383409215802174
1 2 6 0.01619611629614662
1 3 6 0.017269833243330913
2 1 6 0.010169295300606677
2 2 6 0.011200017922694497
2 3 6 0.01488375864324885
3 1 6 0.014560472732953517
3 2 6 0.010473782971009874
3 3 6 0.013998222076086444
1 1 7 0.011095996117856954
1 2 7 0.017230869670776094
1 3 7 0.018060947421949407
2 1 7 0.01165229968252013
2 2 7 0.00978390460259802
2 3 7 0.013767971200571766
3 1 7 0.011644473127023089
3 2 7 0.01218667185823341
3 3 7 0.014899450723748695
1 1 8 0.01121257109756205
1 2 8 0.012790683981713426
1 3 8 0.01709321352792912
2 1 8 0.008978504120133523
2 2 8 0.00836242638682647
2 3 8 0.012313366076971293
3 1 8 0.013619087557747036
3 2 8 0.012729600105161118
3 3 8 0.01295497753533637
1 1 9 0.013015624607098805
1 2 9 0.009718703023931272
1 3 9 0.012725602015195157
2 1 9 0.008819362311452219
2 2 9 0.006959192862118807
2 3 9 0.010508257243077178
3 1 9 0.010009318959831046
3 2 9 0.009921312204182195
3 3 9 0.013543667320940098
1 1 10 0.010558400517689049
1 2 10 0.007395306135064625
1 3 10 0.012025946262689612
2 1 10 0.007732089641032215
2 2 10 0.007115466326366901
2 3 10 0.008843011400705274
3 1 10 0.012556817712282398
3 2 10 0.011239360369888016
3 3 10 0.011277995700054846
1 1 11 0.010177746618930431
1 2 11 0.008670434764078508
1 3 11 0.0127823121465219
2 1 11 0.007086711737001354
2 2 11 0.004652031192654253
2 3 11 0.008538109044898273
3 1 11 0.008811556502707726
3 2 11 0.008633442322485087
3 3 11 0.010778036329511274
1 1 12 0.009518337781827507
1 2 12 0.008330576331727691
1 3 12 0.012532243234320492
2 1 12 0.006242186296302054
2 2 12 0.0038453451748375403
2 3 12 0.007322107150999321
3 1 12 0.007812308627635556
3 2 12 0.008380957439192004
3 3 12 0.010609447670740341
1 1 13 0.007839754632895045
1 2 13 0.005851042866662344
1 3 13 0.010956950685679338
2 1 13 0.004575924369457039
2 2 13 0.0033691513847566926
2 3 13 0.006999031500210015
3 1 13 0.007246382393943486
3 2 13 0.006798115600798169
3 3 13 0.008978750398639853
1 1 14 0.006853173891550064
1 2 14 0.003478908101401197
1 3 14 0.009202124617965771
2 1 14 0.004467777021317875
2 2 14 0.003706704130828778
2 3 14 0.0060958332853082485
3 1 14 0.0068917441123913
3 2 14 0.006723943558647885
3 3 14 0.008660443332572855
1 1 15 0.00535434864831022
1 2 15 0.004431393366316527
1 3 15 0.008861316646229165
2 1 15 0.003785420483169909
2 2 15 0.0028515433298490944
2 3 15 0.005471400447035241
3 1 15 0.007269786918262608
3 2 15 0.005957869519887601
3 3 15 0.008727158123452778
1 1 16 0.005233615319969453
1 2 16 0.004788445918404708
1 3 16 0.00729791542457066
2 1 16 0.0033600268751270263
2 2 16 0.002605389502017162
2 3 16 0.003940358435506913
3 1 16 0.005085877292288223
3 2 16 0.004628432262510743
3 3 16 0.0088148792050422
1 1 17 0.004515521831483017
1 2 17 0.0037468622446798563
1 3 17 0.005431822210573509
2 1 17 0.0023410205580953122
2 2 17 0.0026582558470920896
2 3 17 0.0030536497070666473
3 1 17 0.005674908161521756
3 2 17 0.004337740593134862
3 3 17 0.006740637745260505
1 1 18 0.0040810568295839966
1 2 18 0.0030177874551229385
1 3 18 0.004915456796602137
2 1 18 0.002430270245320957
2 2 18 0.0018851491306540499
2 3 18 0.003194989762604498
3 1 18 0.0042325686715656355
3 2 18 0.0037510232258681914
3 3 18 0.00579963944622033
1 1 19 0.0026855196525221578
1 2 19 0.0026641227351016468
1 3 19 0.004393322722333512
2 1 19 0.0021295580907753128
2 2 19 0.001794343277261514
2 3 19 0.002476343559811564
3 1 19 0.004328588781181293
3 2 19 0.0024659057317929635
3 3 19 0.0046818769572541715
1 1 20 0.0029462991965925425
1 2 20 0.0024470773037507574
1 3 20 0.0038289353714339863
2 1 20 0.0017037899940218662
2 2 20 0.0011707697792534475
2 3 20 0.0021322584567596207
3 1 20 0.0037474211557077092
3 2 20 0.0025714620446905885
3 3 20 0.0033675707033085436
