Norm difference: 1.0
Norm difference: 1.0
1 1
1 2
2 1
2 2
1 1
1 2
2 1
2 2
1 1
1 2
2 1
2 2
1 1
1 2
2 1
2 2
1 1
1 2
2 1
2 2
1 1
1 2
2 1
2 2
1 1
1 2
2 1
2 2
1 1
1 2
2 1
2 2
1 1
1 2
2 1
2 2
1 1
1 2
2 1
2 2
1 1
1 2
2 1
2 2
1 1
1 2
2 1
2 2
1 1
1 2
2 1
2 2
1 1
1 2
2 1
2 2
1 1
1 2
2 1
2 2
1 1
1 2
2 1
2 2
1 1
1 2
2 1
2 2
1 1
1 2
2 1
2 2
1 1
1 2
2 1
2 2
1 1
1 2
2 1
2 2
1 1 1 0.005775781665008436
1 2 1 0.005115345819263361
2 1 1 0.006490223899679191
2 2 1 0.006024200012524174
1 1 2 0.004854693512377231
1 2 2 0.004868434274594509
2 1 2 0.005168961345587396
2 2 2 0.0054503061880880315
1 1 3 0.004197087140295859
1 2 3 0.004017442999634411
2 1 3 0.005221303555807293
2 2 3 0.004168964107869379
1 1 4 0.004763574656620648
1 2 4 0.0046772872600959765
2 1 4 0.004366273829919524
2 2 4 0.004922328102288874
1 1 5 0.004505587035011064
1 2 5 0.0053092091814439584
2 1 5 0.004781949849946219
2 2 5 0.005210959568075676
1 1 6 0.0035913707978070817
1 2 6 0.004138770010458561
2 1 6 0.0034700556647666325
2 2 6 0.004059313672078752
1 1 7 0.003068435016714699
1 2 7 0.0038013532819082844
2 1 7 0.002703104997955591
2 2 7 0.003412079846014515
1 1 8 0.002637454879595837
1 2 8 0.002757548519102701
2 1 8 0.00320146887413702
2 2 8 0.0028210902382378293
1 1 9 0.003927371951570833
1 2 9 0.001695875503867644
2 1 9 0.0028926850140429516
2 2 9 0.002770730596013259
1 1 10 0.0017959414267857815
1 2 10 0.0027053371375728094
2 1 10 0.0023907886813782212
2 2 10 0.0028073361846085295
1 1 11 0.0013853013485412991
1 2 11 0.0028327416685066014
2 1 11 0.002350199857971787
2 2 11 0.002020785270135342
1 1 12 0.0020889102259018977
1 2 12 0.0017490834962619738
2 1 12 0.0018601796423511649
2 2 12 0.001476558116135404
1 1 13 0.0018884088262526408
1 2 13 0.0010564332307870217
2 1 13 0.0015755459792603892
2 2 13 0.0015570241907996807
1 1 14 0.0013286530291691137
1 2 14 0.000954109985694715
2 1 14 0.0011852286030748442
2 2 14 0.0012860572256280251
1 1 15 0.0010397627514583889
1 2 15 0.0014390340923070954
2 1 15 0.0010744432414086368
2 2 15 0.0012224693727398048
1 1 16 0.0008807430020783283
1 2 16 0.0010859295432547977
2 1 16 0.0010012916537385274
2 2 16 0.0010608247837534653
1 1 17 0.0009606722471196215
1 2 17 0.0008111554025601568
2 1 17 0.0009470837535942945
2 2 17 0.0007848633347587279
1 1 18 0.001092173759271616
1 2 18 0.0007625284355187536
2 1 18 0.0009821276663096838
2 2 18 0.000607138599065627
1 1 19 0.0006072640527611895
1 2 19 0.0005770391651376216
2 1 19 0.0005630684495060496
2 2 19 0.0004830960339355705
1 1 20 0.00045769046800824936
1 2 20 0.0007255693916131229
2 1 20 0.00039371021911221256
2 2 20 0.0006799437191548004
