Norm difference: 1.0
Norm difference: 1.0
1 1
1 2
2 1
2 2
1 1
1 2
2 1
2 2
1 1
1 2
2 1
2 2
1 1
1 2
2 1
2 2
1 1
1 2
2 1
2 2
1 1
1 2
2 1
2 2
1 1
1 2
2 1
2 2
1 1
1 2
2 1
2 2
1 1
1 2
2 1
2 2
1 1
1 2
2 1
2 2
1 1
1 2
2 1
2 2
1 1
1 2
2 1
2 2
1 1
1 2
2 1
2 2
1 1
1 2
2 1
2 2
1 1
1 2
2 1
2 2
1 1
1 2
2 1
2 2
1 1
1 2
2 1
2 2
1 1
1 2
2 1
2 2
1 1
1 2
2 1
2 2
1 1
1 2
2 1
2 2
1 1 1 0.005678332697300647
1 2 1 0.00950534117358478
2 1 1 0.0052605716368093105
2 2 1 0.00735411399156746
1 1 2 0.006864657324671388
1 2 2 0.005341316906805406
2 1 2 0.004366629147820866
2 2 2 0.005590644949468204
1 1 3 0.0038962362841203787
1 2 3 0.004627992327472295
2 1 3 0.003864979266924782
2 2 3 0.005230906789815982
1 1 4 0.0036881576387567104
1 2 4 0.004348605310639647
2 1 4 0.004310188348245489
2 2 4 0.0029557891461132815
1 1 5 0.0038728536390470027
1 2 5 0.0033935094126306326
2 1 5 0.003388484524341196
2 2 5 0.003610657284758189
1 1 6 0.00438319424299845
1 2 6 0.003260668548539695
2 1 6 0.0025880893007501305
2 2 6 0.0034791257881226093
1 1 7 0.002701447051506776
1 2 7 0.004485974018122643
2 1 7 0.002053862956196734
2 2 7 0.002355985635868133
1 1 8 0.0024221637808834124
1 2 8 0.0026562198150096314
2 1 8 0.0013489412183124196
2 2 8 0.002499432669387882
1 1 9 0.0015455195024107738
1 2 9 0.0030582287084102815
2 1 9 0.0015212465782015801
2 2 9 0.001987877380089645
1 1 10 0.0016289059826933637
1 2 10 0.0025494646971611205
2 1 10 0.0015928568526094623
2 2 10 0.001301716608406839
1 1 11 0.0021044213336695403
1 2 11 0.001169730483428924
2 1 11 0.0009250842130411396
2 2 11 0.0009811205081119523
1 1 12 0.0008376915284802545
1 2 12 0.0011254896524091214
2 1 12 0.0005232154197376277
2 2 12 0.0006549388179029313
1 1 13 0.00030847889456114873
1 2 13 0.0007112237597139493
2 1 13 0.0003377431790827909
2 2 13 0.00034574715373166963
1 1 14 0.0002984218549365289
1 2 14 0.000387037524343185
2 1 14 0.0002503293498403365
2 2 14 0.0003316157454490969
1 1 15 0.00023062647587636988
1 2 15 0.00022305530757411085
2 1 15 0.0003421493253901543
2 2 15 0.0002816725352050767
1 1 16 0.0003114362695673041
1 2 16 0.0003153867845630813
2 1 16 0.00029471730270750967
2 2 16 0.00025709555631585004
1 1 17 0.0002685892207734248
1 2 17 0.00018114497040345513
2 1 17 0.00031564147321616436
2 2 17 0.00022647096444608595
1 1 18 0.000326139297949176
1 2 18 0.00024032234524792748
2 1 18 0.0002884036471290172
2 2 18 0.0001864735802217427
1 1 19 0.00020230012592570984
1 2 19 0.0001761804554847115
2 1 19 0.0002147718261186738
2 2 19 0.00016796900317815334
1 1 20 0.00028401844487961354
1 2 20 0.00018198043051202134
2 1 20 0.0001900161193447646
2 2 20 0.00015273862750028443
