W: 3.6
num_iter: 0
[-0.96000436 -0.96000436 -0.94956999 -0.94956999 -0.93765671 -0.93765671
 -0.92521093 -0.92521093 -0.91165463 -0.91165463 -0.89710972 -0.89710972
 -0.88053578 -0.88053578 -0.86323501 -0.86323501 -0.84497052 -0.84497052
 -0.82561049 -0.82561049 -0.80468174 -0.80468174 -0.7832954  -0.7832954
 -0.7602435  -0.7602435  -0.73630305 -0.73630305 -0.71094124 -0.71094124
 -0.68407396 -0.68407396 -0.65624416 -0.65624416 -0.6269871  -0.6269871
 -0.59581781 -0.59581781 -0.56372569 -0.56372569 -0.52979791 -0.52979791
 -0.49403279 -0.49403279 -0.45651436 -0.45651436 -0.41779708 -0.41779708
 -0.37701205 -0.37701205 -0.33445287 -0.33445287 -0.28983906 -0.28983906
 -0.24431382 -0.24431382 -0.19682214 -0.19682214 -0.14700068 -0.14700068
 -0.09524405 -0.09524405 -0.03646808 -0.03646808  0.0364689   0.0364689
  0.09524409  0.09524409  0.14699844  0.14699844  0.19681589  0.19681589
  0.24430785  0.24430785  0.2898442   0.2898442   0.33444107  0.33444107
  0.37700531  0.37700531  0.41779592  0.41779592  0.4565116   0.4565116
  0.49403661  0.49403661  0.5298007   0.5298007   0.56372787  0.56372787
  0.59581462  0.59581462  0.6269909   0.6269909   0.65623734  0.65623734
  0.68407428  0.68407428  0.71094067  0.71094067  0.73630899  0.73630899
  0.760242    0.760242    0.78329062  0.78329062  0.80468373  0.80468373
  0.82560411  0.82560411  0.84497596  0.84497596  0.86323502  0.86323502
  0.880543    0.880543    0.89711698  0.89711698  0.91165858  0.91165858
  0.9252173   0.9252173   0.93766297  0.93766297  0.94956777  0.94956777
  0.96000339  0.96000339]
localization_length: 0.8569137467638714
0.8542432278090817
W_list: [3.6]
L_list: [27.335783289890614]
