[-2.41421356 -1.         -1.         -0.41421356  0.41421356  1.
  1.          2.41421356]
W: 3.2
num_iter: 0
[-0.77465969 -0.74765589 -0.71859795 -0.68743069 -0.65287928 -0.61687182
 -0.57846691 -0.53756849 -0.49465253 -0.4500724  -0.40235233 -0.3500854
 -0.29607863 -0.23758079 -0.17283471 -0.09721519  0.09721905  0.17283199
  0.23757623  0.29608407  0.35008901  0.40232821  0.45009736  0.49464528
  0.53756363  0.5784667   0.61688542  0.65287162  0.68742487  0.71860014
  0.74765499  0.77466411]
localization_length: 0.6429036714828421
0.6358882808908409
W_list: [3.2]
L_list: [0.6358882808908409]
[-2.41421356 -1.         -1.         -0.41421356  0.41421356  1.
  1.          2.41421356]
W: 3.2
num_iter: 0
[-0.77406674 -0.74725898 -0.71801166 -0.68679492 -0.652586   -0.61654368
 -0.57811544 -0.53661543 -0.49427296 -0.44927298 -0.40071165 -0.35001424
 -0.29643503 -0.23771734 -0.17152702 -0.09753995  0.09753726  0.17151772
  0.23772043  0.29642713  0.35001563  0.40070385  0.44929076  0.49427041
  0.53661483  0.57810712  0.61653583  0.65258783  0.68680371  0.71801618
  0.74726015  0.77407516]
localization_length: 0.6407807760135021
0.651007737350232
W_list: [3.2]
L_list: [0.651007737350232]
