Norm difference: 1.0
Norm difference: 1.0000000000000002
1 1
1 2
2 1
2 2
1 1
1 2
2 1
2 2
1 1
1 2
2 1
2 2
1 1
1 2
2 1
2 2
1 1
1 2
2 1
2 2
1 1
1 2
2 1
2 2
1 1
1 2
2 1
2 2
1 1
1 2
2 1
2 2
1 1
1 2
2 1
2 2
1 1
1 2
2 1
2 2
1 1
1 2
2 1
2 2
1 1
1 2
2 1
2 2
1 1
1 2
2 1
2 2
1 1
1 2
2 1
2 2
1 1
1 2
2 1
2 2
1 1
1 2
2 1
2 2
1 1
1 2
2 1
2 2
1 1
1 2
2 1
2 2
1 1
1 2
2 1
2 2
1 1
1 2
2 1
2 2
1 1 1 0.008629959783318961
1 2 1 0.009413436995273427
2 1 1 0.00913299858862898
2 2 1 0.008151643421649837
1 1 2 0.006272618887761906
1 2 2 0.007246799696670818
2 1 2 0.008931711952792808
2 2 2 0.006432155375832728
1 1 3 0.006621965891856938
1 2 3 0.007468031466204823
2 1 3 0.006949501363638841
2 2 3 0.0065112671128514975
1 1 4 0.00770066895987024
1 2 4 0.006420150166047192
2 1 4 0.006023763904279107
2 2 4 0.007383027682977236
1 1 5 0.007716621086772525
1 2 5 0.0038802173401136105
2 1 5 0.005818483708940088
2 2 5 0.008387977074212443
1 1 6 0.006283111088839119
1 2 6 0.007785972605204768
2 1 6 0.007168525583631724
2 2 6 0.0053807297107272885
1 1 7 0.004049327230904341
1 2 7 0.008028102117666512
2 1 7 0.006687893535946093
2 2 7 0.005632603531591342
1 1 8 0.007258113751747819
1 2 8 0.005770003467716423
2 1 8 0.0052444921531103654
2 2 8 0.006066506647218005
1 1 9 0.0071308657901313285
1 2 9 0.004989544662317115
2 1 9 0.006369131886053822
2 2 9 0.006623449294701185
1 1 10 0.006748746506534911
1 2 10 0.004881392550078483
2 1 10 0.007376323458157334
2 2 10 0.005719711912113014
1 1 11 0.006546336231228892
1 2 11 0.006175934491137772
2 1 11 0.007212460929346856
2 2 11 0.004620237931983953
1 1 12 0.0054798557761895576
1 2 12 0.0065419214136947955
2 1 12 0.005856890515795488
2 2 12 0.004286639763421513
1 1 13 0.005446730715792028
1 2 13 0.00444659289501695
2 1 13 0.004046011078039099
2 2 13 0.005245435995611893
1 1 14 0.00536377638650039
1 2 14 0.0033876644787550875
2 1 14 0.0036620125630936876
2 2 14 0.003655399513054966
1 1 15 0.0037363667369566178
1 2 15 0.003800609916329468
2 1 15 0.00460650907298364
2 2 15 0.002942650998691404
1 1 16 0.0032003368336810086
1 2 16 0.0035078555401805668
2 1 16 0.003151597998950353
2 2 16 0.0029761999956398463
1 1 17 0.0031932461458781375
1 2 17 0.003041865607740911
2 1 17 0.0028158560787320272
2 2 17 0.0032723523469750035
1 1 18 0.002985399065858452
1 2 18 0.0026874914500631905
2 1 18 0.002531109880346625
2 2 18 0.0027571949941781705
1 1 19 0.0027133940129734453
1 2 19 0.002490234787033475
2 1 19 0.0028464821749143616
2 2 19 0.002707781597243572
1 1 20 0.0027490533186959225
1 2 20 0.002835350478245592
2 1 20 0.002839581656246963
2 2 20 0.0017449957994274338
