Norm difference: 1.0
Norm difference: 1.0
1 1
1 2
1 3
2 1
2 2
2 3
3 1
3 2
3 3
1 1
1 2
1 3
2 1
2 2
2 3
3 1
3 2
3 3
1 1
1 2
1 3
2 1
2 2
2 3
3 1
3 2
3 3
1 1
1 2
1 3
2 1
2 2
2 3
3 1
3 2
3 3
1 1
1 2
1 3
2 1
2 2
2 3
3 1
3 2
3 3
1 1
1 2
1 3
2 1
2 2
2 3
3 1
3 2
3 3
1 1
1 2
1 3
2 1
2 2
2 3
3 1
3 2
3 3
1 1
1 2
1 3
2 1
2 2
2 3
3 1
3 2
3 3
1 1
1 2
1 3
2 1
2 2
2 3
3 1
3 2
3 3
1 1
1 2
1 3
2 1
2 2
2 3
3 1
3 2
3 3
1 1
1 2
1 3
2 1
2 2
2 3
3 1
3 2
3 3
1 1
1 2
1 3
2 1
2 2
2 3
3 1
3 2
3 3
1 1
1 2
1 3
2 1
2 2
2 3
3 1
3 2
3 3
1 1
1 2
1 3
2 1
2 2
2 3
3 1
3 2
3 3
1 1
1 2
1 3
2 1
2 2
2 3
3 1
3 2
3 3
1 1
1 2
1 3
2 1
2 2
2 3
3 1
3 2
3 3
1 1
1 2
1 3
2 1
2 2
2 3
3 1
3 2
3 3
1 1
1 2
1 3
2 1
2 2
2 3
3 1
3 2
3 3
1 1
1 2
1 3
2 1
2 2
2 3
3 1
3 2
3 3
1 1
1 2
1 3
2 1
2 2
2 3
3 1
3 2
3 3
1 1 1 0.0232934789862267
1 2 1 0.02297253315505582
1 3 1 0.010152893474701653
2 1 1 0.015792474557059528
2 2 1 0.01463386545622348
2 3 1 0.012321300520564432
3 1 1 0.012770715574924218
3 2 1 0.012484723996155203
3 3 1 0.011722007363183237
1 1 2 0.014225003943173511
1 2 2 0.01710851758362685
1 3 2 0.014187844718892978
2 1 2 0.007739076079016673
2 2 2 0.011459695216640527
2 3 2 0.01238593693829072
3 1 2 0.018278126187972154
3 2 2 0.011747674107696575
3 3 2 0.010644280088581674
1 1 3 0.012568422200608798
1 2 3 0.01392276956042952
1 3 3 0.015588522441971986
2 1 3 0.008858109412066092
2 2 3 0.008037880385719252
2 3 3 0.010082844451529727
3 1 3 0.01429498420715527
3 2 3 0.01574037618777997
3 3 3 0.007864511909874056
1 1 4 0.008621938995660727
1 2 4 0.011463210003365676
1 3 4 0.013784443747118494
2 1 4 0.008780417829337228
2 2 4 0.010914270560586168
2 3 4 0.009477923655736586
3 1 4 0.007965647162554868
3 2 4 0.011931049615275548
3 3 4 0.009629353770722595
1 1 5 0.00910827484332204
1 2 5 0.01179605954345873
1 3 5 0.01230925150781478
2 1 5 0.009988568450967685
2 2 5 0.00814249763339719
2 3 5 0.007630858113459057
3 1 5 0.009729816435682687
3 2 5 0.008852717732350659
3 3 5 0.010745974208052187
1 1 6 0.010892314247647934
1 2 6 0.01095600463351282
1 3 6 0.012123329374840496
2 1 6 0.010500291377943798
2 2 6 0.008228279400525626
2 3 6 0.006609515084603362
3 1 6 0.00817275029299543
3 2 6 0.0066274857972414974
3 3 6 0.00801525611521782
1 1 7 0.010800580481508927
1 2 7 0.008952553759098278
1 3 7 0.008924412422181689
2 1 7 0.009658463713391657
2 2 7 0.00665028245955557
2 3 7 0.006468533502938545
3 1 7 0.0091821818118239
3 2 7 0.008159076200447007
3 3 7 0.006130425680634979
1 1 8 0.011650819348153664
1 2 8 0.008352495392819846
1 3 8 0.006211714879437996
2 1 8 0.009781821103779113
2 2 8 0.0064020669391917475
2 3 8 0.00505914389578008
3 1 8 0.009901286095870664
3 2 8 0.00855558212266021
3 3 8 0.005746141010576367
1 1 9 0.0119979004352419
1 2 9 0.006693351978903019
1 3 9 0.004665641293588197
2 1 9 0.008995009410172738
2 2 9 0.006420980206270119
2 3 9 0.005250531370391566
3 1 9 0.009902925169568009
3 2 9 0.005742809160259901
3 3 9 0.00650506668346335
1 1 10 0.01052479728016792
1 2 10 0.008205250478678778
1 3 10 0.005815415954128369
2 1 10 0.007999542205042462
2 2 10 0.006273016551500349
2 3 10 0.005977265211475192
3 1 10 0.008440413764964584
3 2 10 0.005037151854713208
3 3 10 0.006341575121905124
1 1 11 0.011772754998395729
1 2 11 0.007951835747099114
1 3 11 0.004365733850001475
2 1 11 0.007371140811598809
2 2 11 0.005105303592289453
2 3 11 0.005972069485270561
3 1 11 0.007418390002446276
3 2 11 0.004742706823006813
3 3 11 0.0047719030317076114
1 1 12 0.00932301407516462
1 2 12 0.006215637949108515
1 3 12 0.00796721373867083
2 1 12 0.005963974020922216
2 2 12 0.004279605890174628
2 3 12 0.0070019494484199795
3 1 12 0.006574859514769478
3 2 12 0.005517393459136881
3 3 12 0.005473493844476363
1 1 13 0.00721577304324827
1 2 13 0.005135176380774135
1 3 13 0.007723090225386886
2 1 13 0.005314413899145776
2 2 13 0.003887465156265388
2 3 13 0.005484475249884474
3 1 13 0.006658026967010093
3 2 13 0.005582208739890996
3 3 13 0.004826769719409732
1 1 14 0.005812108097287729
1 2 14 0.005342643832295015
1 3 14 0.0066781209994667984
2 1 14 0.004138173477723141
2 2 14 0.004013392501647598
2 3 14 0.0059574817164886424
3 1 14 0.005293529465129002
3 2 14 0.004101069974546312
3 3 14 0.005387629167791955
1 1 15 0.005856912797909781
1 2 15 0.004375078414880501
1 3 15 0.007777022313105432
2 1 15 0.004380567311975666
2 2 15 0.003947585829502628
2 3 15 0.003885489728341777
3 1 15 0.004378490118944047
3 2 15 0.003634049015653562
3 3 15 0.006380584956116005
1 1 16 0.004967883672650148
1 2 16 0.00407862362495358
1 3 16 0.004674090204037749
2 1 16 0.003246980620499232
2 2 16 0.004014701009194476
2 3 16 0.00414524159929088
3 1 16 0.0038659929647427934
3 2 16 0.003161562131626863
3 3 16 0.004550179765307899
1 1 17 0.003220032710236355
1 2 17 0.0042552800508953
1 3 17 0.004534555176227681
2 1 17 0.004571167640766367
2 2 17 0.003528631976241562
2 3 17 0.0025379081794156943
3 1 17 0.004180121246886379
3 2 17 0.0038922984793553746
3 3 17 0.004231622723949427
1 1 18 0.005101680942798031
1 2 18 0.004392908713820039
1 3 18 0.0037849694439221508
2 1 18 0.0035728944537189527
2 2 18 0.003287538539101089
2 3 18 0.0028735471110407
3 1 18 0.0038431426772283484
3 2 18 0.0033425427772777678
3 3 18 0.0032899790878258284
1 1 19 0.0037574529225518744
1 2 19 0.003309168962132331
1 3 19 0.0031858132596299903
2 1 19 0.0033908629332771367
2 2 19 0.0036413650344595586
2 3 19 0.002473436960918582
3 1 19 0.00364603220230088
3 2 19 0.0037000157932632837
3 3 19 0.0025317068431793934
1 1 20 0.0044723439981048056
1 2 20 0.00396894163105288
1 3 20 0.0028184644669441788
2 1 20 0.003046729690706648
2 2 20 0.003266474846683738
2 3 20 0.0023470707257654782
3 1 20 0.004133939008483698
3 2 20 0.003266394320997008
3 3 20 0.0018175700945661315
