W: 2.0
num_iter: 0
[-1.15431381 -1.15431381 -1.10027137 -1.10027137 -1.0160986  -1.0160986
 -0.88590973 -0.88590973 -0.70307275 -0.70307275 -0.48814764 -0.48814764
 -0.28401705 -0.28401705 -0.08099122 -0.08099122  0.08099017  0.08099017
  0.28402385  0.28402385  0.48814752  0.48814752  0.70307633  0.70307633
  0.88590841  0.88590841  1.01609899  1.01609899  1.10026478  1.10026478
  1.15431214  1.15431214]
localization_length: 1.5433972151130573
1.5587515699617231
W_list: [2.0]
L_list: [12.470012559693785]
