W: 2.6
num_iter: 0
[-0.96465159 -0.96465159 -0.9385107  -0.9385107  -0.90577619 -0.90577619
 -0.86695371 -0.86695371 -0.82154186 -0.82154186 -0.77104461 -0.77104461
 -0.71421045 -0.71421045 -0.65264988 -0.65264988 -0.58727035 -0.58727035
 -0.51735755 -0.51735755 -0.44543323 -0.44543323 -0.36940714 -0.36940714
 -0.29189184 -0.29189184 -0.21032954 -0.21032954 -0.12701001 -0.12701001
 -0.03417035 -0.03417035  0.03417109  0.03417109  0.12700825  0.12700825
  0.21033013  0.21033013  0.29189437  0.29189437  0.3694082   0.3694082
  0.44543641  0.44543641  0.51735537  0.51735537  0.5872661   0.5872661
  0.65264911  0.65264911  0.71420794  0.71420794  0.77104139  0.77104139
  0.8215428   0.8215428   0.86695168  0.86695168  0.9057761   0.9057761
  0.93851459  0.93851459  0.96465546  0.96465546]
localization_length: 1.8290710836882798
1.8506022010754977
W_list: [2.6]
L_list: [29.609635217207963]
