[-2.41421356 -1.         -1.         -0.41421356  0.41421356  1.
  1.          2.41421356]
W: 2.8
num_iter: 0
[-0.66490431 -0.51304528 -0.34573961 -0.17673856  0.17673775  0.34573914
  0.51304393  0.66490694]
localization_length: 1.4145252107006625
1.4147119553790848
num_iter: 1
[-0.66614608 -0.51343724 -0.3462699  -0.17657006  0.17656739  0.34627507
  0.51343876  0.66614208]
localization_length: 1.4158900291227448
1.4094903369099474
num_iter: 2
[-0.66490333 -0.5135322  -0.34509147 -0.17775378  0.17774716  0.34509432
  0.51353108  0.66490822]
localization_length: 1.406492240255448
1.4014856735700292
W_list: [2.8]
L_list: [1.4085626552863537]
[-2.41421356 -1.         -1.         -0.41421356  0.41421356  1.
  1.          2.41421356]
W: 2.8
num_iter: 0
[-0.66504084 -0.51281142 -0.34666798 -0.17688798  0.17689159  0.34665786
  0.51281051  0.66504825]
localization_length: 1.413323861934166
1.4324094769160494
num_iter: 1
[-0.66375344 -0.51270798 -0.34507851 -0.17693714  0.17693989  0.34507752
  0.51270462  0.66375504]
localization_length: 1.4129311564687723
1.4133679852271457
num_iter: 2
[-0.66636503 -0.51304129 -0.34529496 -0.17646024  0.17645595  0.34530166
  0.5130466   0.66635732]
localization_length: 1.4167842172083025
1.415627516372539
W_list: [2.8]
L_list: [1.4204683261719113]
