W: 3.2
num_iter: 0
[-0.88314772 -0.88314772 -0.82857838 -0.82857838 -0.75510492 -0.75510492
 -0.66393472 -0.66393472 -0.55367767 -0.55367767 -0.42338165 -0.42338165
 -0.26841921 -0.26841921 -0.07927073 -0.07927073  0.07927205  0.07927205
  0.26841968  0.26841968  0.4233765   0.4233765   0.55368202  0.55368202
  0.66393398  0.66393398  0.75510652  0.75510652  0.82857527  0.82857527
  0.88314899  0.88314899]
localization_length: 1.5768745966985094
1.573533783249536
W_list: [3.2]
L_list: [12.588270265996288]
