[-2.41421356 -1.         -1.         -0.41421356  0.41421356  1.
  1.          2.41421356]
W: 1.5999999999999999
num_iter: 0
[-0.40192906 -0.33652764 -0.27849286 -0.22472284 -0.17756088 -0.13100705
 -0.08689846 -0.04318437  0.04317269  0.08690958  0.13100468  0.17757121
  0.22470642  0.27849518  0.33653419  0.40192922]
localization_length: 2.895349194362286
2.906204854812176
W_list: [1.5999999999999999]
L_list: [2.906204854812176]
[-2.41421356 -1.         -1.         -0.41421356  0.41421356  1.
  1.          2.41421356]
W: 1.5999999999999999
num_iter: 0
[-0.40158728 -0.33711719 -0.27790259 -0.22563697 -0.17741193 -0.13241078
 -0.08676219 -0.04321138  0.04320149  0.08677438  0.13240532  0.17742497
  0.2256283   0.27790054  0.33711569  0.40158961]
localization_length: 2.8934190223746143
2.877064638338169
W_list: [1.5999999999999999]
L_list: [2.877064638338169]
