W: 4.2
num_iter: 0
[-1.01322698 -1.01322698 -1.0037966  -1.0037966  -0.99263794 -0.99263794
 -0.98083048 -0.98083048 -0.96795685 -0.96795685 -0.95394561 -0.95394561
 -0.93928663 -0.93928663 -0.92352933 -0.92352933 -0.90636827 -0.90636827
 -0.88852129 -0.88852129 -0.86916189 -0.86916189 -0.84883599 -0.84883599
 -0.82701008 -0.82701008 -0.80404839 -0.80404839 -0.77995786 -0.77995786
 -0.75394735 -0.75394735 -0.72668488 -0.72668488 -0.69791184 -0.69791184
 -0.6674625  -0.6674625  -0.63501431 -0.63501431 -0.60105419 -0.60105419
 -0.56418181 -0.56418181 -0.52605963 -0.52605963 -0.48509866 -0.48509866
 -0.44243094 -0.44243094 -0.39753141 -0.39753141 -0.34982273 -0.34982273
 -0.29936376 -0.29936376 -0.24742481 -0.24742481 -0.1920187  -0.1920187
 -0.13300659 -0.13300659 -0.06423938 -0.06423938  0.06423576  0.06423576
  0.13300147  0.13300147  0.19201963  0.19201963  0.24742002  0.24742002
  0.29937075  0.29937075  0.34982373  0.34982373  0.397534    0.397534
  0.44242833  0.44242833  0.48510057  0.48510057  0.52605886  0.52605886
  0.56418513  0.56418513  0.60105725  0.60105725  0.63500761  0.63500761
  0.66746047  0.66746047  0.69791557  0.69791557  0.72668247  0.72668247
  0.75394552  0.75394552  0.77995154  0.77995154  0.80404655  0.80404655
  0.82699805  0.82699805  0.84883666  0.84883666  0.86915732  0.86915732
  0.88852555  0.88852555  0.90637413  0.90637413  0.92353051  0.92353051
  0.93929417  0.93929417  0.95394703  0.95394703  0.96796061  0.96796061
  0.98083298  0.98083298  0.99263644  0.99263644  1.00379746  1.00379746
  1.01323154  1.01323154]
localization_length: 0.4864891192998195
0.4840440292242511
W_list: [4.2]
L_list: [15.489408935176035]
