W: 3.6
num_iter: 0
[-1.08537389 -1.08537389 -1.07250712 -1.07250712 -1.05853189 -1.05853189
 -1.0429719  -1.0429719  -1.0267723  -1.0267723  -1.00951272 -1.00951272
 -0.99085788 -0.99085788 -0.97045754 -0.97045754 -0.94897251 -0.94897251
 -0.92641518 -0.92641518 -0.90237728 -0.90237728 -0.87713131 -0.87713131
 -0.85108255 -0.85108255 -0.82287149 -0.82287149 -0.79361113 -0.79361113
 -0.763663   -0.763663   -0.73212555 -0.73212555 -0.69864805 -0.69864805
 -0.66410111 -0.66410111 -0.62806252 -0.62806252 -0.59102391 -0.59102391
 -0.55168785 -0.55168785 -0.5104584  -0.5104584  -0.46794546 -0.46794546
 -0.42333356 -0.42333356 -0.37763591 -0.37763591 -0.32962947 -0.32962947
 -0.28034513 -0.28034513 -0.22935944 -0.22935944 -0.17540544 -0.17540544
 -0.11857057 -0.11857057 -0.05200911 -0.05200911  0.05200705  0.05200705
  0.11857397  0.11857397  0.17540276  0.17540276  0.22935811  0.22935811
  0.28033799  0.28033799  0.32962317  0.32962317  0.37762619  0.37762619
  0.42333056  0.42333056  0.46794558  0.46794558  0.51045259  0.51045259
  0.5516842   0.5516842   0.59102585  0.59102585  0.62805958  0.62805958
  0.66410239  0.66410239  0.6986556   0.6986556   0.73212278  0.73212278
  0.76366602  0.76366602  0.79361407  0.79361407  0.82287449  0.82287449
  0.85108333  0.85108333  0.87712997  0.87712997  0.9023885   0.9023885
  0.92641038  0.92641038  0.94897477  0.94897477  0.97045612  0.97045612
  0.99086142  0.99086142  1.00951896  1.00951896  1.02676678  1.02676678
  1.04297854  1.04297854  1.05853369  1.05853369  1.07251019  1.07251019
  1.08537556  1.08537556]
localization_length: 0.6008800753379622
0.6030336042799375
W_list: [3.6]
L_list: [19.297075336958]
