W: 2.8
num_iter: 0
[-0.82801438 -0.82801438 -0.8066064  -0.8066064  -0.77962644 -0.77962644
 -0.74782346 -0.74782346 -0.71139249 -0.71139249 -0.67049888 -0.67049888
 -0.62527355 -0.62527355 -0.57635094 -0.57635094 -0.52321405 -0.52321405
 -0.46569258 -0.46569258 -0.40372763 -0.40372763 -0.33750982 -0.33750982
 -0.26723135 -0.26723135 -0.19172183 -0.19172183 -0.11420672 -0.11420672
 -0.02835589 -0.02835589  0.02835269  0.02835269  0.11420787  0.11420787
  0.19171882  0.19171882  0.2672317   0.2672317   0.33751374  0.33751374
  0.40373472  0.40373472  0.46569331  0.46569331  0.52320764  0.52320764
  0.57634501  0.57634501  0.62528037  0.62528037  0.6704962   0.6704962
  0.71139004  0.71139004  0.74782251  0.74782251  0.77962784  0.77962784
  0.8066087   0.8066087   0.82801525  0.82801525]
localization_length: 2.2043764179548395
2.2334452587958187
W_list: [2.8]
L_list: [35.7351241407331]
