Norm difference: 1.0
Norm difference: 1.0
1 1
1 2
2 1
2 2
1 1
1 2
2 1
2 2
1 1
1 2
2 1
2 2
1 1
1 2
2 1
2 2
1 1
1 2
2 1
2 2
1 1
1 2
2 1
2 2
1 1
1 2
2 1
2 2
1 1
1 2
2 1
2 2
1 1
1 2
2 1
2 2
1 1
1 2
2 1
2 2
1 1
1 2
2 1
2 2
1 1
1 2
2 1
2 2
1 1
1 2
2 1
2 2
1 1
1 2
2 1
2 2
1 1
1 2
2 1
2 2
1 1
1 2
2 1
2 2
1 1
1 2
2 1
2 2
1 1
1 2
2 1
2 2
1 1
1 2
2 1
2 2
1 1
1 2
2 1
2 2
1 1 1 0.00035221193786661684
1 2 1 0.0008047063322398371
2 1 1 0.00016798596067547819
2 2 1 0.00041019295364081614
1 1 2 0.00032280065170402027
1 2 2 0.0007108720312877985
2 1 2 0.00034731232444373957
2 2 2 0.0004448927022262897
1 1 3 0.0007396927339133203
1 2 3 0.0005356448537540817
2 1 3 0.0005836358754980171
2 2 3 0.00040855347022110964
1 1 4 0.0004956334002496483
1 2 4 0.0005236282334235819
2 1 4 0.0006768297688093505
2 2 4 0.0004528827703030567
1 1 5 0.0014391390515838434
1 2 5 0.0007117895752777158
2 1 5 0.0006233267573943652
2 2 5 0.0004575992857992812
1 1 6 0.0019758650798996995
1 2 6 0.0006184547717734238
2 1 6 0.0007543119937905348
2 2 6 0.000737764719538357
1 1 7 0.0008457856147148609
1 2 7 0.0020608543442814423
2 1 7 0.000946785654840746
2 2 7 0.0010304293147531322
1 1 8 0.0011099352174205475
1 2 8 0.0012827284908474602
2 1 8 0.00134990450661529
2 2 8 0.0010079709607595945
1 1 9 0.001368980883244931
1 2 9 0.0008851864535940921
2 1 9 0.0014679719702408336
2 2 9 0.0011841482120566371
1 1 10 0.0011221071509444247
1 2 10 0.0009572628110430668
2 1 10 0.0014227580191798976
2 2 10 0.0013220540939705998
1 1 11 0.0010413345295484638
1 2 11 0.0007172585545432199
2 1 11 0.0012746486471594595
2 2 11 0.00130511840893823
1 1 12 0.0005214685852618145
1 2 12 0.0010561117071036749
2 1 12 0.0009096521593903884
2 2 12 0.0013870203149085047
1 1 13 0.00047784112162018637
1 2 13 0.0008359953314098091
2 1 13 0.001111137650652305
2 2 13 0.000777605838728478
1 1 14 0.0008081305935550493
1 2 14 0.00042850359264799524
2 1 14 0.0010484792900404404
2 2 14 0.0006708573582259823
1 1 15 0.0006872895558726383
1 2 15 0.0004476856852317264
2 1 15 0.0005382835280222287
2 2 15 0.0009075265286293403
1 1 16 0.0004040027323596909
1 2 16 0.0006680380051644334
2 1 16 0.0005777687768068057
2 2 16 0.0005785976182732836
1 1 17 0.0004153334186827315
1 2 17 0.0005372847224042539
2 1 17 0.00057718381858265
2 2 17 0.00045619519050723825
1 1 18 0.0005220539475456543
1 2 18 0.0002993512069338492
2 1 18 0.0003369370926270954
2 2 18 0.0005804123858013103
1 1 19 0.00037178731409292007
1 2 19 0.00044693956569662717
2 1 19 0.000531045883599074
2 2 19 0.0004920971991209279
1 1 20 0.0002709782753427327
1 2 20 0.000404344752582336
2 1 20 0.0005208788146510117
2 2 20 0.00034534109987458607
