W: 4.2
num_iter: 0
[-1.0359133  -1.0359133  -0.98052357 -0.98052357 -0.90785424 -0.90785424
 -0.81571902 -0.81571902 -0.70267937 -0.70267937 -0.56114623 -0.56114623
 -0.38447659 -0.38447659 -0.15371367 -0.15371367  0.15371474  0.15371474
  0.38447563  0.38447563  0.56114757  0.56114757  0.70267724  0.70267724
  0.81571897  0.81571897  0.90785208  0.90785208  0.98052246  0.98052246
  1.0359173   1.0359173 ]
localization_length: 0.8132002948346124
0.8090271524395137
W_list: [4.2]
L_list: [6.47221721951611]
