W: 3.8
num_iter: 0
[-0.97709266 -0.97709266 -0.92100183 -0.92100183 -0.84688159 -0.84688159
 -0.75567361 -0.75567361 -0.64286376 -0.64286376 -0.50503629 -0.50503629
 -0.33513867 -0.33513867 -0.11934139 -0.11934139  0.11934     0.11934
  0.3351368   0.3351368   0.50503647  0.50503647  0.64286081  0.64286081
  0.75567684  0.75567684  0.84687931  0.84687931  0.92100543  0.92100543
  0.97709415  0.97709415]
localization_length: 1.0474275072618358
1.0353034729113524
W_list: [3.8]
L_list: [8.282427783290819]
