[-2.41421356 -1.         -1.         -0.41421356  0.41421356  1.
  1.          2.41421356]
W: 2.6
num_iter: 0
[-0.64834282 -0.62089603 -0.5915782  -0.56021765 -0.5266968  -0.4926307
 -0.45635875 -0.419734   -0.38148733 -0.34122122 -0.300625   -0.2590427
 -0.21401333 -0.16706433 -0.11720591 -0.06204144  0.06203864  0.11720949
  0.16706683  0.21400552  0.25905467  0.30062316  0.34121224  0.38149508
  0.41974195  0.45635645  0.49262489  0.5266907   0.56021553  0.59157989
  0.62089908  0.64834209]
localization_length: 1.0074366555898906
0.9878894400888804
W_list: [2.6]
L_list: [0.9878894400888804]
[-2.41421356 -1.         -1.         -0.41421356  0.41421356  1.
  1.          2.41421356]
W: 2.6
num_iter: 0
[-0.64833246 -0.62100733 -0.59120395 -0.56010982 -0.52727299 -0.49307819
 -0.45703346 -0.42004138 -0.3809613  -0.34201101 -0.30131554 -0.25828782
 -0.21450515 -0.16751524 -0.11671438 -0.06219967  0.0621963   0.1167085
  0.16752477  0.21450623  0.25828688  0.30131381  0.34202091  0.38095766
  0.42004979  0.45702727  0.49307215  0.52727691  0.56010853  0.59120311
  0.62101611  0.64832075]
localization_length: 1.0048829854178873
0.9998226589397616
W_list: [2.6]
L_list: [0.9998226589397616]
