W: 2.8
num_iter: 0
[-0.77359022 -0.77359022 -0.76529259 -0.76529259 -0.75590028 -0.75590028
 -0.74516005 -0.74516005 -0.73328179 -0.73328179 -0.72004047 -0.72004047
 -0.70611904 -0.70611904 -0.69113813 -0.69113813 -0.67479081 -0.67479081
 -0.65757701 -0.65757701 -0.63927021 -0.63927021 -0.61995379 -0.61995379
 -0.59982057 -0.59982057 -0.57858074 -0.57858074 -0.55611177 -0.55611177
 -0.53292063 -0.53292063 -0.50841645 -0.50841645 -0.4828242  -0.4828242
 -0.45616731 -0.45616731 -0.4280972  -0.4280972  -0.39901294 -0.39901294
 -0.36877616 -0.36877616 -0.33745151 -0.33745151 -0.30430073 -0.30430073
 -0.27068883 -0.27068883 -0.23592092 -0.23592092 -0.19997912 -0.19997912
 -0.16378952 -0.16378952 -0.12623907 -0.12623907 -0.08897017 -0.08897017
 -0.05143541 -0.05143541 -0.01199186 -0.01199186  0.01199083  0.01199083
  0.05143402  0.05143402  0.08896981  0.08896981  0.12623872  0.12623872
  0.16379189  0.16379189  0.19998104  0.19998104  0.23591003  0.23591003
  0.27069619  0.27069619  0.3043076   0.3043076   0.33744972  0.33744972
  0.36877608  0.36877608  0.39901166  0.39901166  0.42809137  0.42809137
  0.45616413  0.45616413  0.48283044  0.48283044  0.50841385  0.50841385
  0.5329192   0.5329192   0.55610746  0.55610746  0.57857802  0.57857802
  0.59981925  0.59981925  0.61995733  0.61995733  0.63926724  0.63926724
  0.65757575  0.65757575  0.67479346  0.67479346  0.69113491  0.69113491
  0.70612141  0.70612141  0.72004405  0.72004405  0.73328221  0.73328221
  0.7451653   0.7451653   0.75590106  0.75590106  0.76529192  0.76529192
  0.77359355  0.77359355]
localization_length: 2.606158492084859
2.5609782635002873
W_list: [2.8]
L_list: [81.9513044320092]
