W: 3.2
num_iter: 0
[-1.03331904 -1.03331904 -1.00534346 -1.00534346 -0.97263705 -0.97263705
 -0.93484871 -0.93484871 -0.89076313 -0.89076313 -0.84220469 -0.84220469
 -0.78750551 -0.78750551 -0.72809734 -0.72809734 -0.66414867 -0.66414867
 -0.59505119 -0.59505119 -0.52076954 -0.52076954 -0.4410258  -0.4410258
 -0.35644843 -0.35644843 -0.26557352 -0.26557352 -0.16951039 -0.16951039
 -0.05828982 -0.05828982  0.05829254  0.05829254  0.16951277  0.16951277
  0.26557815  0.26557815  0.35644987  0.35644987  0.4410269   0.4410269
  0.52076086  0.52076086  0.59505291  0.59505291  0.66414486  0.66414486
  0.72809581  0.72809581  0.78751041  0.78751041  0.84220256  0.84220256
  0.8907619   0.8907619   0.93484681  0.93484681  0.97264029  0.97264029
  1.00534075  1.00534075  1.0333189   1.0333189 ]
localization_length: 1.0722284480095319
1.072011708196115
W_list: [3.2]
L_list: [17.15218733113784]
