Norm difference: 1.0
Norm difference: 1.0
1 1
1 2
1 3
2 1
2 2
2 3
3 1
3 2
3 3
1 1
1 2
1 3
2 1
2 2
2 3
3 1
3 2
3 3
1 1
1 2
1 3
2 1
2 2
2 3
3 1
3 2
3 3
1 1
1 2
1 3
2 1
2 2
2 3
3 1
3 2
3 3
1 1
1 2
1 3
2 1
2 2
2 3
3 1
3 2
3 3
1 1
1 2
1 3
2 1
2 2
2 3
3 1
3 2
3 3
1 1
1 2
1 3
2 1
2 2
2 3
3 1
3 2
3 3
1 1
1 2
1 3
2 1
2 2
2 3
3 1
3 2
3 3
1 1
1 2
1 3
2 1
2 2
2 3
3 1
3 2
3 3
1 1
1 2
1 3
2 1
2 2
2 3
3 1
3 2
3 3
1 1
1 2
1 3
2 1
2 2
2 3
3 1
3 2
3 3
1 1
1 2
1 3
2 1
2 2
2 3
3 1
3 2
3 3
1 1
1 2
1 3
2 1
2 2
2 3
3 1
3 2
3 3
1 1
1 2
1 3
2 1
2 2
2 3
3 1
3 2
3 3
1 1
1 2
1 3
2 1
2 2
2 3
3 1
3 2
3 3
1 1
1 2
1 3
2 1
2 2
2 3
3 1
3 2
3 3
1 1
1 2
1 3
2 1
2 2
2 3
3 1
3 2
3 3
1 1
1 2
1 3
2 1
2 2
2 3
3 1
3 2
3 3
1 1
1 2
1 3
2 1
2 2
2 3
3 1
3 2
3 3
1 1
1 2
1 3
2 1
2 2
2 3
3 1
3 2
3 3
1 1 1 0.0026722776867925393
1 2 1 0.0031909967310344246
1 3 1 0.003409318668010302
2 1 1 0.002540394497808964
2 2 1 0.0022646644337543155
2 3 1 0.001883925869287688
3 1 1 0.0015745659945087022
3 2 1 0.0013863396090668223
3 3 1 0.0024352262701191445
1 1 2 0.0010514024208393316
1 2 2 0.0024438196534417667
1 3 2 0.0023122292543329174
2 1 2 0.0013251696928330673
2 2 2 0.0014518872338489803
2 3 2 0.0020450903885673353
3 1 2 0.0009463088830848251
3 2 2 0.0012217730521682161
3 3 2 0.0016742863260291504
1 1 3 0.000976593020984262
1 2 3 0.0013445216315265858
1 3 3 0.0018300322792149707
2 1 3 0.001259489126258655
2 2 3 0.0015391342209193685
2 3 3 0.0015949405128656356
3 1 3 0.001265736092759964
3 2 3 0.0012411765904266864
3 3 3 0.0012847660901804624
1 1 4 0.0010255393843439276
1 2 4 0.0013156692513203617
1 3 4 0.0018410671920161506
2 1 4 0.0015832190830229425
2 2 4 0.0007923031706196803
2 3 4 0.0009407785641566642
3 1 4 0.001759800632898183
3 2 4 0.0009400525941332316
3 3 4 0.0011424878658309549
1 1 5 0.002072718675789548
1 2 5 0.0009302753771175714
1 3 5 0.0014215370672695945
2 1 5 0.0013186658358457152
2 2 5 0.0011194707886942419
2 3 5 0.0009870067296856625
3 1 5 0.0013428928515661271
3 2 5 0.0007607677446498134
3 3 5 0.0008205518752783534
1 1 6 0.0017173618580832138
1 2 6 0.0008621380265315462
1 3 6 0.001042820721525325
2 1 6 0.001314202843480411
2 2 6 0.0007228233450345925
2 3 6 0.0007662520874792469
3 1 6 0.0007585123030704975
3 2 6 0.0007418552773825547
3 3 6 0.0006151977725498524
1 1 7 0.0010454662863014117
1 2 7 0.000958649797107685
1 3 7 0.0006708151967091049
2 1 7 0.0008873217700487131
2 2 7 0.000732154143812542
2 3 7 0.0005789879568963194
3 1 7 0.0005668392337403411
3 2 7 0.0006425282632132736
3 3 7 0.00041401962601666543
1 1 8 0.0006030681126712831
1 2 8 0.000640477594826338
1 3 8 0.0003350462617416688
2 1 8 0.0006301833810850899
2 2 8 0.000715823269625465
2 3 8 0.000511138566276132
3 1 8 0.0004953857504010537
3 2 8 0.0005054966967537857
3 3 8 0.0005782558628781049
1 1 9 0.0006239446505201327
1 2 9 0.0005956750093713152
1 3 9 0.0003741567929124951
2 1 9 0.0005102798202995143
2 2 9 0.0003208706419578606
2 3 9 0.0005188507052952865
3 1 9 0.0004306207617594371
3 2 9 0.00038907310069200907
3 3 9 0.0006248999713393783
1 1 10 0.00042520892950280084
1 2 10 0.00039965665846084994
1 3 10 0.0007180622079457193
2 1 10 0.00046204958931447436
2 2 10 0.0005130894064658638
2 3 10 0.0004919008793947955
3 1 10 0.0004463827564501548
3 2 10 0.0003880791649836826
3 3 10 0.000589456545147847
1 1 11 0.00041918754877800303
1 2 11 0.0003754098800944017
1 3 11 0.0005926022745201234
2 1 11 0.0003435798128206014
2 2 11 0.0004298247409482722
2 3 11 0.0004471072470457923
3 1 11 0.00044288546615732174
3 2 11 0.0005587204181263219
3 3 11 0.0004444523036040213
1 1 12 0.00043424506064383857
1 2 12 0.0006845006363482095
1 3 12 0.0005014116331518556
2 1 12 0.00040371490585519056
2 2 12 0.0003740912168248416
2 3 12 0.0004641371256347529
3 1 12 0.00036348849788105477
3 2 12 0.00039094490869825044
3 3 12 0.00039474891734687066
1 1 13 0.0004083435260066238
1 2 13 0.00046497407599677566
1 3 13 0.0004401291909376149
2 1 13 0.0003433735634018521
2 2 13 0.00045499131523726085
2 3 13 0.00028819466117837374
3 1 13 0.000323812163815497
3 2 13 0.00036426489082146444
3 3 13 0.00033126257685079416
1 1 14 0.0003914537831751049
1 2 14 0.000330864304880617
1 3 14 0.0004230922822781951
2 1 14 0.0003160711278525249
2 2 14 0.000341871702068935
2 3 14 0.0004084095953674172
3 1 14 0.0002869602368229328
3 2 14 0.00042168697972412865
3 3 14 0.00037381798488700775
1 1 15 0.0003568185465617943
1 2 15 0.0005662616138566473
1 3 15 0.0004482377864129977
2 1 15 0.000272162587588586
2 2 15 0.00037392161108674874
2 3 15 0.00032197693228489075
3 1 15 0.00026206576132097655
3 2 15 0.00039884487943531806
3 3 15 0.00033083416139858624
1 1 16 0.00031555928612493975
1 2 16 0.0004544226891492387
1 3 16 0.00040704179404603744
2 1 16 0.00022350110040491819
2 2 16 0.0004267088854077221
2 3 16 0.00030025229454974694
3 1 16 0.00029076679356371867
3 2 16 0.00044397565581647544
3 3 16 0.0004284548342267552
1 1 17 0.00027138632900324336
1 2 17 0.0005046704921156876
1 3 17 0.0004123982744762873
2 1 17 0.00026098905413620327
2 2 17 0.00033687994014491374
2 3 17 0.0003567408320026404
3 1 17 0.0002745274764850175
3 2 17 0.000388631843918257
3 3 17 0.00039963041596151447
1 1 18 0.00024448929954598846
1 2 18 0.00041285419072786285
1 3 18 0.0004918069023628817
2 1 18 0.0002851330000562198
2 2 18 0.000450766730113826
2 3 18 0.00031883146855480406
3 1 18 0.00027617742814282714
3 2 18 0.0004707354259136259
3 3 18 0.0003844379765941473
1 1 19 0.00025884946545565873
1 2 19 0.0005107814415424551
1 3 19 0.0003616765278947796
2 1 19 0.0003109854766971844
2 2 19 0.0003702372325182387
2 3 19 0.00043633759362729534
3 1 19 0.0003626250806429393
3 2 19 0.00042330692098500346
3 3 19 0.00046430971343071266
1 1 20 0.00035868515719118777
1 2 20 0.00052702243799999
1 3 20 0.0004803786295712476
2 1 20 0.0003696412327209995
2 2 20 0.0004253261539770292
2 3 20 0.00043471838112740585
3 1 20 0.0004383379336758886
3 2 20 0.0003899904203513017
3 3 20 0.0005651971232163715
