W: 3.2
num_iter: 0
[-0.84416337 -0.84416337 -0.83564549 -0.83564549 -0.82566008 -0.82566008
 -0.81457407 -0.81457407 -0.80219549 -0.80219549 -0.78894334 -0.78894334
 -0.77447585 -0.77447585 -0.75859636 -0.75859636 -0.74197513 -0.74197513
 -0.72448931 -0.72448931 -0.70565462 -0.70565462 -0.68591762 -0.68591762
 -0.66497313 -0.66497313 -0.64299666 -0.64299666 -0.61983541 -0.61983541
 -0.59510234 -0.59510234 -0.56955361 -0.56955361 -0.5423737  -0.5423737
 -0.51393229 -0.51393229 -0.48441337 -0.48441337 -0.45309808 -0.45309808
 -0.42056756 -0.42056756 -0.38639667 -0.38639667 -0.35108698 -0.35108698
 -0.31433637 -0.31433637 -0.27559153 -0.27559153 -0.23641728 -0.23641728
 -0.19566922 -0.19566922 -0.15419347 -0.15419347 -0.11111838 -0.11111838
 -0.06680093 -0.06680093 -0.01894271 -0.01894271  0.01894535  0.01894535
  0.06680076  0.06680076  0.11111577  0.11111577  0.1541955   0.1541955
  0.19567435  0.19567435  0.23641992  0.23641992  0.27559038  0.27559038
  0.31433739  0.31433739  0.35108429  0.35108429  0.38638959  0.38638959
  0.42056683  0.42056683  0.45309768  0.45309768  0.48441077  0.48441077
  0.51392497  0.51392497  0.54237565  0.54237565  0.56955316  0.56955316
  0.59509834  0.59509834  0.61983708  0.61983708  0.64299927  0.64299927
  0.66497325  0.66497325  0.685915    0.685915    0.70565831  0.70565831
  0.72449175  0.72449175  0.74197154  0.74197154  0.75859698  0.75859698
  0.7744818   0.7744818   0.7889436   0.7889436   0.80219453  0.80219453
  0.81457983  0.81457983  0.82566144  0.82566144  0.83564248  0.83564248
  0.84416284  0.84416284]
localization_length: 1.6497109823673086
1.6101101655340997
W_list: [3.2]
L_list: [51.52352529709119]
