Norm difference: 1.0
Norm difference: 1.0
1 1
1 2
2 1
2 2
1 1
1 2
2 1
2 2
1 1
1 2
2 1
2 2
1 1
1 2
2 1
2 2
1 1
1 2
2 1
2 2
1 1
1 2
2 1
2 2
1 1
1 2
2 1
2 2
1 1
1 2
2 1
2 2
1 1
1 2
2 1
2 2
1 1
1 2
2 1
2 2
1 1
1 2
2 1
2 2
1 1
1 2
2 1
2 2
1 1
1 2
2 1
2 2
1 1
1 2
2 1
2 2
1 1
1 2
2 1
2 2
1 1
1 2
2 1
2 2
1 1
1 2
2 1
2 2
1 1
1 2
2 1
2 2
1 1
1 2
2 1
2 2
1 1
1 2
2 1
2 2
1 1 1 0.0004215393276680322
1 2 1 0.0006512743417167009
2 1 1 0.0008062210053284783
2 2 1 0.0006432042829295715
1 1 2 0.0002868986188857655
1 2 2 0.0004840209225077163
2 1 2 0.0005302269702809807
2 2 2 0.0007810596452133165
1 1 3 0.0005120185034462466
1 2 3 0.00039132765904606253
2 1 3 0.0004786829133787214
2 2 3 0.0005629480237162247
1 1 4 0.0004175058267574472
1 2 4 0.0003874978931377812
2 1 4 0.0004614286915320901
2 2 4 0.0004111435879218266
1 1 5 0.0003801157967308148
1 2 5 0.0003533848262152075
2 1 5 0.0005151906875676264
2 2 5 0.00031151294013543663
1 1 6 0.0003895966448790023
1 2 6 0.0003865253878779336
2 1 6 0.0004981408193657117
2 2 6 0.00028462115440540246
1 1 7 0.0003332637117066556
1 2 7 0.0003967870306937434
2 1 7 0.0003177823407743121
2 2 7 0.0003510491523993795
1 1 8 0.00041230285036608855
1 2 8 0.00034095198522727605
2 1 8 0.0003899795072166702
2 2 8 0.00038691210322710465
1 1 9 0.00040775709297819477
1 2 9 0.00034680910109488345
2 1 9 0.0004016252962306464
2 2 9 0.0004998169197078282
1 1 10 0.0003135204152759091
1 2 10 0.00037299751934774777
2 1 10 0.0005716347408348683
2 2 10 0.00047564083633047535
1 1 11 0.000334722361429599
1 2 11 0.0003536121025320681
2 1 11 0.0005395131355123478
2 2 11 0.0005669038353690325
1 1 12 0.00031158112601922057
1 2 12 0.00032699295810996085
2 1 12 0.00040928537286053683
2 2 12 0.0004871794994940204
1 1 13 0.00030950734193577916
1 2 13 0.00032170134847145035
2 1 13 0.00041594906647116243
2 2 13 0.00037379511599855924
1 1 14 0.0002797068041409551
1 2 14 0.0002397385228371883
2 1 14 0.00031079530702969176
2 2 14 0.00035934581481989223
1 1 15 0.0002510594711291634
1 2 15 0.0002850840011823077
2 1 15 0.0003552853419243599
2 2 15 0.00042689775969531363
1 1 16 0.0002141050734202423
1 2 16 0.00031497448962138644
2 1 16 0.0002593419243876299
2 2 16 0.00036713416293867343
1 1 17 0.00030732199203219396
1 2 17 0.00021475644977727166
2 1 17 0.0003241726547012699
2 2 17 0.00036378079025637696
1 1 18 0.00025864833733692147
1 2 18 0.00029095580401215966
2 1 18 0.0004146459460945393
2 2 18 0.00046715781615847376
1 1 19 0.00028142288383730275
1 2 19 0.000358058998152556
2 1 19 0.00043814655119161323
2 2 19 0.0003261242755508177
1 1 20 0.0002807734516439254
1 2 20 0.0002707887031508988
2 1 20 0.0007356569138253982
2 2 20 0.0004260832271149557
