W: 2.0
num_iter: 0
[-0.62580915 -0.62580915 -0.58227576 -0.58227576 -0.52409349 -0.52409349
 -0.45416739 -0.45416739 -0.37179283 -0.37179283 -0.27525722 -0.27525722
 -0.16326408 -0.16326408 -0.03575262 -0.03575262  0.03575417  0.03575417
  0.16326161  0.16326161  0.27525771  0.27525771  0.37179592  0.37179592
  0.45416588  0.45416588  0.52409691  0.52409691  0.58227298  0.58227298
  0.62580735  0.62580735]
localization_length: 3.496247345857943
3.4921736878515306
W_list: [2.0]
L_list: [27.937389502812245]
