W: 2.2
num_iter: 0
[-0.65914211 -0.65914211 -0.61453525 -0.61453525 -0.55372799 -0.55372799
 -0.48054836 -0.48054836 -0.39345102 -0.39345102 -0.29264275 -0.29264275
 -0.17399525 -0.17399525 -0.03845458 -0.03845458  0.03845548  0.03845548
  0.17399789  0.17399789  0.29264085  0.29264085  0.39345287  0.39345287
  0.48054834  0.48054834  0.55372673  0.55372673  0.61453674  0.61453674
  0.65913841  0.65913841]
localization_length: 3.2505879797432224
3.1744103142747675
W_list: [2.2]
L_list: [25.39528251419814]
