W: 3.2
num_iter: 0
[-0.8922349  -0.8922349  -0.86940833 -0.86940833 -0.84221404 -0.84221404
 -0.81042386 -0.81042386 -0.77381342 -0.77381342 -0.7325226  -0.7325226
 -0.68661619 -0.68661619 -0.63647194 -0.63647194 -0.58173007 -0.58173007
 -0.52212828 -0.52212828 -0.45661361 -0.45661361 -0.38587998 -0.38587998
 -0.30955324 -0.30955324 -0.22784079 -0.22784079 -0.13993781 -0.13993781
 -0.04095141 -0.04095141  0.04095184  0.04095184  0.13993298  0.13993298
  0.22784187  0.22784187  0.30955328  0.30955328  0.38588179  0.38588179
  0.45661014  0.45661014  0.52212983  0.52212983  0.58172643  0.58172643
  0.63647085  0.63647085  0.68661417  0.68661417  0.73252137  0.73252137
  0.77381049  0.77381049  0.81043451  0.81043451  0.84221564  0.84221564
  0.86941314  0.86941314  0.89223214  0.89223214]
localization_length: 1.526198937420177
1.5370118317906045
W_list: [3.2]
L_list: [24.592189308649672]
