Norm difference: 1.0
Norm difference: 1.0
1 1
1 2
1 3
2 1
2 2
2 3
3 1
3 2
3 3
1 1
1 2
1 3
2 1
2 2
2 3
3 1
3 2
3 3
1 1
1 2
1 3
2 1
2 2
2 3
3 1
3 2
3 3
1 1
1 2
1 3
2 1
2 2
2 3
3 1
3 2
3 3
1 1
1 2
1 3
2 1
2 2
2 3
3 1
3 2
3 3
1 1
1 2
1 3
2 1
2 2
2 3
3 1
3 2
3 3
1 1
1 2
1 3
2 1
2 2
2 3
3 1
3 2
3 3
1 1
1 2
1 3
2 1
2 2
2 3
3 1
3 2
3 3
1 1
1 2
1 3
2 1
2 2
2 3
3 1
3 2
3 3
1 1
1 2
1 3
2 1
2 2
2 3
3 1
3 2
3 3
1 1
1 2
1 3
2 1
2 2
2 3
3 1
3 2
3 3
1 1
1 2
1 3
2 1
2 2
2 3
3 1
3 2
3 3
1 1
1 2
1 3
2 1
2 2
2 3
3 1
3 2
3 3
1 1
1 2
1 3
2 1
2 2
2 3
3 1
3 2
3 3
1 1
1 2
1 3
2 1
2 2
2 3
3 1
3 2
3 3
1 1
1 2
1 3
2 1
2 2
2 3
3 1
3 2
3 3
1 1
1 2
1 3
2 1
2 2
2 3
3 1
3 2
3 3
1 1
1 2
1 3
2 1
2 2
2 3
3 1
3 2
3 3
1 1
1 2
1 3
2 1
2 2
2 3
3 1
3 2
3 3
1 1
1 2
1 3
2 1
2 2
2 3
3 1
3 2
3 3
1 1 1 0.004511661470610046
1 2 1 0.004617072635124135
1 3 1 0.0038788440778656395
2 1 1 0.0040464152094748405
2 2 1 0.002426363611688448
2 3 1 0.005132536678704236
3 1 1 0.005944511796977217
3 2 1 0.00507958044628406
3 3 1 0.004476084731249537
1 1 2 0.004497412432408027
1 2 2 0.003986535351979554
1 3 2 0.005713977448694
2 1 2 0.005265198411502701
2 2 2 0.0032295854081230285
2 3 2 0.0038054646938816073
3 1 2 0.005287162296173933
3 2 2 0.0049003413051175075
3 3 2 0.004742030567843803
1 1 3 0.004765139390302273
1 2 3 0.004115738902773001
1 3 3 0.00512708881434025
2 1 3 0.0036411281714373
2 2 3 0.0029856902560523326
2 3 3 0.0035762479227359352
3 1 3 0.0053577874959485836
3 2 3 0.004734943015476105
3 3 3 0.00522524453954015
1 1 4 0.0049086058112725196
1 2 4 0.0035108903809529233
1 3 4 0.004904343372143747
2 1 4 0.004257663703520717
2 2 4 0.0026384533684153787
2 3 4 0.004895961261781791
3 1 4 0.006401119103273701
3 2 4 0.004937004153445859
3 3 4 0.005235123465476759
1 1 5 0.005745695760906345
1 2 5 0.0042552899705961406
1 3 5 0.005284788614270219
2 1 5 0.0039615386967769405
2 2 5 0.003203437919642127
2 3 5 0.004145701582509329
3 1 5 0.006440339485930623
3 2 5 0.0038603404555622696
3 3 5 0.00581681420680819
1 1 6 0.00702752898506509
1 2 6 0.004155096530047482
1 3 6 0.005511287800049442
2 1 6 0.005366528386286572
2 2 6 0.0024492860384500888
2 3 6 0.003814110877948848
3 1 6 0.007103233937983207
3 2 6 0.003867807466100532
3 3 6 0.006958547493691014
1 1 7 0.006015838092414185
1 2 7 0.00342719523158106
1 3 7 0.004701381825711709
2 1 7 0.004203985458998362
2 2 7 0.002852165990117083
2 3 7 0.004554574503962798
3 1 7 0.004890572458994974
3 2 7 0.00398366606734712
3 3 7 0.00795696312426291
1 1 8 0.006342128620624755
1 2 8 0.0027482641058786455
1 3 8 0.005314223497164908
2 1 8 0.006303185300137236
2 2 8 0.0026661900328895385
2 3 8 0.004184648071124172
3 1 8 0.005476203869764245
3 2 8 0.003257248133870019
3 3 8 0.006877812967847091
1 1 9 0.006176711967147466
1 2 9 0.0035245507009793163
1 3 9 0.006101378109113217
2 1 9 0.004867955192131122
2 2 9 0.003109273977937787
2 3 9 0.004707661350085482
3 1 9 0.006654908295441053
3 2 9 0.004115216465181442
3 3 9 0.006485657021677407
1 1 10 0.005636482923436567
1 2 10 0.0031215431816200715
1 3 10 0.006834071893718123
2 1 10 0.006877265480658023
2 2 10 0.002521002671677675
2 3 10 0.005265072957740845
3 1 10 0.008539689770985431
3 2 10 0.003614715203778733
3 3 10 0.005272857070513194
1 1 11 0.00609962544040749
1 2 11 0.003021998424168359
1 3 11 0.006705962615538496
2 1 11 0.005401864523067245
2 2 11 0.0033944771074019054
2 3 11 0.006328192048423463
3 1 11 0.007806859174380019
3 2 11 0.003108334129332695
3 3 11 0.005769763311532247
1 1 12 0.006090982436786825
1 2 12 0.0023413194618388073
1 3 12 0.005607880360456741
2 1 12 0.0067495880018374685
2 2 12 0.0023469519945282444
2 3 12 0.005941248331553612
3 1 12 0.009316403130101595
3 2 12 0.004255837878227807
3 3 12 0.007194781667493733
1 1 13 0.006079746286123097
1 2 13 0.003161397382058164
1 3 13 0.004633630231499515
2 1 13 0.005126142836201084
2 2 13 0.002729557775164212
2 3 13 0.005035534422790076
3 1 13 0.00736113451863501
3 2 13 0.004098556832851202
3 3 13 0.006890164815488362
1 1 14 0.0061240440031387145
1 2 14 0.003092441326764411
1 3 14 0.003472137857202596
2 1 14 0.006120487711966816
2 2 14 0.0015413327577647417
2 3 14 0.005083520926532122
3 1 14 0.005056937474733881
3 2 14 0.003636511890216184
3 3 14 0.006551999805177962
1 1 15 0.004742264628152506
1 2 15 0.002966740320424065
1 3 15 0.004562480623164743
2 1 15 0.004984651031006362
2 2 15 0.0026528423163004306
2 3 15 0.005269347408217063
3 1 15 0.005142159861912139
3 2 15 0.002746956511394799
3 3 15 0.005308024365029799
1 1 16 0.004019454831161584
1 2 16 0.00311313081209055
1 3 16 0.004352244691082277
2 1 16 0.005572418367304053
2 2 16 0.002314568273235613
2 3 16 0.004135415159726117
3 1 16 0.006940151504560095
3 2 16 0.003709634278150255
3 3 16 0.004464297907545933
1 1 17 0.004453639192793858
1 2 17 0.003159091757492575
1 3 17 0.004225814645906671
2 1 17 0.0043276065961901896
2 2 17 0.002309507110789483
2 3 17 0.004321734497163431
3 1 17 0.006658717016831343
3 2 17 0.003135876680681507
3 3 17 0.004533636868675736
1 1 18 0.00500161286558305
1 2 18 0.002795740809988814
1 3 18 0.0036403923480264853
2 1 18 0.0044588089127966316
2 2 18 0.002517475983341135
2 3 18 0.0038367985740885625
3 1 18 0.0067190553742733266
3 2 18 0.0036397687509901965
3 3 18 0.0044193692509218755
1 1 19 0.005498294252087753
1 2 19 0.0025542657029674976
1 3 19 0.004310172885380983
2 1 19 0.004525353970690235
2 2 19 0.0023120371256867968
2 3 19 0.003998763234244388
3 1 19 0.005526277147943865
3 2 19 0.0035604058511308225
3 3 19 0.004495949426291534
1 1 20 0.004291455306874302
1 2 20 0.003312649598619264
1 3 20 0.004130006519371101
2 1 20 0.003221773661159128
2 2 20 0.0023848966844722394
2 3 20 0.0031965581311958606
3 1 20 0.005408553497477326
3 2 20 0.00321183326484598
3 3 20 0.004835443274237456
