C_list:
0.0006615971272109677 0.2201023033007164
C_list:
0.0006655364517144636 0.23281728465657722
C_list:
0.0006363216585213854 0.2417135667994986
C_list:
0.0006430106416165686 0.25714050741825206
C_list:
0.0006856857625979399 0.2811841572997824
C_list:
0.0006706872545155557 0.29636073343870495
ndim2: 60
W_list: [2.3, 2.4, 2.5, 2.5999999999999996, 2.6999999999999997, 2.8]
L_list: [4.54334182334177, 4.295213740144226, 4.137128144029664, 3.8889244251721466, 3.5563881322583097, 3.3742661802624596]
C_list:
0.0005684293565065019 0.15489840085522794
C_list:
0.0005688365634561947 0.16335493745537533
C_list:
0.0005383705523095471 0.17286573597892912
C_list:
0.0005241522427987681 0.19212890995535356
C_list:
0.0005805971343601964 0.2080235292628869
C_list:
0.0005708146364690554 0.2221905960968084
ndim2: 60
W_list: [2.3, 2.4, 2.5, 2.5999999999999996, 2.6999999999999997, 2.8]
L_list: [6.455844569593885, 6.121639269539534, 5.784836389565897, 5.204838773261023, 4.807148516052065, 4.500640520196904]
C_list:
0.0005026147671021911 0.12962812792274417
C_list:
0.0005080820111378394 0.1451968619691899
C_list:
0.0005598346997440672 0.15893778867361913
C_list:
0.0005074425855204182 0.16433245076963418
C_list:
0.0005424426326674799 0.18155000197238855
C_list:
0.0004989871566026197 0.19150585350443017
ndim2: 60
W_list: [2.3, 2.4, 2.5, 2.5999999999999996, 2.6999999999999997, 2.8]
L_list: [7.7143750822042305, 6.8872011862914455, 6.291769933036588, 6.085225378898706, 5.508124423772175, 5.221772503036659]
