W: 2.6
num_iter: 0
[-0.95356997 -0.95356997 -0.88848357 -0.88848357 -0.79946629 -0.79946629
 -0.68538197 -0.68538197 -0.55427838 -0.55427838 -0.40923719 -0.40923719
 -0.25035005 -0.25035005 -0.07008313 -0.07008313  0.07008561  0.07008561
  0.25034598  0.25034598  0.40923822  0.40923822  0.55428088  0.55428088
  0.68537339  0.68537339  0.79947406  0.79947406  0.88848198  0.88848198
  0.95357043  0.95357043]
localization_length: 1.7835960750779112
1.7783456730645957
W_list: [2.6]
L_list: [14.226765384516765]
