C_list:
0.00063311683797228 0.22535303093960543
C_list:
0.0006334185258714125 0.23002275521986834
C_list:
0.0006716591852997145 0.23477983847569633
C_list:
0.0006234795305301425 0.26157705494171346
C_list:
0.0006343644449070921 0.2717858619565573
C_list:
0.0006430878010093452 0.29227713388489035
ndim2: 60
W_list: [2.3, 2.4, 2.5, 2.5999999999999996, 2.6999999999999997, 2.8]
L_list: [4.43748191817309, 4.347395974125018, 4.259309515214258, 3.822965283491044, 3.6793672518544827, 3.4214103125625877]
C_list:
0.0005539668241043831 0.15707790416656492
C_list:
0.0005199243199621945 0.16352005359836844
C_list:
0.0006214873079105097 0.17866393597073624
C_list:
0.0006026463473957083 0.19651423947554889
C_list:
0.000547208663711841 0.20004646699959683
C_list:
0.0005872659352601015 0.22802325773142346
ndim2: 60
W_list: [2.3, 2.4, 2.5, 2.5999999999999996, 2.6999999999999997, 2.8]
L_list: [6.366267778436891, 6.1154578780665085, 5.597100470034379, 5.088689769600254, 4.998838594845144, 4.385517556186515]
C_list:
0.0005162842257246365 0.13150023463500374
C_list:
0.0005189400548531215 0.14405743296604126
C_list:
0.0005319808253070581 0.15814562822731784
C_list:
0.0005289566476427392 0.15984622301475052
C_list:
0.0004779143051185191 0.17177430092149848
C_list:
0.0004979447876945764 0.19110733914046013
ndim2: 60
W_list: [2.3, 2.4, 2.5, 2.5999999999999996, 2.6999999999999997, 2.8]
L_list: [7.60454916887131, 6.94167582616671, 6.32328576647471, 6.2560126923219235, 5.821592605153456, 5.232661416864895]
