[-2.41421356 -1.         -1.         -0.41421356  0.41421356  1.
  1.          2.41421356]
W: 2.4
num_iter: 0
[-0.61047105 -0.59729103 -0.5838288  -0.56930533 -0.55455635 -0.53936357
 -0.52376719 -0.50763577 -0.49142372 -0.47486794 -0.45796661 -0.44099805
 -0.42369535 -0.40659065 -0.38804587 -0.37054406 -0.35294822 -0.3341342
 -0.31549548 -0.29699068 -0.27859613 -0.25884676 -0.23969429 -0.21956343
 -0.19972045 -0.17901786 -0.15726718 -0.13515788 -0.11168815 -0.08772778
 -0.06075001 -0.03292509  0.0329258   0.06075194  0.08772078  0.11168996
  0.13514909  0.15727185  0.17902622  0.19972688  0.21955341  0.23969833
  0.25884528  0.27860621  0.29698508  0.31549786  0.33413575  0.3529428
  0.37053584  0.38804336  0.40660029  0.42369629  0.44100249  0.45798017
  0.47485826  0.49142159  0.50763428  0.52376533  0.53936902  0.55456735
  0.56929199  0.58383591  0.59727094  0.61047461]
localization_length: 0.9491241530292598
0.9434266882519498
W_list: [2.4]
L_list: [0.9434266882519498]
[-2.41421356 -1.         -1.         -0.41421356  0.41421356  1.
  1.          2.41421356]
W: 2.4
num_iter: 0
[-0.61113963 -0.59781961 -0.58359246 -0.56892378 -0.55438566 -0.5387604
 -0.52356325 -0.50716868 -0.49135898 -0.47454714 -0.45829631 -0.44073308
 -0.42327554 -0.40602046 -0.38832252 -0.37099375 -0.35271737 -0.33436666
 -0.31573817 -0.29762837 -0.27847567 -0.2590926  -0.23932147 -0.21962097
 -0.1991748  -0.17831622 -0.1569469  -0.13527599 -0.11145368 -0.08776104
 -0.0612977  -0.03180328  0.03180249  0.06129599  0.08776695  0.11144691
  0.13527682  0.15696689  0.17830633  0.19919285  0.21960014  0.23933379
  0.25906749  0.2784724   0.29763568  0.31573592  0.3343618   0.35273602
  0.37099287  0.38829303  0.40603472  0.4232692   0.44072729  0.45829504
  0.47454851  0.49136618  0.50716231  0.52357099  0.53877108  0.5543825
  0.56893051  0.58359069  0.59781597  0.61114278]
localization_length: 0.9826274366084952
0.9856028693540891
W_list: [2.4]
L_list: [0.9856028693540891]
