[-2.41421356 -1.         -1.         -0.41421356  0.41421356  1.
  1.          2.41421356]
W: 1.5999999999999999
num_iter: 0
[-0.41155354 -0.38278978 -0.35395665 -0.32540145 -0.29700004 -0.26994444
 -0.24340514 -0.21754085 -0.19270594 -0.16799147 -0.1441767  -0.12031219
 -0.09665237 -0.07298566 -0.04861135 -0.02419873  0.02420562  0.0486073
  0.07298223  0.09665946  0.12031242  0.14417416  0.16798919  0.19270788
  0.217535    0.24341426  0.26993388  0.29700745  0.32540324  0.35395292
  0.38280462  0.41153672]
localization_length: 2.5827797148613394
2.603006904675637
W_list: [1.5999999999999999]
L_list: [2.603006904675637]
[-2.41421356 -1.         -1.         -0.41421356  0.41421356  1.
  1.          2.41421356]
W: 1.5999999999999999
num_iter: 0
[-0.410598   -0.38275532 -0.35410084 -0.32453268 -0.2968342  -0.26959763
 -0.24341603 -0.21715979 -0.19339161 -0.16778568 -0.14445929 -0.11991194
 -0.09666489 -0.07288126 -0.04899581 -0.02421672  0.02421638  0.04900359
  0.07287504  0.09666882  0.11990944  0.14446799  0.16778318  0.19340255
  0.21714306  0.24341861  0.26960092  0.29683266  0.32452046  0.35409892
  0.38276043  0.41059965]
localization_length: 2.580898090333307
2.6007169735195874
W_list: [1.5999999999999999]
L_list: [2.6007169735195874]
