Norm difference: 1.0
Norm difference: 1.0
1 1
1 2
2 1
2 2
1 1
1 2
2 1
2 2
1 1
1 2
2 1
2 2
1 1
1 2
2 1
2 2
1 1
1 2
2 1
2 2
1 1
1 2
2 1
2 2
1 1
1 2
2 1
2 2
1 1
1 2
2 1
2 2
1 1
1 2
2 1
2 2
1 1
1 2
2 1
2 2
1 1
1 2
2 1
2 2
1 1
1 2
2 1
2 2
1 1
1 2
2 1
2 2
1 1
1 2
2 1
2 2
1 1
1 2
2 1
2 2
1 1
1 2
2 1
2 2
1 1
1 2
2 1
2 2
1 1
1 2
2 1
2 2
1 1
1 2
2 1
2 2
1 1
1 2
2 1
2 2
1 1 1 4.422461422204857e-5
1 2 1 0.00010815804204664762
2 1 1 6.13176721750805e-5
2 2 1 4.744313517961868e-5
1 1 2 0.00010339345173016303
1 2 2 0.00015009231392273194
2 1 2 8.707427147204095e-5
2 2 2 0.00011021848265999356
1 1 3 0.00010915203564097033
1 2 3 0.00016577080643918738
2 1 3 0.00015782687933032534
2 2 3 0.00015453005484421963
1 1 4 0.00022079010808294958
1 2 4 0.00013519090470763738
2 1 4 0.00030179399747884216
2 2 4 0.0001264864834258631
1 1 5 0.0001887813413156941
1 2 5 0.00017271101784269367
2 1 5 0.00027824102471124556
2 2 5 0.0002313714316074293
1 1 6 0.00011886430384813584
1 2 6 0.0001365500028402149
2 1 6 0.00024740258839481115
2 2 6 0.0002714525658472894
1 1 7 0.0001364536818507478
1 2 7 0.0002009010526627146
2 1 7 0.00021376490672070803
2 2 7 0.0002750427304268565
1 1 8 0.0002271409503360253
1 2 8 0.00013976339255695336
2 1 8 0.0002212815453357015
2 2 8 0.0002045618605050226
1 1 9 0.00018775964849411994
1 2 9 0.00015911666042019412
2 1 9 0.0002641569694033017
2 2 9 0.0001485533249204992
1 1 10 8.738774803061944e-5
1 2 10 0.00015266519624585948
2 1 10 0.0002081864304358927
2 2 10 0.00022387799006228954
1 1 11 0.00013233552846830753
1 2 11 0.00023438546569249497
2 1 11 0.0001790800760828003
2 2 11 0.00037208784043569283
1 1 12 0.00019262343582349437
1 2 12 9.95006674300984e-5
2 1 12 0.00031861215511673073
2 2 12 0.00024407418238223564
1 1 13 0.0002229954406824444
1 2 13 0.00013303671967933008
2 1 13 0.00042419136997803446
2 2 13 0.00016789028936726544
1 1 14 0.0001920984655003808
1 2 14 0.0002018814619175128
2 1 14 0.00034072954893756403
2 2 14 0.0002922468106806123
1 1 15 0.00017560303367723096
1 2 15 0.00024626540128532405
2 1 15 0.00021646412251833023
2 2 15 0.0003597170826703454
1 1 16 0.00018754180362508968
1 2 16 0.00021005238300262984
2 1 16 0.00024525985836339745
2 2 16 0.00025528845028387323
1 1 17 0.0002140257342714658
1 2 17 0.00017920580545389972
2 1 17 0.00028999371253532913
2 2 17 0.00023947686958634057
1 1 18 0.00018265253333878863
1 2 18 0.00013110976669127884
2 1 18 0.00015794091257886165
2 2 18 0.00024702598443833635
1 1 19 0.00019529594458767737
1 2 19 0.000185913855860163
2 1 19 0.0002311167930809128
2 2 19 0.00021929203936977434
1 1 20 9.110785336849983e-5
1 2 20 0.00017898096636169894
2 1 20 0.00021589412492154363
2 2 20 0.00017008517252735926
