W: 3.2
num_iter: 0
[-1.03344752 -1.03344752 -1.00585478 -1.00585478 -0.9734165  -0.9734165
 -0.9352122  -0.9352122  -0.89144727 -0.89144727 -0.84160984 -0.84160984
 -0.78784572 -0.78784572 -0.72898357 -0.72898357 -0.66382191 -0.66382191
 -0.59493321 -0.59493321 -0.52054802 -0.52054802 -0.44153437 -0.44153437
 -0.3563464  -0.3563464  -0.26631446 -0.26631446 -0.16985221 -0.16985221
 -0.05882852 -0.05882852  0.05883373  0.05883373  0.16984698  0.16984698
  0.26630486  0.26630486  0.35634649  0.35634649  0.44152715  0.44152715
  0.5205551   0.5205551   0.59492978  0.59492978  0.66382419  0.66382419
  0.72898341  0.72898341  0.78785004  0.78785004  0.84161288  0.84161288
  0.89145156  0.89145156  0.93521429  0.93521429  0.97341849  0.97341849
  1.00585531  1.00585531  1.03344223  1.03344223]
localization_length: 1.0624099352330618
1.0628764924411498
W_list: [3.2]
L_list: [17.006023879058397]
