W: 3.8
num_iter: 0
[-0.94718282 -0.94718282 -0.93767792 -0.93767792 -0.92749377 -0.92749377
 -0.91577299 -0.91577299 -0.90312108 -0.90312108 -0.88948133 -0.88948133
 -0.87499709 -0.87499709 -0.85907177 -0.85907177 -0.84200232 -0.84200232
 -0.82422949 -0.82422949 -0.80512017 -0.80512017 -0.78466884 -0.78466884
 -0.76295419 -0.76295419 -0.74016819 -0.74016819 -0.71629356 -0.71629356
 -0.69094695 -0.69094695 -0.66417647 -0.66417647 -0.63558682 -0.63558682
 -0.60584901 -0.60584901 -0.5743373  -0.5743373  -0.5408249  -0.5408249
 -0.50541109 -0.50541109 -0.46869126 -0.46869126 -0.42956607 -0.42956607
 -0.38903481 -0.38903481 -0.345845   -0.345845   -0.30165847 -0.30165847
 -0.25456149 -0.25456149 -0.20606065 -0.20606065 -0.15546962 -0.15546962
 -0.10202377 -0.10202377 -0.04114523 -0.04114523  0.04114554  0.04114554
  0.10201983  0.10201983  0.15547089  0.15547089  0.20605582  0.20605582
  0.25456785  0.25456785  0.3016579   0.3016579   0.34584909  0.34584909
  0.38902934  0.38902934  0.42956889  0.42956889  0.4686914   0.4686914
  0.50540733  0.50540733  0.54082179  0.54082179  0.57433657  0.57433657
  0.60584867  0.60584867  0.63558633  0.63558633  0.66418211  0.66418211
  0.69094434  0.69094434  0.71629326  0.71629326  0.74016652  0.74016652
  0.76295259  0.76295259  0.78466793  0.78466793  0.80512526  0.80512526
  0.82422821  0.82422821  0.84200175  0.84200175  0.8590672   0.8590672
  0.8749996   0.8749996   0.88948101  0.88948101  0.90312449  0.90312449
  0.91576722  0.91576722  0.92750118  0.92750118  0.93767824  0.93767824
  0.94718626  0.94718626]
localization_length: 0.759504838535564
0.7486812110320827
W_list: [3.8]
L_list: [23.957798753026648]
