Norm difference: 1.0
Norm difference: 1.0
1 1
1 2
1 3
2 1
2 2
2 3
3 1
3 2
3 3
1 1
1 2
1 3
2 1
2 2
2 3
3 1
3 2
3 3
1 1
1 2
1 3
2 1
2 2
2 3
3 1
3 2
3 3
1 1
1 2
1 3
2 1
2 2
2 3
3 1
3 2
3 3
1 1
1 2
1 3
2 1
2 2
2 3
3 1
3 2
3 3
1 1
1 2
1 3
2 1
2 2
2 3
3 1
3 2
3 3
1 1
1 2
1 3
2 1
2 2
2 3
3 1
3 2
3 3
1 1
1 2
1 3
2 1
2 2
2 3
3 1
3 2
3 3
1 1
1 2
1 3
2 1
2 2
2 3
3 1
3 2
3 3
1 1
1 2
1 3
2 1
2 2
2 3
3 1
3 2
3 3
1 1
1 2
1 3
2 1
2 2
2 3
3 1
3 2
3 3
1 1
1 2
1 3
2 1
2 2
2 3
3 1
3 2
3 3
1 1
1 2
1 3
2 1
2 2
2 3
3 1
3 2
3 3
1 1
1 2
1 3
2 1
2 2
2 3
3 1
3 2
3 3
1 1
1 2
1 3
2 1
2 2
2 3
3 1
3 2
3 3
1 1
1 2
1 3
2 1
2 2
2 3
3 1
3 2
3 3
1 1
1 2
1 3
2 1
2 2
2 3
3 1
3 2
3 3
1 1
1 2
1 3
2 1
2 2
2 3
3 1
3 2
3 3
1 1
1 2
1 3
2 1
2 2
2 3
3 1
3 2
3 3
1 1
1 2
1 3
2 1
2 2
2 3
3 1
3 2
3 3
1 1 1 0.011444120551663604
1 2 1 0.011439413814987651
1 3 1 0.009025003166051988
2 1 1 0.014990709634609528
2 2 1 0.017066430238406215
2 3 1 0.01605821053181377
3 1 1 0.014954083339830244
3 2 1 0.0165871700346949
3 3 1 0.01721576369634335
1 1 2 0.010062139885520582
1 2 2 0.011729525283549072
1 3 2 0.011507249485411403
2 1 2 0.01531323131937139
2 2 2 0.02004755540777877
2 3 2 0.0159079557030661
3 1 2 0.017124094238639177
3 2 2 0.01622996848345994
3 3 2 0.011205190620946152
1 1 3 0.010280033494844455
1 2 3 0.010288457672279278
1 3 3 0.012122333144001232
2 1 3 0.013272099961686365
2 2 3 0.015170533421818799
2 3 3 0.014788915794559885
3 1 3 0.012684000304559883
3 2 3 0.013312804398327036
3 3 3 0.010392629441968951
1 1 4 0.010428018342986222
1 2 4 0.00797195639170262
1 3 4 0.009244428057368451
2 1 4 0.01406758570500515
2 2 4 0.015048418664585811
2 3 4 0.014312483234763007
3 1 4 0.011151743535013563
3 2 4 0.012926280060633389
3 3 4 0.011902076531519831
1 1 5 0.00868703607576628
1 2 5 0.010264783835440276
1 3 5 0.00933233751177225
2 1 5 0.013258889335459248
2 2 5 0.01333024138671409
2 3 5 0.013365883536713344
3 1 5 0.01167333093237584
3 2 5 0.012274256402043288
3 3 5 0.01339891859764437
1 1 6 0.008205784909537451
1 2 6 0.00764602079661284
1 3 6 0.00796270642922215
2 1 6 0.013496587181084147
2 2 6 0.011970625398063147
2 3 6 0.011535162068240578
3 1 6 0.010747838190381142
3 2 6 0.01098761579026914
3 3 6 0.012401004505973551
1 1 7 0.00843937976280645
1 2 7 0.006792485692905766
1 3 7 0.007199896405256272
2 1 7 0.010460175956701245
2 2 7 0.01220622277477351
2 3 7 0.012708151284769561
3 1 7 0.009356614577396092
3 2 7 0.011926885844765488
3 3 7 0.011731051361389794
1 1 8 0.006595647010965222
1 2 8 0.004946116673754946
1 3 8 0.005624005586503189
2 1 8 0.01192844415904189
2 2 8 0.010091773594948273
2 3 8 0.011409921742589446
3 1 8 0.010893515186841155
3 2 8 0.009145133644572596
3 3 8 0.009891646033718096
1 1 9 0.005467608552482118
1 2 9 0.006215523411323106
1 3 9 0.005991221523764282
2 1 9 0.010324106046495926
2 2 9 0.009983935979471179
2 3 9 0.011204054799227264
3 1 9 0.009998406393943678
3 2 9 0.0074342037755061995
3 3 9 0.007583917579097208
1 1 10 0.0063150643648718155
1 2 10 0.005100102572879237
1 3 10 0.005929106202836551
2 1 10 0.010694264472999924
2 2 10 0.008636980559081244
2 3 10 0.009409190058997574
3 1 10 0.008109711594394142
3 2 10 0.006507134314179685
3 3 10 0.005923352184630915
1 1 11 0.006438196168827591
1 2 11 0.0045218081469677405
1 3 11 0.004221076264060273
2 1 11 0.009888991676825942
2 2 11 0.00785881976761053
2 3 11 0.007840427895359011
3 1 11 0.007283252960390662
3 2 11 0.007608565588081155
3 3 11 0.007175821513788229
1 1 12 0.004327360694959615
1 2 12 0.0042258236245819505
1 3 12 0.0035068816623994256
2 1 12 0.008885375293380949
2 2 12 0.006748305738524868
2 3 12 0.006591454303469147
3 1 12 0.007703208356440833
3 2 12 0.0059414403792661784
3 3 12 0.0072331238933198375
1 1 13 0.0042950120372013435
1 2 13 0.0034610305454138256
1 3 13 0.002969449916789633
2 1 13 0.00806473793475207
2 2 13 0.00629245274080108
2 3 13 0.0049933012786847215
3 1 13 0.007400959787631988
3 2 13 0.005652933499757271
3 3 13 0.005098155749462621
1 1 14 0.0031508204379935055
1 2 14 0.002543535270374961
1 3 14 0.0032122160174452206
2 1 14 0.005202099848171073
2 2 14 0.005034545375093885
2 3 14 0.004413404789515454
3 1 14 0.0044202088314606895
3 2 14 0.005137944973811364
3 3 14 0.0035486718978802387
1 1 15 0.0032871132864394034
1 2 15 0.002662897619063958
1 3 15 0.003070079051161266
2 1 15 0.005546711945402491
2 2 15 0.004778189732536712
2 3 15 0.004572026739984299
3 1 15 0.004647545862195802
3 2 15 0.0037614897281145997
3 3 15 0.003984974484606828
1 1 16 0.00193579305433388
1 2 16 0.002675084110287708
1 3 16 0.0024286609716732003
2 1 16 0.0034472109674061023
2 2 16 0.004038827811519257
2 3 16 0.004293713849012934
3 1 16 0.003890640009411049
3 2 16 0.00266249971255343
3 3 16 0.0039150847397536655
1 1 17 0.002433890530545115
1 2 17 0.002113281807817379
1 3 17 0.00225168126305103
2 1 17 0.0036906859755531708
2 2 17 0.0037973646558744196
2 3 17 0.0037102001923010664
3 1 17 0.003910526860918365
3 2 17 0.0034144434691132574
3 3 17 0.003416321798357491
1 1 18 0.002085786043166257
1 2 18 0.0019763195014576265
1 3 18 0.0019846148398572597
2 1 18 0.003087842098016616
2 2 18 0.0032255446413278024
2 3 18 0.003089141575687903
3 1 18 0.0026923606087626327
3 2 18 0.0032916813725207246
3 3 18 0.002437349079908515
1 1 19 0.001465931112138251
1 2 19 0.0016095666914189143
1 3 19 0.002012496793795791
2 1 19 0.002839598737843815
2 2 19 0.002744485365390773
2 3 19 0.0025235281487929456
3 1 19 0.0024081579717638484
3 2 19 0.0024976987512020056
3 3 19 0.002316866526737453
1 1 20 0.001583499042534474
1 2 20 0.0009748314891426899
1 3 20 0.001531381534287135
2 1 20 0.0022618937130847103
2 2 20 0.002096195631226865
2 3 20 0.0024301024146958427
3 1 20 0.0024221923175768148
3 2 20 0.0020149856269946927
3 3 20 0.002634816004987109
