Norm difference: 1.0
Norm difference: 1.0
1 1
1 2
1 3
2 1
2 2
2 3
3 1
3 2
3 3
1 1
1 2
1 3
2 1
2 2
2 3
3 1
3 2
3 3
1 1
1 2
1 3
2 1
2 2
2 3
3 1
3 2
3 3
1 1
1 2
1 3
2 1
2 2
2 3
3 1
3 2
3 3
1 1
1 2
1 3
2 1
2 2
2 3
3 1
3 2
3 3
1 1
1 2
1 3
2 1
2 2
2 3
3 1
3 2
3 3
1 1
1 2
1 3
2 1
2 2
2 3
3 1
3 2
3 3
1 1
1 2
1 3
2 1
2 2
2 3
3 1
3 2
3 3
1 1
1 2
1 3
2 1
2 2
2 3
3 1
3 2
3 3
1 1
1 2
1 3
2 1
2 2
2 3
3 1
3 2
3 3
1 1
1 2
1 3
2 1
2 2
2 3
3 1
3 2
3 3
1 1
1 2
1 3
2 1
2 2
2 3
3 1
3 2
3 3
1 1
1 2
1 3
2 1
2 2
2 3
3 1
3 2
3 3
1 1
1 2
1 3
2 1
2 2
2 3
3 1
3 2
3 3
1 1
1 2
1 3
2 1
2 2
2 3
3 1
3 2
3 3
1 1
1 2
1 3
2 1
2 2
2 3
3 1
3 2
3 3
1 1
1 2
1 3
2 1
2 2
2 3
3 1
3 2
3 3
1 1
1 2
1 3
2 1
2 2
2 3
3 1
3 2
3 3
1 1
1 2
1 3
2 1
2 2
2 3
3 1
3 2
3 3
1 1
1 2
1 3
2 1
2 2
2 3
3 1
3 2
3 3
1 1 1 0.001771213098225391
1 2 1 0.00179087059668928
1 3 1 0.0016601659203598288
2 1 1 0.001963990622674879
2 2 1 0.0013496752876594991
2 3 1 0.0018441301471509893
3 1 1 0.0020238216923257417
3 2 1 0.0017891913234204069
3 3 1 0.00198301783916201
1 1 2 0.002020019382155872
1 2 2 0.001479181000637693
1 3 2 0.002019822513738326
2 1 2 0.0015998314687298665
2 2 2 0.001382204144002881
2 3 2 0.0017907947207296976
3 1 2 0.0015460729472270766
3 2 2 0.0014674086443424359
3 3 2 0.0019367505425420765
1 1 3 0.0016973089434930671
1 2 3 0.0017089288959589535
1 3 3 0.002059083074414146
2 1 3 0.0016591609392739692
2 2 3 0.0014775876936191207
2 3 3 0.0018198141507647417
3 1 3 0.0017031390878180196
3 2 3 0.0014527839651592327
3 3 3 0.0020556774142948533
1 1 4 0.001449436091817251
1 2 4 0.0016306648699772192
1 3 4 0.0020068237892006497
2 1 4 0.001539778918643902
2 2 4 0.0015359317385230452
2 3 4 0.0018252319093691716
3 1 4 0.0015114477829427505
3 2 4 0.0019662457655866606
3 3 4 0.0015698155359666157
1 1 5 0.0013926833123383798
1 2 5 0.0016798164074768806
1 3 5 0.001604319007823431
2 1 5 0.0014572949001732905
2 2 5 0.001474592082287282
2 3 5 0.001748916379048019
3 1 5 0.0012782030322774315
3 2 5 0.0017285046716120315
3 3 5 0.0017170008044552457
1 1 6 0.0019194067399362206
1 2 6 0.0016889852093697707
1 3 6 0.001235293534213115
2 1 6 0.0015192799060733807
2 2 6 0.001515901085513541
2 3 6 0.0012864030333819586
3 1 6 0.0014368804320529958
3 2 6 0.0016734835308372304
3 3 6 0.0017904015651923726
1 1 7 0.001765376483076727
1 2 7 0.0014975595994038593
1 3 7 0.0012217177923238877
2 1 7 0.0014236811280260585
2 2 7 0.0012501556742976043
2 3 7 0.0014310107586804443
3 1 7 0.0016686625484546192
3 2 7 0.0014768013552190911
3 3 7 0.0014177461830024193
1 1 8 0.0017378363523321365
1 2 8 0.0017906925457532093
1 3 8 0.001264287684064467
2 1 8 0.0013609925005749802
2 2 8 0.0013113563705453046
2 3 8 0.0012010480339728655
3 1 8 0.001625840129954818
3 2 8 0.001714502140540712
3 3 8 0.0014478694185588207
1 1 9 0.001950605668849881
1 2 9 0.0016392338492631105
1 3 9 0.0017401559753803908
2 1 9 0.0013692106903553257
2 2 9 0.0014984949877676656
2 3 9 0.0014169510381083397
3 1 9 0.0020394538829500144
3 2 9 0.0013805735214409442
3 3 9 0.0014001093247600466
1 1 10 0.001585137670963227
1 2 10 0.001508971196121978
1 3 10 0.0016594191254185931
2 1 10 0.0013260592435852577
2 2 10 0.0014225642480971098
2 3 10 0.0012424095168074804
3 1 10 0.0016589472349644503
3 2 10 0.0017530289437912559
3 3 10 0.00141770672760629
1 1 11 0.0013298694962860006
1 2 11 0.0014584393588913968
1 3 11 0.001550494608555858
2 1 11 0.001360734708806439
2 2 11 0.0013093243118986137
2 3 11 0.0013452252214828
3 1 11 0.0014005584221270877
3 2 11 0.0015275998357058781
3 3 11 0.0015887157530103905
1 1 12 0.0014577690432825761
1 2 12 0.001314479452157
1 3 12 0.0015461505899157367
2 1 12 0.0012477863481370908
2 2 12 0.001089362765893085
2 3 12 0.001067993342012631
3 1 12 0.001493263794103747
3 2 12 0.0013589723527607895
3 3 12 0.0014586331741400609
1 1 13 0.001323074484733508
1 2 13 0.0016538032240325622
1 3 13 0.0014559862445092165
2 1 13 0.0010132150851320733
2 2 13 0.0013834702189643882
2 3 13 0.0014893470488881032
3 1 13 0.0014409945072378259
3 2 13 0.0013325969279317697
3 3 13 0.0014963070916289185
1 1 14 0.0015202178607232647
1 2 14 0.0012370027759970282
1 3 14 0.001266476281812989
2 1 14 0.0009438332668735598
2 2 14 0.0013632160650252291
2 3 14 0.0013217477098143218
3 1 14 0.0010744356063375404
3 2 14 0.001090035901742634
3 3 14 0.0011069209271565984
1 1 15 0.0009802280359605842
1 2 15 0.0011776454595538877
1 3 15 0.001649485571638306
2 1 15 0.00098158669041386
2 2 15 0.0012255738163246307
2 3 15 0.001345452205955101
3 1 15 0.0012704900004005307
3 2 15 0.0015030042244798766
3 3 15 0.0009887202690124748
1 1 16 0.0012653898334907343
1 2 16 0.0011104529731210152
1 3 16 0.001443161494253767
2 1 16 0.0011933918784100864
2 2 16 0.0010340008789527205
2 3 16 0.0010575525905623143
3 1 16 0.0011597700257662022
3 2 16 0.0007166806766329194
3 3 16 0.0011156034427008744
1 1 17 0.0013092115465602175
1 2 17 0.0012397718853178576
1 3 17 0.0014139234201732932
2 1 17 0.0010131507043231616
2 2 17 0.0014979565049378011
2 3 17 0.0013483880522905862
3 1 17 0.0010975499323066169
3 2 17 0.0015771440377943444
3 3 17 0.001527072502596279
1 1 18 0.0013026814820635366
1 2 18 0.0011294793973825536
1 3 18 0.001207425379253052
2 1 18 0.0012213891135606984
2 2 18 0.0008523119040140193
2 3 18 0.001018510429859839
3 1 18 0.0010151644129250085
3 2 18 0.0009148453513261413
3 3 18 0.001163496329091206
1 1 19 0.0012620914723731145
1 2 19 0.0010755678941715065
1 3 19 0.001254814990929749
2 1 19 0.0010992517021464637
2 2 19 0.0012799682379360216
2 3 19 0.0010157964121808943
3 1 19 0.001239586604780006
3 2 19 0.0015404195032821485
3 3 19 0.0012282343699944456
1 1 20 0.0012371188424195412
1 2 20 0.0007237501741527597
1 3 20 0.0013793943226989656
2 1 20 0.0011629991329419674
2 2 20 0.001125298933075212
2 3 20 0.0009946344421226144
3 1 20 0.0011445811915768895
3 2 20 0.0010262632914354443
3 3 20 0.001314356277525098
