C_list:
0.0006373700545955329 0.21766371626394354
C_list:
0.000674434928745443 0.24096472983776665
C_list:
0.0006359911884433543 0.24223056400099532
C_list:
0.0006168765191823949 0.2613663857080229
C_list:
0.0006726222474778782 0.2762942755848311
C_list:
0.0006482273823108367 0.2797872576544855
ndim2: 60
W_list: [2.3, 2.4, 2.5, 2.5999999999999996, 2.6999999999999997, 2.8]
L_list: [4.594242977949431, 4.149984940423712, 4.128298194425585, 3.8260467094537476, 3.619329419269739, 3.5741441850612037]
C_list:
0.0005185777930576652 0.1509602364767463
C_list:
0.0005319514632532998 0.1638520395208796
C_list:
0.0005226675541278026 0.17695716126371966
C_list:
0.0005279333992594588 0.19588897272615993
C_list:
0.0005318940477507529 0.2041361828634073
C_list:
0.0005713629140562882 0.21686027306177044
ndim2: 60
W_list: [2.3, 2.4, 2.5, 2.5999999999999996, 2.6999999999999997, 2.8]
L_list: [6.624260953340773, 6.103067150852098, 5.651085227964851, 5.104932585449489, 4.8986905994471615, 4.611264137416078]
C_list:
0.0005221472833918348 0.1344766865227809
C_list:
0.0005199139969548766 0.1476473363549552
C_list:
0.0005090285435078988 0.15474096443653668
C_list:
0.000546467339721281 0.1639218558906649
C_list:
0.0005190224238894145 0.1789877989340386
C_list:
0.0005150668306411201 0.18902071966053355
ndim2: 60
W_list: [2.3, 2.4, 2.5, 2.5999999999999996, 2.6999999999999997, 2.8]
L_list: [7.436233192960148, 6.772895635556374, 6.462412869412651, 6.100467778177153, 5.5869730001458064, 5.290425313139861]
