[-2.41421356 -1.         -1.         -0.41421356  0.41421356  1.
  1.          2.41421356]
W: 3.0
num_iter: 0
[-0.73371262 -0.70667234 -0.67735152 -0.64624236 -0.61200784 -0.57629487
 -0.5385635  -0.49879775 -0.45704987 -0.41422683 -0.36819786 -0.31903345
 -0.26879406 -0.21458257 -0.1535346  -0.08481825  0.08482419  0.15352899
  0.21457739  0.26878986  0.31902931  0.36819343  0.41422216  0.45706279
  0.49881206  0.53856289  0.57629745  0.61199636  0.64625181  0.6773395
  0.7066747   0.73371741]
localization_length: 0.7368697183131946
0.7362635871838207
W_list: [3.0]
L_list: [0.7362635871838207]
[-2.41421356 -1.         -1.         -0.41421356  0.41421356  1.
  1.          2.41421356]
W: 3.0
num_iter: 0
[-0.73338947 -0.70661306 -0.67701253 -0.64561444 -0.61195112 -0.57610428
 -0.53819675 -0.49797007 -0.45694722 -0.41344389 -0.36768452 -0.31935055
 -0.26837505 -0.21334954 -0.15291955 -0.08362004  0.08361742  0.15291988
  0.2133406   0.26837029  0.31934693  0.36769925  0.41344593  0.45694754
  0.49796499  0.53820717  0.57610091  0.61194417  0.64564105  0.67699825
  0.7066066   0.73339109]
localization_length: 0.7474519009941679
0.7455802116617672
W_list: [3.0]
L_list: [0.7455802116617672]
