Norm difference: 1.0
Norm difference: 1.0
1 1
1 2
1 3
2 1
2 2
2 3
3 1
3 2
3 3
1 1
1 2
1 3
2 1
2 2
2 3
3 1
3 2
3 3
1 1
1 2
1 3
2 1
2 2
2 3
3 1
3 2
3 3
1 1
1 2
1 3
2 1
2 2
2 3
3 1
3 2
3 3
1 1
1 2
1 3
2 1
2 2
2 3
3 1
3 2
3 3
1 1
1 2
1 3
2 1
2 2
2 3
3 1
3 2
3 3
1 1
1 2
1 3
2 1
2 2
2 3
3 1
3 2
3 3
1 1
1 2
1 3
2 1
2 2
2 3
3 1
3 2
3 3
1 1
1 2
1 3
2 1
2 2
2 3
3 1
3 2
3 3
1 1
1 2
1 3
2 1
2 2
2 3
3 1
3 2
3 3
1 1
1 2
1 3
2 1
2 2
2 3
3 1
3 2
3 3
1 1
1 2
1 3
2 1
2 2
2 3
3 1
3 2
3 3
1 1
1 2
1 3
2 1
2 2
2 3
3 1
3 2
3 3
1 1
1 2
1 3
2 1
2 2
2 3
3 1
3 2
3 3
1 1
1 2
1 3
2 1
2 2
2 3
3 1
3 2
3 3
1 1
1 2
1 3
2 1
2 2
2 3
3 1
3 2
3 3
1 1
1 2
1 3
2 1
2 2
2 3
3 1
3 2
3 3
1 1
1 2
1 3
2 1
2 2
2 3
3 1
3 2
3 3
1 1
1 2
1 3
2 1
2 2
2 3
3 1
3 2
3 3
1 1
1 2
1 3
2 1
2 2
2 3
3 1
3 2
3 3
1 1 1 0.00338964577117058
1 2 1 0.0033756103590230875
1 3 1 0.0029759193480242774
2 1 1 0.0031579329920740197
2 2 1 0.0028339157738164642
2 3 1 0.0033027682370304207
3 1 1 0.0026071957759370257
3 2 1 0.002986257258219252
3 3 1 0.003871752452989585
1 1 2 0.003647214121497111
1 2 2 0.002816944998737837
1 3 2 0.0036107737631384793
2 1 2 0.002948308295550071
2 2 2 0.0032293546500170483
2 3 2 0.0037725518611220906
3 1 2 0.003217555028898187
3 2 2 0.0034688839675256883
3 3 2 0.004277147294007595
1 1 3 0.002539381160341342
1 2 3 0.003595132142470542
1 3 3 0.004521645712319403
2 1 3 0.002569388677809207
2 2 3 0.0029998838658053693
2 3 3 0.003432209583214639
3 1 3 0.0036217975961325235
3 2 3 0.0025469150357880273
3 3 3 0.0037743804755448252
1 1 4 0.0031400660747896046
1 2 4 0.002741289691664614
1 3 4 0.0038606767646674213
2 1 4 0.0028186752070026543
2 2 4 0.002874222659062068
2 3 4 0.0033069369258625207
3 1 4 0.0031465552172888914
3 2 4 0.002645630575080504
3 3 4 0.0045019157590731225
1 1 5 0.003788568672304461
1 2 5 0.0032372543868840467
1 3 5 0.0046675384170169355
2 1 5 0.00275487434115258
2 2 5 0.0035000283245443797
2 3 5 0.003552062051285127
3 1 5 0.005186963010238973
3 2 5 0.0033951981718957263
3 3 5 0.004991994169902625
1 1 6 0.004295844853760616
1 2 6 0.0030481811148169538
1 3 6 0.0048737512375826506
2 1 6 0.0034930590353149356
2 2 6 0.0028203344605671585
2 3 6 0.004711150117153936
3 1 6 0.005851005206573851
3 2 6 0.0030258725773172684
3 3 6 0.007231219759708996
1 1 7 0.004875849951681984
1 2 7 0.0035995907183293185
1 3 7 0.004871753577165637
2 1 7 0.004581470028102927
2 2 7 0.0037036367000160843
2 3 7 0.005019306375604203
3 1 7 0.005342733206970778
3 2 7 0.0035150703393626295
3 3 7 0.008327152347920416
1 1 8 0.005708042529849738
1 2 8 0.004039103872237636
1 3 8 0.005744055456846337
2 1 8 0.004284893934550078
2 2 8 0.0029417705592523933
2 3 8 0.006767571853666829
3 1 8 0.004147905635854244
3 2 8 0.003441905962437325
3 3 8 0.006233073356087876
1 1 9 0.005209516710480281
1 2 9 0.003626882496557145
1 3 9 0.006601568246027906
2 1 9 0.004216317606294702
2 2 9 0.003008940320227341
2 3 9 0.0061179371386244925
3 1 9 0.004559851817816018
3 2 9 0.0027178907236340383
3 3 9 0.005125078674485003
1 1 10 0.0046846591653331915
1 2 10 0.003387624262698173
1 3 10 0.0056602707992527476
2 1 10 0.003654219659861159
2 2 10 0.003533386057014608
2 3 10 0.004312447178734106
3 1 10 0.005489087843828297
3 2 10 0.0033941772523354537
3 3 10 0.0053414765001047705
1 1 11 0.004421281404183358
1 2 11 0.003089157167813657
1 3 11 0.006408987768350352
2 1 11 0.004504678641752712
2 2 11 0.0025045807591069945
2 3 11 0.005620246335676152
3 1 11 0.003573564053877716
3 2 11 0.0030008209521133616
3 3 11 0.005779151916966728
1 1 12 0.0039686838912125445
1 2 12 0.0023529175156780887
1 3 12 0.005926569147017716
2 1 12 0.004458171855318037
2 2 12 0.00346778181423305
2 3 12 0.005097491134565754
3 1 12 0.004074259458232217
3 2 12 0.003237833408423619
3 3 12 0.0048705235751387715
1 1 13 0.003443872637921644
1 2 13 0.0037243162095759444
1 3 13 0.005054744156059986
2 1 13 0.003630294410143452
2 2 13 0.0028129724688700747
2 3 13 0.006486859933432493
3 1 13 0.003523175002078541
3 2 13 0.001869710244109496
3 3 13 0.006068538792366579
1 1 14 0.00314532700742927
1 2 14 0.0022574417309071566
1 3 14 0.0060844149975535595
2 1 14 0.005037537796021523
2 2 14 0.0030329409259707077
2 3 14 0.006039942470871829
3 1 14 0.0033695822004060393
3 2 14 0.002505743523591922
3 3 14 0.005330609864715682
1 1 15 0.003572103098883693
1 2 15 0.0030118300395530033
1 3 15 0.005716598567278864
2 1 15 0.003858873995564846
2 2 15 0.0022671737668900375
2 3 15 0.00675987652042323
3 1 15 0.0025627978566761236
3 2 15 0.0029499386039639097
3 3 15 0.003946989071461508
1 1 16 0.0037672807204788402
1 2 16 0.002945434391297336
1 3 16 0.006248625173064507
2 1 16 0.004707820450629685
2 2 16 0.003086325932344147
2 3 16 0.005166269407026246
3 1 16 0.004363322717360686
3 2 16 0.0026248690676293858
3 3 16 0.004440668020728349
1 1 17 0.005253112350280719
1 2 17 0.003588503019172652
1 3 17 0.0057314998352178004
2 1 17 0.004139250227745537
2 2 17 0.003125623499865833
2 3 17 0.004594064932651001
3 1 17 0.004332755980014732
3 2 17 0.002416415630206644
3 3 17 0.0036242714097166062
1 1 18 0.004188811258656739
1 2 18 0.002591832431965197
1 3 18 0.005374947157574847
2 1 18 0.005072984800816044
2 2 18 0.0027361171663302574
2 3 18 0.005570335464140893
3 1 18 0.0030461577476969355
3 2 18 0.0028585939952848953
3 3 18 0.004152383649575736
1 1 19 0.005176046419446534
1 2 19 0.0032231060668995804
1 3 19 0.004651644602839995
2 1 19 0.004554274058186661
2 2 19 0.0036320308637009546
2 3 19 0.004509720776673543
3 1 19 0.004073127130351517
3 2 19 0.002554746518308031
3 3 19 0.0059629194995821835
1 1 20 0.004282269816239571
1 2 20 0.0028158920298499927
1 3 20 0.004957286544154187
2 1 20 0.0032820974568857353
2 2 20 0.0023975084164830486
2 3 20 0.005803812689614414
3 1 20 0.0038181782128804847
3 2 20 0.0017522849778810363
3 3 20 0.005586354315641203
