W: 2.0
num_iter: 0
[-0.63436749 -0.63436749 -0.62735037 -0.62735037 -0.6189238  -0.6189238
 -0.60904828 -0.60904828 -0.59829648 -0.59829648 -0.58634999 -0.58634999
 -0.57320837 -0.57320837 -0.55983391 -0.55983391 -0.54535934 -0.54535934
 -0.53003078 -0.53003078 -0.51393244 -0.51393244 -0.4972354  -0.4972354
 -0.47969768 -0.47969768 -0.46163451 -0.46163451 -0.44300176 -0.44300176
 -0.42279613 -0.42279613 -0.40259105 -0.40259105 -0.38109491 -0.38109491
 -0.35886548 -0.35886548 -0.33589535 -0.33589535 -0.31202005 -0.31202005
 -0.28723975 -0.28723975 -0.26136228 -0.26136228 -0.23456956 -0.23456956
 -0.20753352 -0.20753352 -0.17895995 -0.17895995 -0.15065036 -0.15065036
 -0.12150471 -0.12150471 -0.09265769 -0.09265769 -0.06396764 -0.06396764
 -0.03521652 -0.03521652 -0.0073476  -0.0073476   0.00734729  0.00734729
  0.03521543  0.03521543  0.06396571  0.06396571  0.09265603  0.09265603
  0.12150993  0.12150993  0.1506496   0.1506496   0.17895948  0.17895948
  0.20753381  0.20753381  0.23456603  0.23456603  0.26136099  0.26136099
  0.28724052  0.28724052  0.31201999  0.31201999  0.33589235  0.33589235
  0.35887112  0.35887112  0.3810968   0.3810968   0.40259074  0.40259074
  0.42279728  0.42279728  0.44299906  0.44299906  0.46163361  0.46163361
  0.47969727  0.47969727  0.4972378   0.4972378   0.51392916  0.51392916
  0.53002941  0.53002941  0.54535708  0.54535708  0.55984046  0.55984046
  0.57321196  0.57321196  0.58634505  0.58634505  0.59829766  0.59829766
  0.60905071  0.60905071  0.61892159  0.61892159  0.62735061  0.62735061
  0.63436862  0.63436862]
localization_length: 4.253269598270253
4.620305150832499
W_list: [2.0]
L_list: [147.84976482663996]
