Norm difference: 0.9999999999999999
Norm difference: 1.0
1 1
1 2
1 3
2 1
2 2
2 3
3 1
3 2
3 3
1 1
1 2
1 3
2 1
2 2
2 3
3 1
3 2
3 3
1 1
1 2
1 3
2 1
2 2
2 3
3 1
3 2
3 3
1 1
1 2
1 3
2 1
2 2
2 3
3 1
3 2
3 3
1 1
1 2
1 3
2 1
2 2
2 3
3 1
3 2
3 3
1 1
1 2
1 3
2 1
2 2
2 3
3 1
3 2
3 3
1 1
1 2
1 3
2 1
2 2
2 3
3 1
3 2
3 3
1 1
1 2
1 3
2 1
2 2
2 3
3 1
3 2
3 3
1 1
1 2
1 3
2 1
2 2
2 3
3 1
3 2
3 3
1 1
1 2
1 3
2 1
2 2
2 3
3 1
3 2
3 3
1 1
1 2
1 3
2 1
2 2
2 3
3 1
3 2
3 3
1 1
1 2
1 3
2 1
2 2
2 3
3 1
3 2
3 3
1 1
1 2
1 3
2 1
2 2
2 3
3 1
3 2
3 3
1 1
1 2
1 3
2 1
2 2
2 3
3 1
3 2
3 3
1 1
1 2
1 3
2 1
2 2
2 3
3 1
3 2
3 3
1 1
1 2
1 3
2 1
2 2
2 3
3 1
3 2
3 3
1 1
1 2
1 3
2 1
2 2
2 3
3 1
3 2
3 3
1 1
1 2
1 3
2 1
2 2
2 3
3 1
3 2
3 3
1 1
1 2
1 3
2 1
2 2
2 3
3 1
3 2
3 3
1 1
1 2
1 3
2 1
2 2
2 3
3 1
3 2
3 3
1 1 1 0.005893003218537636
1 2 1 0.0056776765394615306
1 3 1 0.004659110404834648
2 1 1 0.00516001733272521
2 2 1 0.005035530952566679
2 3 1 0.006142654708033763
3 1 1 0.006563597966345954
3 2 1 0.005673616593962741
3 3 1 0.007852096139439982
1 1 2 0.004520531466562852
1 2 2 0.003597893621605566
1 3 2 0.005605420709239559
2 1 2 0.0045920997081940924
2 2 2 0.005357315421688062
2 3 2 0.0063854582074086745
3 1 2 0.0058403573793122205
3 2 2 0.005975101341961675
3 3 2 0.007929242540535134
1 1 3 0.0035340513767614505
1 2 3 0.003848382267079865
1 3 3 0.005786709888594919
2 1 3 0.0054272328284011035
2 2 3 0.0031964128900443846
2 3 3 0.00550224861155903
3 1 3 0.005713356187709547
3 2 3 0.004616380243854959
3 3 3 0.0071320485588991026
1 1 4 0.004327502701068402
1 2 4 0.004436015485990045
1 3 4 0.0065920038043557035
2 1 4 0.004037348094635015
2 2 4 0.003971239325259663
2 3 4 0.005254595041023671
3 1 4 0.00471485316693635
3 2 4 0.004552677313763603
3 3 4 0.00830701880596625
1 1 5 0.004955041007724632
1 2 5 0.004851746856251454
1 3 5 0.007556136434042296
2 1 5 0.004690970950679911
2 2 5 0.0046640752758019734
2 3 5 0.00701071737677354
3 1 5 0.005116993530694029
3 2 5 0.007282979900633113
3 3 5 0.0074343712757557025
1 1 6 0.0052462929250499234
1 2 6 0.005622451138518114
1 3 6 0.008023816799819238
2 1 6 0.004478949220867818
2 2 6 0.005070163849660413
2 3 6 0.007558467333087654
3 1 6 0.0073567474931148236
3 2 6 0.006207662810561605
3 3 6 0.007203022955663066
1 1 7 0.0067364387713413935
1 2 7 0.003488436101026009
1 3 7 0.0071306164496356406
2 1 7 0.005787424906889091
2 2 7 0.005780417432522917
2 3 7 0.006941145161350535
3 1 7 0.009145450997661762
3 2 7 0.006340540786641521
3 3 7 0.007827395432622085
1 1 8 0.005478346364572254
1 2 8 0.004847930958800019
1 3 8 0.007664515360224768
2 1 8 0.007347179455159916
2 2 8 0.0043070766523159425
2 3 8 0.007268222386396642
3 1 8 0.008518023035853937
3 2 8 0.005081975496842071
3 3 8 0.0069512241814548795
1 1 9 0.006276719145430899
1 2 9 0.004417488079618203
1 3 9 0.006565036250068872
2 1 9 0.007012704520351692
2 2 9 0.004420158174646711
2 3 9 0.005329573191636514
3 1 9 0.006055894155099836
3 2 9 0.004199358675547442
3 3 9 0.0061609580731876125
1 1 10 0.006716533716535196
1 2 10 0.004841297679508638
1 3 10 0.007001926770783555
2 1 10 0.0065146616162230124
2 2 10 0.0026332739081493875
2 3 10 0.005160802830947884
3 1 10 0.006697032108255109
3 2 10 0.002479835973330677
3 3 10 0.0050546869310152355
1 1 11 0.007230407159026404
1 2 11 0.00451217222208652
1 3 11 0.0056361711327954315
2 1 11 0.004714490549013584
2 2 11 0.0028430880900133953
2 3 11 0.004868627187370347
3 1 11 0.005157377848307455
3 2 11 0.0041239759391374755
3 3 11 0.006252483007892803
1 1 12 0.00709058242243481
1 2 12 0.004573834122354871
1 3 12 0.006343039894785027
2 1 12 0.00477198655160819
2 2 12 0.003981357998880816
2 3 12 0.00447607208708695
3 1 12 0.00559460875318509
3 2 12 0.004165578196864585
3 3 12 0.006669591367831423
1 1 13 0.006481869428960621
1 2 13 0.003479249403571983
1 3 13 0.00502095019650144
2 1 13 0.005037558499364781
2 2 13 0.00360529984109855
2 3 13 0.004538193221547638
3 1 13 0.004206608666055435
3 2 13 0.004273737659468443
3 3 13 0.006546359295397744
1 1 14 0.005729204670003677
1 2 14 0.003201234714827742
1 3 14 0.004895799147035901
2 1 14 0.005172990237959832
2 2 14 0.0031632917959528322
2 3 14 0.00479370274907146
3 1 14 0.004842057972380392
3 2 14 0.004848335289710544
3 3 14 0.005048032669743428
1 1 15 0.004795370704425155
1 2 15 0.0028849214843869545
1 3 15 0.0053621207031456395
2 1 15 0.003927705303165698
2 2 15 0.0027914849012297656
2 3 15 0.004758986838594852
3 1 15 0.00669883511415965
3 2 15 0.0039085865890132986
3 3 15 0.006845491149244212
1 1 16 0.00431768074502382
1 2 16 0.0035653599279014277
1 3 16 0.005322978430121427
2 1 16 0.003075344153579161
2 2 16 0.002770725801913249
2 3 16 0.0037253072092548805
3 1 16 0.0055950291948501105
3 2 16 0.003989541489647249
3 3 16 0.005057699744106288
1 1 17 0.004443173165670754
1 2 17 0.0037349534270887884
1 3 17 0.004750457467045299
2 1 17 0.0040233432042032944
2 2 17 0.0026627084379749954
2 3 17 0.00316193074302785
3 1 17 0.005643932648428563
3 2 17 0.0033450452904809297
3 3 17 0.00450817862771446
1 1 18 0.0054390912290487575
1 2 18 0.003496884102177048
1 3 18 0.004944563267715454
2 1 18 0.0044226808274839885
2 2 18 0.0022775010970976497
2 3 18 0.002977381480096364
3 1 18 0.005394126763446865
3 2 18 0.0022275806203934925
3 3 18 0.004615592149741082
1 1 19 0.004505270605238062
1 2 19 0.0026588405565467947
1 3 19 0.0044745195135091394
2 1 19 0.003148302817975591
2 2 19 0.002261121842726068
2 3 19 0.003370821154948519
3 1 19 0.005246636058820986
3 2 19 0.0029162154308268995
3 3 19 0.0047602863916667
1 1 20 0.00374479000309214
1 2 20 0.0026830395968063907
1 3 20 0.004451078207504851
2 1 20 0.0024928190065451414
2 2 20 0.002028486388142196
2 3 20 0.0037389219911615626
3 1 20 0.004006967007213219
3 2 20 0.00337981789038455
3 3 20 0.003889874273654005
