Norm difference: 1.0
Norm difference: 1.0
1 1
1 2
2 1
2 2
1 1
1 2
2 1
2 2
1 1
1 2
2 1
2 2
1 1
1 2
2 1
2 2
1 1
1 2
2 1
2 2
1 1
1 2
2 1
2 2
1 1
1 2
2 1
2 2
1 1
1 2
2 1
2 2
1 1
1 2
2 1
2 2
1 1
1 2
2 1
2 2
1 1
1 2
2 1
2 2
1 1
1 2
2 1
2 2
1 1
1 2
2 1
2 2
1 1
1 2
2 1
2 2
1 1
1 2
2 1
2 2
1 1
1 2
2 1
2 2
1 1
1 2
2 1
2 2
1 1
1 2
2 1
2 2
1 1
1 2
2 1
2 2
1 1
1 2
2 1
2 2
1 1 1 4.288893970758184e-5
1 2 1 3.8213449793826074e-5
2 1 1 4.027488951348856e-5
2 2 1 2.9081718227089854e-5
1 1 2 4.587906070156394e-5
1 2 2 2.820086760925715e-5
2 1 2 5.446752645072075e-5
2 2 2 3.133209172000218e-5
1 1 3 4.4538516070623206e-5
1 2 3 3.3286821800226075e-5
2 1 3 2.5834238386100455e-5
2 2 3 3.9145765505366756e-5
1 1 4 3.847376055312599e-5
1 2 4 4.7757926430295865e-5
2 1 4 4.5191303001493214e-5
2 2 4 5.5851165763750956e-5
1 1 5 3.054963194469376e-5
1 2 5 5.022360899503658e-5
2 1 5 4.043129708222307e-5
2 2 5 4.942826919359764e-5
1 1 6 4.279412744945706e-5
1 2 6 5.6960464419387154e-5
2 1 6 5.339757254958678e-5
2 2 6 7.708278269741532e-5
1 1 7 5.704920047840824e-5
1 2 7 6.757603251117609e-5
2 1 7 8.198716556769034e-5
2 2 7 4.131097003737625e-5
1 1 8 7.555225557235188e-5
1 2 8 5.7194430627739374e-5
2 1 8 5.5742715105451894e-5
2 2 8 5.859038913717192e-5
1 1 9 7.484107570811446e-5
1 2 9 5.730196298424958e-5
2 1 9 5.21207540383509e-5
2 2 9 4.76010539956314e-5
1 1 10 6.130249930620756e-5
1 2 10 6.535495904586522e-5
2 1 10 7.49245131724723e-5
2 2 10 7.870356950434075e-5
1 1 11 6.84063614141994e-5
1 2 11 8.160461968553127e-5
2 1 11 7.844190831979108e-5
2 2 11 9.185701742919303e-5
1 1 12 7.279443033527487e-5
1 2 12 8.85079519737826e-5
2 1 12 5.242685052438739e-5
2 2 12 7.859138645746582e-5
1 1 13 7.164425690000811e-5
1 2 13 8.526829860513022e-5
2 1 13 9.293214532690726e-5
2 2 13 6.137220425619653e-5
1 1 14 8.472518427332586e-5
1 2 14 6.23067356401992e-5
2 1 14 8.613565098635795e-5
2 2 14 4.818689929120975e-5
1 1 15 9.440423719394766e-5
1 2 15 5.6445341312797394e-5
2 1 15 9.036192588761804e-5
2 2 15 8.726221334457912e-5
1 1 16 9.07148838477578e-5
1 2 16 7.726157666827215e-5
2 1 16 9.220482216409706e-5
2 2 16 0.00011477556014912234
1 1 17 8.025614826121336e-5
1 2 17 9.128026414278689e-5
2 1 17 4.952710551837053e-5
2 2 17 8.393008314521541e-5
1 1 18 7.137172394166362e-5
1 2 18 9.390359278864637e-5
2 1 18 9.794925698171219e-5
2 2 18 4.719518156584328e-5
1 1 19 8.405339594495443e-5
1 2 19 6.481920944119432e-5
2 1 19 9.298743335654251e-5
2 2 19 5.526766594007304e-5
1 1 20 8.595972198507585e-5
1 2 20 5.717734111546542e-5
2 1 20 6.090495596732845e-5
2 2 20 7.214577580624475e-5
