W: 2.0
num_iter: 0
[-0.63435539 -0.63435539 -0.62725613 -0.62725613 -0.61887318 -0.61887318
 -0.60899346 -0.60899346 -0.59803138 -0.59803138 -0.5861699  -0.5861699
 -0.57325584 -0.57325584 -0.55979755 -0.55979755 -0.54526294 -0.54526294
 -0.52990955 -0.52990955 -0.51393035 -0.51393035 -0.49736847 -0.49736847
 -0.47991944 -0.47991944 -0.46188887 -0.46188887 -0.44260892 -0.44260892
 -0.42291687 -0.42291687 -0.40255589 -0.40255589 -0.38110451 -0.38110451
 -0.35904019 -0.35904019 -0.335931   -0.335931   -0.31184793 -0.31184793
 -0.28710784 -0.28710784 -0.26111489 -0.26111489 -0.23480501 -0.23480501
 -0.20717897 -0.20717897 -0.179135   -0.179135   -0.1502693  -0.1502693
 -0.12162838 -0.12162838 -0.09234576 -0.09234576 -0.06340495 -0.06340495
 -0.03551357 -0.03551357 -0.00720326 -0.00720326  0.00720273  0.00720273
  0.03551918  0.03551918  0.06340184  0.06340184  0.092347    0.092347
  0.12162487  0.12162487  0.15026999  0.15026999  0.17913169  0.17913169
  0.20718174  0.20718174  0.23481075  0.23481075  0.26111301  0.26111301
  0.28711118  0.28711118  0.31185163  0.31185163  0.33592936  0.33592936
  0.35904227  0.35904227  0.38110719  0.38110719  0.40255269  0.40255269
  0.42291558  0.42291558  0.44260087  0.44260087  0.46189023  0.46189023
  0.47991802  0.47991802  0.49736244  0.49736244  0.51393866  0.51393866
  0.52990511  0.52990511  0.54525987  0.54525987  0.55979855  0.55979855
  0.57325508  0.57325508  0.58617153  0.58617153  0.59803107  0.59803107
  0.60899183  0.60899183  0.61887526  0.61887526  0.62725696  0.62725696
  0.63435653  0.63435653]
localization_length: 4.338633431167979
4.268863446326176
W_list: [2.0]
L_list: [136.60363028243762]
