W: 2.4000000000000004
num_iter: 0
[-1.1832258  -1.1832258  -1.15921995 -1.15921995 -1.13030977 -1.13030977
 -1.09359316 -1.09359316 -1.0482891  -1.0482891  -0.99390755 -0.99390755
 -0.92906157 -0.92906157 -0.85254119 -0.85254119 -0.76603453 -0.76603453
 -0.67095556 -0.67095556 -0.57215044 -0.57215044 -0.47177902 -0.47177902
 -0.37193663 -0.37193663 -0.27318933 -0.27318933 -0.17278295 -0.17278295
 -0.06003845 -0.06003845  0.0600372   0.0600372   0.1727851   0.1727851
  0.27319103  0.27319103  0.37193724  0.37193724  0.47178243  0.47178243
  0.57214272  0.57214272  0.67095575  0.67095575  0.76603844  0.76603844
  0.85253855  0.85253855  0.92906704  0.92906704  0.99390862  0.99390862
  1.04828579  1.04828579  1.09359491  1.09359491  1.13030402  1.13030402
  1.15922004  1.15922004  1.18322611  1.18322611]
localization_length: 1.041021265257685
1.0440389534671275
W_list: [2.4000000000000004]
L_list: [16.70462325547404]
