W: 1.8
num_iter: 0
[-1.1543506  -1.1543506  -1.13469985 -1.13469985 -1.10923468 -1.10923468
 -1.07704448 -1.07704448 -1.03549709 -1.03549709 -0.98356502 -0.98356502
 -0.91959503 -0.91959503 -0.84135885 -0.84135885 -0.74724028 -0.74724028
 -0.6405149  -0.6405149  -0.52835443 -0.52835443 -0.42023268 -0.42023268
 -0.31843806 -0.31843806 -0.22387103 -0.22387103 -0.13264795 -0.13264795
 -0.03693615 -0.03693615  0.03693727  0.03693727  0.13264728  0.13264728
  0.22387306  0.22387306  0.31843162  0.31843162  0.42023349  0.42023349
  0.52835674  0.52835674  0.64051869  0.64051869  0.74723732  0.74723732
  0.84136073  0.84136073  0.91959909  0.91959909  0.9835707   0.9835707
  1.0354949   1.0354949   1.07703857  1.07703857  1.10923307  1.10923307
  1.13469892  1.13469892  1.15434967  1.15434967]
localization_length: 1.6921091406878876
1.7022850740358584
W_list: [1.8]
L_list: [27.236561184573734]
