[-2.41421356 -1.         -1.         -0.41421356  0.41421356  1.
  1.          2.41421356]
W: 4.0
num_iter: 0
[-0.92669068 -0.89974948 -0.87050447 -0.83980461 -0.80492228 -0.7683235
 -0.72727637 -0.68373608 -0.63746663 -0.58614412 -0.53176579 -0.47298215
 -0.40952585 -0.33687418 -0.25629971 -0.1584778   0.15848254  0.25629746
  0.33688063  0.40949997  0.47300916  0.53175981  0.58614573  0.63745712
  0.68373726  0.72727892  0.76831704  0.8049268   0.83981061  0.87051197
  0.89974887  0.92667985]
localization_length: 0.39437700076832355
0.3940402994687445
W_list: [4.0]
L_list: [0.3940402994687445]
[-2.41421356 -1.         -1.         -0.41421356  0.41421356  1.
  1.          2.41421356]
W: 4.0
num_iter: 0
[-0.92671823 -0.89944401 -0.87079608 -0.83906079 -0.80542957 -0.76806487
 -0.72820182 -0.68518144 -0.63710312 -0.58765409 -0.53287835 -0.47383727
 -0.40993917 -0.33757703 -0.25870796 -0.15938831  0.15938856  0.25870797
  0.33757364  0.40993574  0.47382549  0.5328783   0.58767241  0.63709489
  0.6851813   0.7281992   0.76806716  0.80543671  0.83906591  0.87078427
  0.899449    0.92672155]
localization_length: 0.3921241235597951
0.3913810764992217
W_list: [4.0]
L_list: [0.3913810764992217]
