Norm difference: 1.0
Norm difference: 1.0
1 1
1 2
2 1
2 2
1 1
1 2
2 1
2 2
1 1
1 2
2 1
2 2
1 1
1 2
2 1
2 2
1 1
1 2
2 1
2 2
1 1
1 2
2 1
2 2
1 1
1 2
2 1
2 2
1 1
1 2
2 1
2 2
1 1
1 2
2 1
2 2
1 1
1 2
2 1
2 2
1 1
1 2
2 1
2 2
1 1
1 2
2 1
2 2
1 1
1 2
2 1
2 2
1 1
1 2
2 1
2 2
1 1
1 2
2 1
2 2
1 1
1 2
2 1
2 2
1 1
1 2
2 1
2 2
1 1
1 2
2 1
2 2
1 1
1 2
2 1
2 2
1 1
1 2
2 1
2 2
1 1 1 0.0007508907367907048
1 2 1 0.0005504830519512474
2 1 1 0.0004406458703343148
2 2 1 0.0009055027659035118
1 1 2 0.0005462026480363529
1 2 2 0.0010066425201560535
2 1 2 0.002068171235706809
2 2 2 0.0012275150367253092
1 1 3 0.0015262325670118396
1 2 3 0.0014830664196966888
2 1 3 0.0011373531990443446
2 2 3 0.001213989970321205
1 1 4 0.0014455537556896571
1 2 4 0.0015098350256707424
2 1 4 0.0015042409812993298
2 2 4 0.0016297162895355156
1 1 5 0.0010228707873738796
1 2 5 0.0015566325175288354
2 1 5 0.001003036887973887
2 2 5 0.0014678081612906151
1 1 6 0.0018367002141714563
1 2 6 0.0016410876982709184
2 1 6 0.00042792354510118904
2 2 6 0.0020458368125973138
1 1 7 0.001152894974193932
1 2 7 0.0016742534981284926
2 1 7 0.001614295250259477
2 2 7 0.0011102117995186412
1 1 8 0.0017122851304915685
1 2 8 0.0021213832298031107
2 1 8 0.0010794531629516409
2 2 8 0.0010220656332271681
1 1 9 0.0012177499914100929
1 2 9 0.0018853366400425585
2 1 9 0.0010016806304786372
2 2 9 0.0012802921208608627
1 1 10 0.0011083396454156782
1 2 10 0.0013093638891118037
2 1 10 0.0008543538141644331
2 2 10 0.0011923317889424583
1 1 11 0.0015140486701822528
1 2 11 0.001227714857024189
2 1 11 0.0010024060087776817
2 2 11 0.0013072501117697287
1 1 12 0.0010317682919893673
1 2 12 0.0011130345095916854
2 1 12 0.0011835601707651758
2 2 12 0.0013499928706681506
1 1 13 0.0008722634621721083
1 2 13 0.0007012813884355065
2 1 13 0.0009387156892374695
2 2 13 0.0007826371713244016
1 1 14 0.0010563833092961394
1 2 14 0.0007495223434743876
2 1 14 0.000998349111390455
2 2 14 0.0008656581231105976
1 1 15 0.0007768148117444093
1 2 15 0.0011127740766909196
2 1 15 0.0007537799603584098
2 2 15 0.0008664991943675923
1 1 16 0.000652060460286242
1 2 16 0.0008678243503558884
2 1 16 0.000665022357821263
2 2 16 0.0009107516003830415
1 1 17 0.0007526118649615851
1 2 17 0.0006835132152786653
2 1 17 0.0007682605551536162
2 2 17 0.0008100621889177449
1 1 18 0.0006040205719230326
1 2 18 0.0004214504682930779
2 1 18 0.0006798940635603524
2 2 18 0.0006171103729663927
1 1 19 0.00044862768414025546
1 2 19 0.0006257117947661058
2 1 19 0.0006690690042880558
2 2 19 0.0008123264245347092
1 1 20 0.0004075873585920878
1 2 20 0.0006421820600098724
2 1 20 0.000555931361898788
2 2 20 0.000513362645515221
