Norm difference: 0.9999999999999999
Norm difference: 1.0
1 1
1 2
1 3
2 1
2 2
2 3
3 1
3 2
3 3
1 1
1 2
1 3
2 1
2 2
2 3
3 1
3 2
3 3
1 1
1 2
1 3
2 1
2 2
2 3
3 1
3 2
3 3
1 1
1 2
1 3
2 1
2 2
2 3
3 1
3 2
3 3
1 1
1 2
1 3
2 1
2 2
2 3
3 1
3 2
3 3
1 1
1 2
1 3
2 1
2 2
2 3
3 1
3 2
3 3
1 1
1 2
1 3
2 1
2 2
2 3
3 1
3 2
3 3
1 1
1 2
1 3
2 1
2 2
2 3
3 1
3 2
3 3
1 1
1 2
1 3
2 1
2 2
2 3
3 1
3 2
3 3
1 1
1 2
1 3
2 1
2 2
2 3
3 1
3 2
3 3
1 1
1 2
1 3
2 1
2 2
2 3
3 1
3 2
3 3
1 1
1 2
1 3
2 1
2 2
2 3
3 1
3 2
3 3
1 1
1 2
1 3
2 1
2 2
2 3
3 1
3 2
3 3
1 1
1 2
1 3
2 1
2 2
2 3
3 1
3 2
3 3
1 1
1 2
1 3
2 1
2 2
2 3
3 1
3 2
3 3
1 1
1 2
1 3
2 1
2 2
2 3
3 1
3 2
3 3
1 1
1 2
1 3
2 1
2 2
2 3
3 1
3 2
3 3
1 1
1 2
1 3
2 1
2 2
2 3
3 1
3 2
3 3
1 1
1 2
1 3
2 1
2 2
2 3
3 1
3 2
3 3
1 1
1 2
1 3
2 1
2 2
2 3
3 1
3 2
3 3
1 1 1 0.00829113553174726
1 2 1 0.008027137394085424
1 3 1 0.007520778612098135
2 1 1 0.010419942381229402
2 2 1 0.005057217776819887
2 3 1 0.0047790021500400065
3 1 1 0.007017829843887623
3 2 1 0.007720351157887573
3 3 1 0.007342678634990494
1 1 2 0.01288556369391489
1 2 2 0.010845725479847476
1 3 2 0.006954017147632874
2 1 2 0.0054437621194491255
2 2 2 0.004840395910360754
2 3 2 0.005521961129103051
3 1 2 0.007380961528259129
3 2 2 0.006819048460185917
3 3 2 0.006257922530492991
1 1 3 0.0067011763787553705
1 2 3 0.00859710788601819
1 3 3 0.00722560478808556
2 1 3 0.008438204936263589
2 2 3 0.005094389099505435
2 3 3 0.004825951929273679
3 1 3 0.007506062088677543
3 2 3 0.005665459419941974
3 3 3 0.004485296579624934
1 1 4 0.011614995895964299
1 2 4 0.011745952553865463
1 3 4 0.008137788052157478
2 1 4 0.004702303700920903
2 2 4 0.007422258365967209
2 3 4 0.005563883910342194
3 1 4 0.008339110825009481
3 2 4 0.0069732674191825186
3 3 4 0.0047702427216144705
1 1 5 0.008565438397142345
1 2 5 0.00884303949897804
1 3 5 0.008601355007558691
2 1 5 0.008345932996102106
2 2 5 0.006869133962391895
2 3 5 0.004282320831239188
3 1 5 0.008329257104924031
3 2 5 0.007454659213147865
3 3 5 0.005742285061563308
1 1 6 0.011989962686830401
1 2 6 0.011810814521186385
1 3 6 0.00696665110293575
2 1 6 0.006039649331527829
2 2 6 0.006745164092164957
2 3 6 0.005327403335940557
3 1 6 0.007025951374410868
3 2 6 0.007537599637319621
3 3 6 0.004975398808128368
1 1 7 0.009461390787752546
1 2 7 0.009730868534478538
1 3 7 0.009109882731366217
2 1 7 0.007078631536807578
2 2 7 0.007935184338045088
2 3 7 0.004949509101924788
3 1 7 0.007177092541904895
3 2 7 0.009645989329269281
3 3 7 0.0065231545072516215
1 1 8 0.012934697543775572
1 2 8 0.010038914728577071
1 3 8 0.010328914917932249
2 1 8 0.006701522138638597
2 2 8 0.007917861358139827
2 3 8 0.00636880478986721
3 1 8 0.007135968281628452
3 2 8 0.008211298934377017
3 3 8 0.006086565968356454
1 1 9 0.010059440752394035
1 2 9 0.00838942005251481
1 3 9 0.009052736272443728
2 1 9 0.008681521836563014
2 2 9 0.007211580409481168
2 3 9 0.005715959584166133
3 1 9 0.008729528353145426
3 2 9 0.008438745430335333
3 3 9 0.005506998502831337
1 1 10 0.010586453999412904
1 2 10 0.011682541815332292
1 3 10 0.01104625928094898
2 1 10 0.005623800265268656
2 2 10 0.007940550764306002
2 3 10 0.008217711844804017
3 1 10 0.00826493004867195
3 2 10 0.008555465470963692
3 3 10 0.006829503613239744
1 1 11 0.009418374080260198
1 2 11 0.009691635607657794
1 3 11 0.008348806754219328
2 1 11 0.008417189392958536
2 2 11 0.006710667783712665
2 3 11 0.006607122719630938
3 1 11 0.008050777446080608
3 2 11 0.008602992321180386
3 3 11 0.006695811627277963
1 1 12 0.009338559747035515
1 2 12 0.00884002075737813
1 3 12 0.00874711079577679
2 1 12 0.005615089000656578
2 2 12 0.006668812864386774
2 3 12 0.0063108537715103235
3 1 12 0.0068205322946841476
3 2 12 0.007518054324930706
3 3 12 0.006723990356236316
1 1 13 0.01033471987659689
1 2 13 0.008917588298343182
1 3 13 0.006297225393881635
2 1 13 0.00830516954459802
2 2 13 0.0062558259707042
2 3 13 0.007095722350615753
3 1 13 0.0078125697481974
3 2 13 0.007167123957220567
3 3 13 0.006653117188102885
1 1 14 0.009546460461690106
1 2 14 0.010162482305767148
1 3 14 0.007567813109856649
2 1 14 0.0062314164979402845
2 2 14 0.004389308675775559
2 3 14 0.00480445457891175
3 1 14 0.007352681305034034
3 2 14 0.006865661951997157
3 3 14 0.006265098860121869
1 1 15 0.009059150579936882
1 2 15 0.007659437677970697
1 3 15 0.00662993257583269
2 1 15 0.005483302887361342
2 2 15 0.006749922814092426
2 3 15 0.005517964709895238
3 1 15 0.006508168292485707
3 2 15 0.007544017777897498
3 3 15 0.006241103726197243
1 1 16 0.007479511522620314
1 2 16 0.00719519420903173
1 3 16 0.007183704832132878
2 1 16 0.005576180094071582
2 2 16 0.0042029112192676745
2 3 16 0.004173859374926492
3 1 16 0.005834080628242623
3 2 16 0.00556284986787517
3 3 16 0.0053020101764504925
1 1 17 0.008052897765021584
1 2 17 0.007567103735686143
1 3 17 0.006723087116643799
2 1 17 0.004906420786774142
2 2 17 0.004542794467600424
2 3 17 0.0033884137833471058
3 1 17 0.0053148794828051255
3 2 17 0.00514885749438671
3 3 17 0.005319223288169613
1 1 18 0.0073809307889670505
1 2 18 0.007118510666857908
1 3 18 0.006077931574884253
2 1 18 0.005306810826519419
2 2 18 0.0046906346188911475
2 3 18 0.00290584625818525
3 1 18 0.006383427225456951
3 2 18 0.004456046609105444
3 3 18 0.0040821988657698295
1 1 19 0.005877642554193257
1 2 19 0.006887230546315457
1 3 19 0.00614308058720155
2 1 19 0.004986289525746286
2 2 19 0.005664158301510312
2 3 19 0.003165542035360127
3 1 19 0.005388425889231793
3 2 19 0.004825728548706237
3 3 19 0.003743639659924341
1 1 20 0.00533498723902034
1 2 20 0.005994949108661966
1 3 20 0.006159000340086948
2 1 20 0.0033943906563834838
2 2 20 0.004984744290086078
2 3 20 0.0036723625949962014
3 1 20 0.004664019567636485
3 2 20 0.004512713392843301
3 3 20 0.004242476644141697
