W: 2.0
num_iter: 0
[-1.1631218  -1.1631218  -1.1425644  -1.1425644  -1.11575396 -1.11575396
 -1.08141672 -1.08141672 -1.03899026 -1.03899026 -0.98614094 -0.98614094
 -0.92125803 -0.92125803 -0.84363533 -0.84363533 -0.75201473 -0.75201473
 -0.64942413 -0.64942413 -0.5416065  -0.5416065  -0.43567866 -0.43567866
 -0.33484628 -0.33484628 -0.23816881 -0.23816881 -0.14447821 -0.14447821
 -0.0434403  -0.0434403   0.04344115  0.04344115  0.14448223  0.14448223
  0.23816321  0.23816321  0.33484214  0.33484214  0.43568186  0.43568186
  0.54160481  0.54160481  0.64941761  0.64941761  0.75201621  0.75201621
  0.84363165  0.84363165  0.92125784  0.92125784  0.98614243  0.98614243
  1.03899524  1.03899524  1.08142451  1.08142451  1.11575605  1.11575605
  1.14255789  1.14255789  1.16312425  1.16312425]
localization_length: 1.4387560277591835
1.450308493103719
W_list: [2.0]
L_list: [23.204935889659502]
