W: 2.6
num_iter: 0
[-0.95363675 -0.95363675 -0.88907345 -0.88907345 -0.79947139 -0.79947139
 -0.68519102 -0.68519102 -0.55448314 -0.55448314 -0.40929179 -0.40929179
 -0.25060081 -0.25060081 -0.06838493 -0.06838493  0.06838295  0.06838295
  0.25060522  0.25060522  0.40929654  0.40929654  0.55448469  0.55448469
  0.68518663  0.68518663  0.79946609  0.79946609  0.88907306  0.88907306
  0.9536381   0.9536381 ]
localization_length: 1.8279410770865447
1.8404929755144155
W_list: [2.6]
L_list: [14.723943804115324]
