[-2.41421356 -1.         -1.         -0.41421356  0.41421356  1.
  1.          2.41421356]
W: 1.5999999999999999
num_iter: 0
[-0.41881862 -0.40526228 -0.39116344 -0.37706932 -0.36242008 -0.34752875
 -0.33317076 -0.31929927 -0.30468105 -0.29091772 -0.2776395  -0.26389176
 -0.25118728 -0.2378156  -0.22447284 -0.21201136 -0.19945005 -0.18673422
 -0.17502133 -0.16232241 -0.15043927 -0.13838085 -0.126542   -0.11438853
 -0.10242076 -0.09041541 -0.07773825 -0.06504489 -0.05296665 -0.03989405
 -0.02734308 -0.01327403  0.01327549  0.02733858  0.03989563  0.05297028
  0.06504775  0.07772863  0.09041492  0.10241992  0.11440694  0.12653497
  0.13838362  0.15043689  0.16232098  0.17502609  0.18673464  0.19945656
  0.21200657  0.22447362  0.23782179  0.25119919  0.26387808  0.27763035
  0.29091999  0.30467726  0.31928403  0.33317525  0.34753253  0.36241688
  0.37707316  0.3911607   0.40525332  0.41883083]
localization_length: 2.3542216880789697
2.335302147651441
W_list: [1.5999999999999999]
L_list: [2.335302147651441]
[-2.41421356 -1.         -1.         -0.41421356  0.41421356  1.
  1.          2.41421356]
W: 1.5999999999999999
num_iter: 0
[-0.41912047 -0.40496048 -0.39093153 -0.37648822 -0.36197255 -0.34767092
 -0.33322166 -0.31938411 -0.30460843 -0.29136383 -0.27685998 -0.26356918
 -0.25038435 -0.23759939 -0.22439153 -0.21187217 -0.19946948 -0.18695867
 -0.17460921 -0.16298189 -0.15025316 -0.13867597 -0.1264552  -0.11423356
 -0.10220338 -0.09002858 -0.07835984 -0.06544602 -0.05271672 -0.03982489
 -0.02691424 -0.01341147  0.01340821  0.02691402  0.03983029  0.05270895
  0.0654449   0.07836387  0.09002348  0.10220632  0.11422652  0.12645088
  0.13868264  0.15024879  0.16298119  0.1746117   0.1869655   0.19947016
  0.21186974  0.22439264  0.23760027  0.250385    0.26356443  0.27685361
  0.29136531  0.30461024  0.31938067  0.33322889  0.34767734  0.36197937
  0.37648392  0.39093708  0.4049526   0.4191225 ]
localization_length: 2.330661266754164
2.388667326645314
W_list: [1.5999999999999999]
L_list: [2.388667326645314]
