W: 2.6
num_iter: 0
[-0.7276348  -0.7276348  -0.6810494  -0.6810494  -0.61714977 -0.61714977
 -0.53791167 -0.53791167 -0.44360083 -0.44360083 -0.33167156 -0.33167156
 -0.20083481 -0.20083481 -0.04761614 -0.04761614  0.04761825  0.04761825
  0.2008325   0.2008325   0.33166938  0.33166938  0.4435969   0.4435969
  0.53791212  0.53791212  0.61714983  0.61714983  0.68104864  0.68104864
  0.72764136  0.72764136]
localization_length: 2.625160050591064
2.6583973283667013
W_list: [2.6]
L_list: [21.26717862693361]
