[-2.41421356 -1.         -1.         -0.41421356  0.41421356  1.
  1.          2.41421356]
W: 3.6
num_iter: 0
[-0.86045376 -0.84708603 -0.83371883 -0.81937828 -0.80447188 -0.78943102
 -0.77401482 -0.75733034 -0.74030383 -0.72234742 -0.70413946 -0.68472342
 -0.66526408 -0.64491832 -0.62370724 -0.60162638 -0.57909493 -0.55538412
 -0.53186864 -0.50681627 -0.48138411 -0.45494273 -0.42693053 -0.39795998
 -0.36805013 -0.33662931 -0.30462825 -0.26992567 -0.23330855 -0.19351148
 -0.14806324 -0.09397604  0.09397676  0.14806701  0.19349908  0.2333173
  0.26992677  0.30462905  0.33662601  0.36805785  0.3979548   0.42692576
  0.45496444  0.48137766  0.50681998  0.53185964  0.55538918  0.57908244
  0.60162337  0.62372191  0.64491462  0.66525515  0.6847236   0.70413616
  0.7223482   0.74029991  0.75734472  0.77399589  0.78943781  0.80447785
  0.81936281  0.83373311  0.84708376  0.8604565 ]
localization_length: 0.3325315805790121
0.33311445211950047
W_list: [3.6]
L_list: [0.33311445211950047]
[-2.41421356 -1.         -1.         -0.41421356  0.41421356  1.
  1.          2.41421356]
W: 3.6
num_iter: 0
[-0.86089308 -0.84670445 -0.83332489 -0.81948099 -0.80450003 -0.78935671
 -0.773488   -0.7568667  -0.74023206 -0.72275463 -0.70369629 -0.68480645
 -0.66543069 -0.64502724 -0.62377636 -0.60165202 -0.57886722 -0.55584945
 -0.53192756 -0.50660994 -0.48109816 -0.45429833 -0.42625212 -0.3973025
 -0.36837498 -0.33656027 -0.30443252 -0.26957619 -0.23244794 -0.19266908
 -0.14735337 -0.09325417  0.0932503   0.14735741  0.19265677  0.23246227
  0.26957135  0.30444086  0.33655093  0.36837616  0.3973046   0.42624881
  0.45428899  0.4810885   0.50660401  0.53190796  0.55584119  0.5788758
  0.60164467  0.62379289  0.64503185  0.66543085  0.68480562  0.70369808
  0.72275504  0.74025325  0.75686717  0.77347734  0.78936066  0.80450488
  0.81949616  0.83332416  0.84670586  0.86088994]
localization_length: 0.3351195503384515
0.3361470078340715
W_list: [3.6]
L_list: [0.3361470078340715]
