Norm difference: 1.0
Norm difference: 1.0
1 1
1 2
1 3
2 1
2 2
2 3
3 1
3 2
3 3
1 1
1 2
1 3
2 1
2 2
2 3
3 1
3 2
3 3
1 1
1 2
1 3
2 1
2 2
2 3
3 1
3 2
3 3
1 1
1 2
1 3
2 1
2 2
2 3
3 1
3 2
3 3
1 1
1 2
1 3
2 1
2 2
2 3
3 1
3 2
3 3
1 1
1 2
1 3
2 1
2 2
2 3
3 1
3 2
3 3
1 1
1 2
1 3
2 1
2 2
2 3
3 1
3 2
3 3
1 1
1 2
1 3
2 1
2 2
2 3
3 1
3 2
3 3
1 1
1 2
1 3
2 1
2 2
2 3
3 1
3 2
3 3
1 1
1 2
1 3
2 1
2 2
2 3
3 1
3 2
3 3
1 1
1 2
1 3
2 1
2 2
2 3
3 1
3 2
3 3
1 1
1 2
1 3
2 1
2 2
2 3
3 1
3 2
3 3
1 1
1 2
1 3
2 1
2 2
2 3
3 1
3 2
3 3
1 1
1 2
1 3
2 1
2 2
2 3
3 1
3 2
3 3
1 1
1 2
1 3
2 1
2 2
2 3
3 1
3 2
3 3
1 1
1 2
1 3
2 1
2 2
2 3
3 1
3 2
3 3
1 1
1 2
1 3
2 1
2 2
2 3
3 1
3 2
3 3
1 1
1 2
1 3
2 1
2 2
2 3
3 1
3 2
3 3
1 1
1 2
1 3
2 1
2 2
2 3
3 1
3 2
3 3
1 1
1 2
1 3
2 1
2 2
2 3
3 1
3 2
3 3
1 1 1 0.011697909342957976
1 2 1 0.011153978235464313
1 3 1 0.009319053049716404
2 1 1 0.010843525820954275
2 2 1 0.006498173346401348
2 3 1 0.012837359423473856
3 1 1 0.009897638150428812
3 2 1 0.010331941987782355
3 3 1 0.012434247657652766
1 1 2 0.00912556162864948
1 2 2 0.009118229233252378
1 3 2 0.010163296438873332
2 1 2 0.0077126760136476775
2 2 2 0.007824802012812795
2 3 2 0.008557503613927774
3 1 2 0.01089541272287686
3 2 2 0.011354096140409095
3 3 2 0.01158387705884776
1 1 3 0.00874204477650192
1 2 3 0.006747403289830718
1 3 3 0.011864953756219867
2 1 3 0.008095848928404654
2 2 3 0.00771425129731131
2 3 3 0.01273216599101756
3 1 3 0.012661950418013887
3 2 3 0.011120737884379676
3 3 3 0.009870383455990554
1 1 4 0.008616242039109786
1 2 4 0.008066596458523334
1 3 4 0.010932343878255665
2 1 4 0.010961072701371699
2 2 4 0.009559601477698635
2 3 4 0.005914387284501389
3 1 4 0.009192134746758071
3 2 4 0.006567621200121972
3 3 4 0.013741281090797761
1 1 5 0.009477577637391082
1 2 5 0.008452993499663702
1 3 5 0.008731254378952388
2 1 5 0.007257635534269671
2 2 5 0.006838796958824242
2 3 5 0.00949528730677148
3 1 5 0.008265885487863143
3 2 5 0.010232612251755188
3 3 5 0.008989942360618609
1 1 6 0.008685847155928128
1 2 6 0.008673862366894623
1 3 6 0.007732173193353974
2 1 6 0.008018089574953651
2 2 6 0.00794012818536107
2 3 6 0.005945661989343138
3 1 6 0.008861247907617473
3 2 6 0.009591201370156432
3 3 6 0.013820770455167181
1 1 7 0.007339783151334531
1 2 7 0.00689524525877961
1 3 7 0.010396593673688245
2 1 7 0.005665686499185915
2 2 7 0.004906613777247976
2 3 7 0.011372851316819282
3 1 7 0.01008646929119576
3 2 7 0.0073373747979697
3 3 7 0.009692699527596679
1 1 8 0.006935059390864205
1 2 8 0.0069520267467379545
1 3 8 0.00910592492988045
2 1 8 0.007689386215583896
2 2 8 0.005191562693696858
2 3 8 0.007829925308390964
3 1 8 0.007782512417122081
3 2 8 0.008398755726531103
3 3 8 0.010109610349437421
1 1 9 0.005919359940967645
1 2 9 0.005994553277889328
1 3 9 0.009196720855057648
2 1 9 0.005940352405385716
2 2 9 0.008270548404215903
2 3 9 0.008072827264414151
3 1 9 0.008917374015079868
3 2 9 0.007891998530277727
3 3 9 0.00759266269851198
1 1 10 0.007046671319105221
1 2 10 0.009085527916294857
1 3 10 0.00807077289151352
2 1 10 0.007347449702924061
2 2 10 0.005079346593725584
2 3 10 0.004161367418566522
3 1 10 0.007805985541916439
3 2 10 0.006698702153532724
3 3 10 0.009751368419692371
1 1 11 0.00746178097700253
1 2 11 0.005530293233492509
1 3 11 0.007207658051611218
2 1 11 0.006531138964733761
2 2 11 0.005454807946393697
2 3 11 0.007230851557335766
3 1 11 0.006915317785176553
3 2 11 0.006385949642749309
3 3 11 0.006688988382976114
1 1 12 0.007887398725978597
1 2 12 0.006879249648292539
1 3 12 0.007500121964093526
2 1 12 0.005887550425065405
2 2 12 0.004338278122377243
2 3 12 0.00674841256554135
3 1 12 0.006184531152081672
3 2 12 0.007583013088565084
3 3 12 0.0075088059099265945
1 1 13 0.006630909748817729
1 2 13 0.005204287966905211
1 3 13 0.0075666433403630785
2 1 13 0.006033128505617161
2 2 13 0.004872900348196105
2 3 13 0.006184063579314888
3 1 13 0.00919696805547372
3 2 13 0.005008919682658271
3 3 13 0.006489289671048103
1 1 14 0.0056078057939132914
1 2 14 0.005107328697476416
1 3 14 0.006666029116794987
2 1 14 0.0054094197223447165
2 2 14 0.004694963548789835
2 3 14 0.006021841131369783
3 1 14 0.007592482686166096
3 2 14 0.0045070930321255065
3 3 14 0.007800690111689984
1 1 15 0.005367968678318598
1 2 15 0.005851487583921027
1 3 15 0.00631294645740398
2 1 15 0.005153063064389929
2 2 15 0.00404906128606097
2 3 15 0.0043760518369017
3 1 15 0.006732954217903274
3 2 15 0.005222886653727931
3 3 15 0.006066803013513216
1 1 16 0.006543643433296579
1 2 16 0.004087572772628439
1 3 16 0.004931358076796091
2 1 16 0.005718239541903844
2 2 16 0.0031609496399948437
2 3 16 0.005697017699638696
3 1 16 0.0058386635209048965
3 2 16 0.003955852596813215
3 3 16 0.0053367721815678355
1 1 17 0.006216884298661621
1 2 17 0.00327945568887454
1 3 17 0.005940237405134379
2 1 17 0.00536684258338062
2 2 17 0.00268052043440361
2 3 17 0.005030737960235601
3 1 17 0.004588625661325563
3 2 17 0.004542191547918158
3 3 17 0.006072973286682092
1 1 18 0.005654283449823264
1 2 18 0.0033137764772475883
1 3 18 0.003640350623252013
2 1 18 0.004641027036276641
2 2 18 0.0038532219638694595
2 3 18 0.003991272108561214
3 1 18 0.005234432585490655
3 2 18 0.002795701881077876
3 3 18 0.004634269957391369
1 1 19 0.0040910529667898075
1 2 19 0.0036341257708440424
1 3 19 0.004286038962201845
2 1 19 0.003660016543867388
2 2 19 0.0023253360420190045
2 3 19 0.00266720147512151
3 1 19 0.005967728888627007
3 2 19 0.0036149711946300415
3 3 19 0.005561765941964142
1 1 20 0.004912103353995143
1 2 20 0.0031225355231430147
1 3 20 0.004227930999437182
2 1 20 0.003806066865510844
2 2 20 0.0027876564166086438
2 3 20 0.004420438981636772
3 1 20 0.005300247346266127
3 2 20 0.002478514056923869
3 3 20 0.003834914811358478
