W: 2.2
num_iter: 0
[-1.16323566 -1.16323566 -1.10656787 -1.10656787 -1.01903854 -1.01903854
 -0.88856311 -0.88856311 -0.71081511 -0.71081511 -0.50454858 -0.50454858
 -0.30307498 -0.30307498 -0.09168642 -0.09168642  0.09168853  0.09168853
  0.30307208  0.30307208  0.50455388  0.50455388  0.7108172   0.7108172
  0.88856531  0.88856531  1.01903906  1.01903906  1.10656128  1.10656128
  1.16323293  1.16323293]
localization_length: 1.3633425484663468
1.368939442326006
W_list: [2.2]
L_list: [10.951515538608048]
