[-2.41421356 -1.         -1.         -0.41421356  0.41421356  1.
  1.          2.41421356]
W: 3.2
num_iter: 0
[-0.75952003 -0.69980791 -0.63201626 -0.55562861 -0.46973415 -0.3739563
 -0.26825585 -0.14576464  0.14576728  0.26825973  0.37395068  0.46974692
  0.55562142  0.63200967  0.69981046  0.75951759]
localization_length: 0.8575467817000565
0.859307397256613
W_list: [3.2]
L_list: [0.859307397256613]
[-2.41421356 -1.         -1.         -0.41421356  0.41421356  1.
  1.          2.41421356]
W: 3.2
num_iter: 0
[-0.76007659 -0.70067851 -0.63185872 -0.55475875 -0.46937312 -0.37534052
 -0.26849293 -0.14642782  0.14643011  0.26849522  0.37534077  0.46936831
  0.55476529  0.6318603   0.70066606  0.76008091]
localization_length: 0.8536628964080722
0.8513044432329328
W_list: [3.2]
L_list: [0.8513044432329328]
