W: 2.8
num_iter: 0
[-1.20959269 -1.20959269 -1.1975346  -1.1975346  -1.18471013 -1.18471013
 -1.17022597 -1.17022597 -1.15472037 -1.15472037 -1.13704972 -1.13704972
 -1.11773537 -1.11773537 -1.09653408 -1.09653408 -1.07357738 -1.07357738
 -1.04820038 -1.04820038 -1.02055099 -1.02055099 -0.99115285 -0.99115285
 -0.95907963 -0.95907963 -0.92455051 -0.92455051 -0.88839947 -0.88839947
 -0.84945043 -0.84945043 -0.80903833 -0.80903833 -0.76674452 -0.76674452
 -0.72327124 -0.72327124 -0.67799099 -0.67799099 -0.63102609 -0.63102609
 -0.58424046 -0.58424046 -0.53529105 -0.53529105 -0.48636313 -0.48636313
 -0.43692893 -0.43692893 -0.38678409 -0.38678409 -0.33597046 -0.33597046
 -0.2834522  -0.2834522  -0.23054381 -0.23054381 -0.17610229 -0.17610229
 -0.11880301 -0.11880301 -0.05274119 -0.05274119  0.05273535  0.05273535
  0.11880833  0.11880833  0.17609696  0.17609696  0.23054609  0.23054609
  0.2834519   0.2834519   0.33597212  0.33597212  0.38678401  0.38678401
  0.43692735  0.43692735  0.48635818  0.48635818  0.53529596  0.53529596
  0.58424205  0.58424205  0.63102388  0.63102388  0.67799626  0.67799626
  0.72327112  0.72327112  0.76674765  0.76674765  0.80903701  0.80903701
  0.84944935  0.84944935  0.8884011   0.8884011   0.92454895  0.92454895
  0.95908724  0.95908724  0.99116     0.99116     1.02055868  1.02055868
  1.04820374  1.04820374  1.07356737  1.07356737  1.09653083  1.09653083
  1.11773258  1.11773258  1.1370495   1.1370495   1.15471957  1.15471957
  1.17022163  1.17022163  1.18470586  1.18470586  1.1975276   1.1975276
  1.20959814  1.20959814]
localization_length: 0.5925816331916045
0.586012916509692
W_list: [2.8]
L_list: [18.752413328310144]
