[-2.41421356 -1.         -1.         -0.41421356  0.41421356  1.
  1.          2.41421356]
W: 4.0
num_iter: 0
[-0.88969729 -0.73679721 -0.54425314 -0.3087831   0.30878538  0.54424699
  0.73680293  0.88969544]
localization_length: 0.8096298078491342
0.8082363637798908
num_iter: 1
[-0.8884386  -0.73835793 -0.54475921 -0.30542989  0.3054311   0.54475896
  0.73834973  0.88844585]
localization_length: 0.8185184438430647
0.8232241946717319
num_iter: 2
[-0.88991024 -0.73856507 -0.54633318 -0.30846218  0.30845568  0.54634103
  0.73856388  0.88991007]
localization_length: 0.8104892141586201
0.8127380648787436
W_list: [4.0]
L_list: [0.8147328744434554]
[-2.41421356 -1.         -1.         -0.41421356  0.41421356  1.
  1.          2.41421356]
W: 4.0
num_iter: 0
[-0.88926868 -0.73749862 -0.54591374 -0.30729872  0.3073006   0.54591241
  0.7375      0.88926676]
localization_length: 0.81354064527032
0.8143636399288786
num_iter: 1
[-0.89018275 -0.73796981 -0.54549321 -0.30695666  0.30694929  0.54549176
  0.73798231  0.89017907]
localization_length: 0.8144667829376507
0.8168629107182519
num_iter: 2
[-0.88975853 -0.73780983 -0.54595611 -0.30889711  0.30892135  0.54593573
  0.73781431  0.88975019]
localization_length: 0.8093309862989769
0.8101390650986291
W_list: [4.0]
L_list: [0.8137885385819199]
