Norm difference: 1.0
Norm difference: 1.0
1 1
1 2
1 3
2 1
2 2
2 3
3 1
3 2
3 3
1 1
1 2
1 3
2 1
2 2
2 3
3 1
3 2
3 3
1 1
1 2
1 3
2 1
2 2
2 3
3 1
3 2
3 3
1 1
1 2
1 3
2 1
2 2
2 3
3 1
3 2
3 3
1 1
1 2
1 3
2 1
2 2
2 3
3 1
3 2
3 3
1 1
1 2
1 3
2 1
2 2
2 3
3 1
3 2
3 3
1 1
1 2
1 3
2 1
2 2
2 3
3 1
3 2
3 3
1 1
1 2
1 3
2 1
2 2
2 3
3 1
3 2
3 3
1 1
1 2
1 3
2 1
2 2
2 3
3 1
3 2
3 3
1 1
1 2
1 3
2 1
2 2
2 3
3 1
3 2
3 3
1 1
1 2
1 3
2 1
2 2
2 3
3 1
3 2
3 3
1 1
1 2
1 3
2 1
2 2
2 3
3 1
3 2
3 3
1 1
1 2
1 3
2 1
2 2
2 3
3 1
3 2
3 3
1 1
1 2
1 3
2 1
2 2
2 3
3 1
3 2
3 3
1 1
1 2
1 3
2 1
2 2
2 3
3 1
3 2
3 3
1 1
1 2
1 3
2 1
2 2
2 3
3 1
3 2
3 3
1 1
1 2
1 3
2 1
2 2
2 3
3 1
3 2
3 3
1 1
1 2
1 3
2 1
2 2
2 3
3 1
3 2
3 3
1 1
1 2
1 3
2 1
2 2
2 3
3 1
3 2
3 3
1 1
1 2
1 3
2 1
2 2
2 3
3 1
3 2
3 3
1 1 1 0.0033630428046904958
1 2 1 0.003278013478653574
1 3 1 0.0031371022212408825
2 1 1 0.003208683823288055
2 2 1 0.0034110373072150342
2 3 1 0.0038614810954365718
3 1 1 0.0028415134987619323
3 2 1 0.0023308821473552815
3 3 1 0.00359273657176066
1 1 2 0.003831252765508887
1 2 2 0.0025197168694162772
1 3 2 0.0032210856251715042
2 1 2 0.003218164450888031
2 2 2 0.002590460752085923
2 3 2 0.0030330364441256592
3 1 2 0.0033925821338868763
3 2 2 0.0022724605288250662
3 3 2 0.0025734950868782054
1 1 3 0.0024736210715461506
1 2 3 0.0025021324971800565
1 3 3 0.0029121631344095652
2 1 3 0.0020401177285461905
2 2 3 0.003200873492985458
2 3 3 0.003110105076624035
3 1 3 0.002192161149376288
3 2 3 0.0027896731167427933
3 3 3 0.002594090495030244
1 1 4 0.002586767214171512
1 2 4 0.002842238755957775
1 3 4 0.003262966959089031
2 1 4 0.0037079279190436174
2 2 4 0.002661614988523175
2 3 4 0.0034536229004580115
3 1 4 0.003917854254035757
3 2 4 0.0022574625863076487
3 3 4 0.0029408221101858414
1 1 5 0.0024182992011867075
1 2 5 0.0023634817679482655
1 3 5 0.0034175783750423315
2 1 5 0.0034610203119672285
2 2 5 0.00319112470303988
2 3 5 0.0032369607524058174
3 1 5 0.00207906492562017
3 2 5 0.0019742165731322005
3 3 5 0.002393522968840536
1 1 6 0.0030805311057284213
1 2 6 0.0021332995983692057
1 3 6 0.0031331602310747516
2 1 6 0.004082662337238412
2 2 6 0.003109893344952274
2 3 6 0.003822361105088988
3 1 6 0.003394665710640667
3 2 6 0.0031223268111807735
3 3 6 0.003399801032528865
1 1 7 0.00331649431137616
1 2 7 0.0023965719588761904
1 3 7 0.004254963155817161
2 1 7 0.004911236114025226
2 2 7 0.002576374740025402
2 3 7 0.0048646087668612805
3 1 7 0.003174255913670329
3 2 7 0.0021773076598011806
3 3 7 0.004688506130390438
1 1 8 0.0033029250322519285
1 2 8 0.002676737450396786
1 3 8 0.0032246344940765606
2 1 8 0.0040008082859543746
2 2 8 0.0034521695399812383
2 3 8 0.003514127532962062
3 1 8 0.004319694438204412
3 2 8 0.0023105355411000765
3 3 8 0.003282645435653693
1 1 9 0.00422088890315523
1 2 9 0.0032647962325894272
1 3 9 0.003290848265130625
2 1 9 0.006277969104753636
2 2 9 0.004080278293022009
2 3 9 0.00436189627441329
3 1 9 0.004594477375332867
3 2 9 0.0036445430192150693
3 3 9 0.0035068677809719255
1 1 10 0.004395645881033003
1 2 10 0.003197506499973081
1 3 10 0.0036050170381708067
2 1 10 0.0046729191551433645
2 2 10 0.0037118592163431384
2 3 10 0.005003182106158712
3 1 10 0.004363190489454607
3 2 10 0.003442588312616131
3 3 10 0.0032569917978435476
1 1 11 0.004136281025155534
1 2 11 0.0027334707526156425
1 3 11 0.0035295910937533314
2 1 11 0.005589538408899275
2 2 11 0.0034203478037846415
2 3 11 0.0037068987332127276
3 1 11 0.004502198065243468
3 2 11 0.0029290129719116145
3 3 11 0.0034434669715835003
1 1 12 0.003290897417332223
1 2 12 0.002337435477988927
1 3 12 0.004225885409933928
2 1 12 0.004418538387327807
2 2 12 0.003581510138146517
2 3 12 0.006012982160122403
3 1 12 0.003994892916391392
3 2 12 0.00271913456999381
3 3 12 0.004651667794884601
1 1 13 0.0039863806795771405
1 2 13 0.0030664346323008265
1 3 13 0.003426486316944988
2 1 13 0.005686020201480647
2 2 13 0.004317389377261302
2 3 13 0.004569801113583951
3 1 13 0.0042420402780921716
3 2 13 0.0035053404732656363
3 3 13 0.004025356746963462
1 1 14 0.0036419043132066694
1 2 14 0.002788860365023302
1 3 14 0.0033246512998560533
2 1 14 0.005844320003616064
2 2 14 0.004133105418376901
2 3 14 0.0053299281330855845
3 1 14 0.0035840837009544395
3 2 14 0.003105352188454215
3 3 14 0.003568790130707926
1 1 15 0.004401822332944121
1 2 15 0.0035969475667200638
1 3 15 0.0036685447033141436
2 1 15 0.005808739182302483
2 2 15 0.00424450274190017
2 3 15 0.005619069589520257
3 1 15 0.004995450762377821
3 2 15 0.0049168602084743275
3 3 15 0.004333497128243951
1 1 16 0.005470504992414127
1 2 16 0.003929568228277623
1 3 16 0.0033592056944529566
2 1 16 0.0071824885534910645
2 2 16 0.00504285698157107
2 3 16 0.00401173079133201
3 1 16 0.006185161300004895
3 2 16 0.003898421934285557
3 3 16 0.004025402617585062
1 1 17 0.004837774122767321
1 2 17 0.0034153200307296726
1 3 17 0.0036458142393863482
2 1 17 0.0055622122934918545
2 2 17 0.004222085298881248
2 3 17 0.005705758722743462
3 1 17 0.00461468516731141
3 2 17 0.0030491738150008885
3 3 17 0.0035113899441493812
1 1 18 0.0048137368847161145
1 2 18 0.004487452553693148
1 3 18 0.004138863889262146
2 1 18 0.006686732724601123
2 2 18 0.00517233035752678
2 3 18 0.005328857753849036
3 1 18 0.004511850820315777
3 2 18 0.004583501860212842
3 3 18 0.004296259870391511
1 1 19 0.005000063435714678
1 2 19 0.004391860359612071
1 3 19 0.005104490013219546
2 1 19 0.006567565220733774
2 2 19 0.00509417538832343
2 3 19 0.006428905934223086
3 1 19 0.005122817534195255
3 2 19 0.005075508957127611
3 3 19 0.005777909721592328
1 1 20 0.00526707245330454
1 2 20 0.003433926544623194
1 3 20 0.005025369438058666
2 1 20 0.00579293305810988
2 2 20 0.004309567764424694
2 3 20 0.005682813711119038
3 1 20 0.005593531507965573
3 2 20 0.003960372656613099
3 3 20 0.004522942611103668
