W: 2.8
num_iter: 0
[-0.99245769 -0.99245769 -0.98048841 -0.98048841 -0.96716094 -0.96716094
 -0.95222632 -0.95222632 -0.93588342 -0.93588342 -0.91787201 -0.91787201
 -0.89896797 -0.89896797 -0.87800833 -0.87800833 -0.8558123  -0.8558123
 -0.83196393 -0.83196393 -0.80666987 -0.80666987 -0.7797623  -0.7797623
 -0.75224622 -0.75224622 -0.72314362 -0.72314362 -0.69290899 -0.69290899
 -0.66125524 -0.66125524 -0.62918701 -0.62918701 -0.59524192 -0.59524192
 -0.56068389 -0.56068389 -0.52495293 -0.52495293 -0.48911319 -0.48911319
 -0.45143978 -0.45143978 -0.41266478 -0.41266478 -0.37342699 -0.37342699
 -0.33277385 -0.33277385 -0.29175045 -0.29175045 -0.2499358  -0.2499358
 -0.20668266 -0.20668266 -0.16274695 -0.16274695 -0.11863237 -0.11863237
 -0.07266463 -0.07266463 -0.0222907  -0.0222907   0.02229538  0.02229538
  0.07266668  0.07266668  0.11862943  0.11862943  0.16274037  0.16274037
  0.20666879  0.20666879  0.24994279  0.24994279  0.29173869  0.29173869
  0.33277852  0.33277852  0.37342659  0.37342659  0.41266237  0.41266237
  0.45143606  0.45143606  0.48911759  0.48911759  0.52494505  0.52494505
  0.56068196  0.56068196  0.59524282  0.59524282  0.62918984  0.62918984
  0.66125788  0.66125788  0.69290222  0.69290222  0.72313884  0.72313884
  0.75224878  0.75224878  0.77976203  0.77976203  0.80667043  0.80667043
  0.83197344  0.83197344  0.85581484  0.85581484  0.87801138  0.87801138
  0.89897403  0.89897403  0.91787438  0.91787438  0.9358843   0.9358843
  0.95223293  0.95223293  0.96716157  0.96716157  0.98048807  0.98048807
  0.99245743  0.99245743]
localization_length: 1.4019297671059245
1.4308229183319674
W_list: [2.8]
L_list: [45.78633338662296]
