Norm difference: 1.0
Norm difference: 1.0
1 1
1 2
2 1
2 2
1 1
1 2
2 1
2 2
1 1
1 2
2 1
2 2
1 1
1 2
2 1
2 2
1 1
1 2
2 1
2 2
1 1
1 2
2 1
2 2
1 1
1 2
2 1
2 2
1 1
1 2
2 1
2 2
1 1
1 2
2 1
2 2
1 1
1 2
2 1
2 2
1 1
1 2
2 1
2 2
1 1
1 2
2 1
2 2
1 1
1 2
2 1
2 2
1 1
1 2
2 1
2 2
1 1
1 2
2 1
2 2
1 1
1 2
2 1
2 2
1 1
1 2
2 1
2 2
1 1
1 2
2 1
2 2
1 1
1 2
2 1
2 2
1 1
1 2
2 1
2 2
1 1 1 3.489233643978393e-5
1 2 1 4.645022396173176e-5
2 1 1 4.102276191155427e-5
2 2 1 3.223632473498828e-5
1 1 2 2.103272871757611e-5
1 2 2 3.6049170052035624e-5
2 1 2 4.551693804065232e-5
2 2 2 4.696817851613992e-5
1 1 3 4.1464482108480675e-5
1 2 3 3.217426833033517e-5
2 1 3 3.49853280574249e-5
2 2 3 5.613109773258112e-5
1 1 4 4.3436062307284e-5
1 2 4 4.115666384726111e-5
2 1 4 3.4953784371886414e-5
2 2 4 4.2261136250160426e-5
1 1 5 2.9781719585312182e-5
1 2 5 5.4391868911070904e-5
2 1 5 3.698301276258347e-5
2 2 5 5.2644390764494634e-5
1 1 6 4.399130189589201e-5
1 2 6 5.133742863209235e-5
2 1 6 6.158660641828503e-5
2 2 6 3.8577619316153916e-5
1 1 7 5.1540365680343724e-5
1 2 7 3.992577929501875e-5
2 1 7 5.5218006587121255e-5
2 2 7 4.110817762348953e-5
1 1 8 5.677915721366223e-5
1 2 8 4.949442772974768e-5
2 1 8 6.498998630216496e-5
2 2 8 6.257805094235397e-5
1 1 9 6.295917547997028e-5
1 2 9 4.853348614952613e-5
2 1 9 5.874008086262677e-5
2 2 9 4.306994123154831e-5
1 1 10 7.628166512838673e-5
1 2 10 6.121699572449e-5
2 1 10 6.184948715650159e-5
2 2 10 7.537765263558772e-5
1 1 11 5.8168446781535924e-5
1 2 11 6.36974182171781e-5
2 1 11 6.033474280386942e-5
2 2 11 5.534483471131723e-5
1 1 12 6.517349530378957e-5
1 2 12 6.161073825978547e-5
2 1 12 8.80930465353426e-5
2 2 12 5.427371724659701e-5
1 1 13 5.939773966560624e-5
1 2 13 6.194042954301945e-5
2 1 13 5.4594957327553953e-5
2 2 13 6.068908879763267e-5
1 1 14 8.63451330775809e-5
1 2 14 6.268495990758996e-5
2 1 14 6.891481408890178e-5
2 2 14 7.275501412128639e-5
1 1 15 6.731813767535404e-5
1 2 15 4.599256592771344e-5
2 1 15 4.823608108485265e-5
2 2 15 4.785676510893494e-5
1 1 16 9.49077401604388e-5
1 2 16 6.231238814466338e-5
2 1 16 9.025512653015946e-5
2 2 16 5.635158984208747e-5
1 1 17 6.165602586732051e-5
1 2 17 7.665898050186187e-5
2 1 17 5.168506101348813e-5
2 2 17 5.24642574082599e-5
1 1 18 6.245758662150859e-5
1 2 18 5.854171696938629e-5
2 1 18 7.14417162230901e-5
2 2 18 7.205710432179399e-5
1 1 19 5.169508300126224e-5
1 2 19 7.606126845672562e-5
2 1 19 6.590445019864525e-5
2 2 19 4.9211300380236635e-5
1 1 20 8.912357319149705e-5
1 2 20 5.5039645605501405e-5
2 1 20 5.7944246272308996e-5
2 2 20 5.998588420593893e-5
