[-2.41421356 -1.         -1.         -0.41421356  0.41421356  1.
  1.          2.41421356]
W: 3.6
num_iter: 0
[-0.86023758 -0.84705224 -0.83301202 -0.81952922 -0.80446147 -0.78984741
 -0.77365326 -0.75726137 -0.74034635 -0.72243843 -0.70425163 -0.68458424
 -0.66553654 -0.64508215 -0.62423823 -0.60209392 -0.57875626 -0.55600752
 -0.53174477 -0.50726204 -0.48115076 -0.45433858 -0.42703481 -0.39791258
 -0.36831456 -0.3365504  -0.30395586 -0.26947578 -0.23328537 -0.19282062
 -0.1485463  -0.09449552  0.09449567  0.14854486  0.19281878  0.23327618
  0.26946846  0.30394547  0.33654787  0.36831368  0.39790658  0.42703051
  0.45434337  0.4811521   0.50725544  0.53173419  0.55602061  0.57875531
  0.60209905  0.62424665  0.64507369  0.66555871  0.68459872  0.7042482
  0.72243312  0.74034818  0.75725961  0.77365103  0.78985541  0.80445799
  0.8195334   0.83301076  0.8470525   0.86024167]
localization_length: 0.3307035207741773
0.3331542138763233
W_list: [3.6]
L_list: [0.3331542138763233]
[-2.41421356 -1.         -1.         -0.41421356  0.41421356  1.
  1.          2.41421356]
W: 3.6
num_iter: 0
[-0.8607296  -0.84723617 -0.83395492 -0.81993719 -0.80472234 -0.78972867
 -0.77345802 -0.75797472 -0.74020108 -0.72274081 -0.70411065 -0.68544405
 -0.66583513 -0.6446182  -0.62340361 -0.6020221  -0.57962284 -0.55583524
 -0.53178584 -0.50654472 -0.48055435 -0.45438556 -0.42673694 -0.39772526
 -0.3680632  -0.33701448 -0.30454463 -0.26935515 -0.23272113 -0.19335961
 -0.14848317 -0.09436743  0.09436851  0.14848119  0.19335569  0.23272708
  0.26936992  0.30454104  0.33701065  0.36806648  0.39773211  0.4267294
  0.45438828  0.48054926  0.50654925  0.53179607  0.55583399  0.57961623
  0.6020211   0.62341049  0.64461913  0.66583653  0.68542743  0.70412167
  0.72274389  0.74018493  0.75797684  0.77345956  0.78972564  0.80472078
  0.81992792  0.83395476  0.84724277  0.86072823]
localization_length: 0.3311523786942155
0.33256138979034555
W_list: [3.6]
L_list: [0.33256138979034555]
