Norm difference: 1.0
Norm difference: 1.0
1 1
1 2
1 3
2 1
2 2
2 3
3 1
3 2
3 3
1 1
1 2
1 3
2 1
2 2
2 3
3 1
3 2
3 3
1 1
1 2
1 3
2 1
2 2
2 3
3 1
3 2
3 3
1 1
1 2
1 3
2 1
2 2
2 3
3 1
3 2
3 3
1 1
1 2
1 3
2 1
2 2
2 3
3 1
3 2
3 3
1 1
1 2
1 3
2 1
2 2
2 3
3 1
3 2
3 3
1 1
1 2
1 3
2 1
2 2
2 3
3 1
3 2
3 3
1 1
1 2
1 3
2 1
2 2
2 3
3 1
3 2
3 3
1 1
1 2
1 3
2 1
2 2
2 3
3 1
3 2
3 3
1 1
1 2
1 3
2 1
2 2
2 3
3 1
3 2
3 3
1 1
1 2
1 3
2 1
2 2
2 3
3 1
3 2
3 3
1 1
1 2
1 3
2 1
2 2
2 3
3 1
3 2
3 3
1 1
1 2
1 3
2 1
2 2
2 3
3 1
3 2
3 3
1 1
1 2
1 3
2 1
2 2
2 3
3 1
3 2
3 3
1 1
1 2
1 3
2 1
2 2
2 3
3 1
3 2
3 3
1 1
1 2
1 3
2 1
2 2
2 3
3 1
3 2
3 3
1 1
1 2
1 3
2 1
2 2
2 3
3 1
3 2
3 3
1 1
1 2
1 3
2 1
2 2
2 3
3 1
3 2
3 3
1 1
1 2
1 3
2 1
2 2
2 3
3 1
3 2
3 3
1 1
1 2
1 3
2 1
2 2
2 3
3 1
3 2
3 3
1 1 1 0.006426485963129359
1 2 1 0.007332674562850935
1 3 1 0.006926342000817401
2 1 1 0.004331281052659908
2 2 1 0.004791843949787896
2 3 1 0.005407195800231484
3 1 1 0.006086499175255942
3 2 1 0.0053032303643684615
3 3 1 0.004989693676082549
1 1 2 0.007944683422790613
1 2 2 0.0039966396527110395
1 3 2 0.0052191306283926086
2 1 2 0.004735981715989749
2 2 2 0.0028441968198746476
2 3 2 0.004819584629862131
3 1 2 0.010331720982909673
3 2 2 0.003146047825408057
3 3 2 0.003990028513051561
1 1 3 0.0062744698625782375
1 2 3 0.005849934207227023
1 3 3 0.004882808357492276
2 1 3 0.00462392311846868
2 2 3 0.0030523612781034977
2 3 3 0.002305016455674425
3 1 3 0.007919753429590594
3 2 3 0.0049169015245748545
3 3 3 0.004308218961844325
1 1 4 0.005040788236727161
1 2 4 0.004379624839179407
1 3 4 0.004559826961407049
2 1 4 0.003262385446565517
2 2 4 0.003131503399051784
2 3 4 0.00289798164986149
3 1 4 0.00880583552422415
3 2 4 0.005993694622672857
3 3 4 0.00580221289026039
1 1 5 0.005712874895754253
1 2 5 0.005078495016769944
1 3 5 0.0035740704264290877
2 1 5 0.003911243584640414
2 2 5 0.0028635470280143653
2 3 5 0.002722839238542353
3 1 5 0.005770606175982224
3 2 5 0.005966988879769761
3 3 5 0.010607802555794497
1 1 6 0.006056570025973569
1 2 6 0.0038760635669988523
1 3 6 0.002605327991555109
2 1 6 0.0032299883034094187
2 2 6 0.003132174058156429
2 3 6 0.003926952567147578
3 1 6 0.006457849950731504
3 2 6 0.004517765053350725
3 3 6 0.006835091316659049
1 1 7 0.005338753649646661
1 2 7 0.003917570811477142
1 3 7 0.004316868525753446
2 1 7 0.0030640288332578576
2 2 7 0.0027396552332142354
2 3 7 0.004195943463810512
3 1 7 0.005561367506631354
3 2 7 0.004682632839774291
3 3 7 0.011557008840650963
1 1 8 0.0061427715697946975
1 2 8 0.0036752703952963447
1 3 8 0.0033017064303924675
2 1 8 0.0032851863385318326
2 2 8 0.0028868085041657255
2 3 8 0.0052478781287599845
3 1 8 0.008029105385344664
3 2 8 0.004824849708984116
3 3 8 0.009832315035064026
1 1 9 0.004468660077103566
1 2 9 0.0048115112000001415
1 3 9 0.006099908542342278
2 1 9 0.0037509590186392905
2 2 9 0.0030853982928792634
2 3 9 0.004507247971208846
3 1 9 0.007557364949103902
3 2 9 0.00730465305014749
3 3 9 0.004924207436597721
1 1 10 0.005496768970311251
1 2 10 0.003326719378868314
1 3 10 0.005964185860930693
2 1 10 0.00485062791028369
2 2 10 0.00439213113091812
2 3 10 0.005232804514128638
3 1 10 0.0066977042695325496
3 2 10 0.005698342863575388
3 3 10 0.002909698245023818
1 1 11 0.004891658257202409
1 2 11 0.004379852545080428
1 3 11 0.0055275146841026815
2 1 11 0.004845455778615252
2 2 11 0.0022670731392190574
2 3 11 0.003649935290293743
3 1 11 0.007077299772032178
3 2 11 0.005000582918034591
3 3 11 0.002532058690743781
1 1 12 0.00425981597661258
1 2 12 0.003841343826993599
1 3 12 0.0056765088929545595
2 1 12 0.0038136700471818135
2 2 12 0.0038488997880676305
2 3 12 0.004695042859505309
3 1 12 0.00775612716711035
3 2 12 0.004096321543559499
3 3 12 0.004682334080173663
1 1 13 0.006339778358045939
1 2 13 0.0040311247846577785
1 3 13 0.004690934293376944
2 1 13 0.0041486819314504025
2 2 13 0.002510008504178037
2 3 13 0.0023706322534447354
3 1 13 0.006214360930323387
3 2 13 0.003943137777543006
3 3 13 0.004670795903714125
1 1 14 0.005628444965149868
1 2 14 0.00305128898939789
1 3 14 0.004225709169906092
2 1 14 0.0037110027840431318
2 2 14 0.0033256623545353608
2 3 14 0.004419102433115829
3 1 14 0.005954555042792508
3 2 14 0.003122287831129555
3 3 14 0.005650576874238433
1 1 15 0.004940881669943561
1 2 15 0.0036147728710759844
1 3 15 0.002619020264860629
2 1 15 0.0036049447374650206
2 2 15 0.0020598059431814033
2 3 15 0.0031274944427502733
3 1 15 0.003908569731187464
3 2 15 0.0039615867584684855
3 3 15 0.0047605775237814256
1 1 16 0.005739606206761093
1 2 16 0.00225121453812102
1 3 16 0.004501790904861921
2 1 16 0.003267528508630854
2 2 16 0.0032483909696421676
2 3 16 0.0033800618789021205
3 1 16 0.003590721711330386
3 2 16 0.002951638345976269
3 3 16 0.004786147330520352
1 1 17 0.004211753353445867
1 2 17 0.0024019972683831446
1 3 17 0.004202041823566361
2 1 17 0.003111013486342256
2 2 17 0.0017815617097532571
2 3 17 0.002728213614950916
3 1 17 0.004032095259117937
3 2 17 0.0029309880052457663
3 3 17 0.0038790018065108186
1 1 18 0.003558421023539023
1 2 18 0.00251347941121941
1 3 18 0.004552559404971757
2 1 18 0.002762902795220788
2 2 18 0.0026227701445245303
2 3 18 0.003091609713363944
3 1 18 0.00475044134916063
3 2 18 0.0028087269780358807
3 3 18 0.003516936682868302
1 1 19 0.003484613887301179
1 2 19 0.002333664509309114
1 3 19 0.0038760519917489327
2 1 19 0.0028257015143579494
2 2 19 0.0016311613752508114
2 3 19 0.002783480387436527
3 1 19 0.004426761315543102
3 2 19 0.0017919015888110865
3 3 19 0.002756720406458102
1 1 20 0.004517991814937954
1 2 20 0.0026821149715509536
1 3 20 0.0035656204316927864
2 1 20 0.002533032313422615
2 2 20 0.002105340681156101
2 3 20 0.002782338752706923
3 1 20 0.005157960093776057
3 2 20 0.002250734409944909
3 3 20 0.0035174376583205534
