W: 3.0
num_iter: 0
[-0.80490987 -0.80490987 -0.78557989 -0.78557989 -0.76149144 -0.76149144
 -0.73275997 -0.73275997 -0.69999533 -0.69999533 -0.66290901 -0.66290901
 -0.62168885 -0.62168885 -0.57561553 -0.57561553 -0.52538682 -0.52538682
 -0.47016744 -0.47016744 -0.40982944 -0.40982944 -0.34442605 -0.34442605
 -0.27381326 -0.27381326 -0.19811871 -0.19811871 -0.11869262 -0.11869262
 -0.03058339 -0.03058339  0.03058019  0.03058019  0.11869621  0.11869621
  0.19812093  0.19812093  0.27381046  0.27381046  0.34442729  0.34442729
  0.40982325  0.40982325  0.47017003  0.47017003  0.52539284  0.52539284
  0.57561344  0.57561344  0.62169     0.62169     0.66291449  0.66291449
  0.69999245  0.69999245  0.73275803  0.73275803  0.76148875  0.76148875
  0.78558126  0.78558126  0.80490798  0.80490798]
localization_length: 2.043806743220697
2.0327061872250765
W_list: [3.0]
L_list: [32.52329899560122]
