W: 2.8
num_iter: 0
[-0.76321306 -0.76321306 -0.71514169 -0.71514169 -0.6504001  -0.6504001
 -0.56934488 -0.56934488 -0.47119549 -0.47119549 -0.35448308 -0.35448308
 -0.21793589 -0.21793589 -0.05479    -0.05479     0.0547945   0.0547945
  0.21793311  0.21793311  0.35448752  0.35448752  0.47119197  0.47119197
  0.56934361  0.56934361  0.65039838  0.65039838  0.71514395  0.71514395
  0.76321113  0.76321113]
localization_length: 2.281438376968142
2.259025276438099
W_list: [2.8]
L_list: [18.07220221150479]
