W: 3.8
num_iter: 0
[-1.10899268 -1.10899268 -1.09612053 -1.09612053 -1.0819136  -1.0819136
 -1.06674149 -1.06674149 -1.05069272 -1.05069272 -1.03279451 -1.03279451
 -1.01436825 -1.01436825 -0.99452591 -0.99452591 -0.97307955 -0.97307955
 -0.95079773 -0.95079773 -0.92716795 -0.92716795 -0.90223326 -0.90223326
 -0.87598982 -0.87598982 -0.84843606 -0.84843606 -0.81923879 -0.81923879
 -0.78953038 -0.78953038 -0.75759871 -0.75759871 -0.72503434 -0.72503434
 -0.69027965 -0.69027965 -0.65391868 -0.65391868 -0.61616249 -0.61616249
 -0.57643857 -0.57643857 -0.53530802 -0.53530802 -0.49238409 -0.49238409
 -0.44716341 -0.44716341 -0.40008292 -0.40008292 -0.35097512 -0.35097512
 -0.30019477 -0.30019477 -0.24707577 -0.24707577 -0.1911202  -0.1911202
 -0.13232301 -0.13232301 -0.06364336 -0.06364336  0.06364827  0.06364827
  0.13232306  0.13232306  0.19111687  0.19111687  0.24707054  0.24707054
  0.30019453  0.30019453  0.35096818  0.35096818  0.4000862   0.4000862
  0.44716503  0.44716503  0.49237752  0.49237752  0.53531125  0.53531125
  0.57644189  0.57644189  0.6161559   0.6161559   0.65391519  0.65391519
  0.69027493  0.69027493  0.72503474  0.72503474  0.75760038  0.75760038
  0.78952313  0.78952313  0.81923443  0.81923443  0.84843678  0.84843678
  0.87599101  0.87599101  0.9022348   0.9022348   0.92717344  0.92717344
  0.95079957  0.95079957  0.97308318  0.97308318  0.99452872  0.99452872
  1.0143758   1.0143758   1.03279514  1.03279514  1.0506981   1.0506981
  1.06674743  1.06674743  1.08191419  1.08191419  1.09611819  1.09611819
  1.10898793  1.10898793]
localization_length: 0.49101745401745384
0.4908978151537833
W_list: [3.8]
L_list: [15.708730084921065]
