W: 2.6
num_iter: 0
[-0.7379412  -0.7379412  -0.72989243 -0.72989243 -0.72069837 -0.72069837
 -0.71005829 -0.71005829 -0.69827093 -0.69827093 -0.6856142  -0.6856142
 -0.671787   -0.671787   -0.65689316 -0.65689316 -0.64105691 -0.64105691
 -0.62400957 -0.62400957 -0.60627158 -0.60627158 -0.58731065 -0.58731065
 -0.56774861 -0.56774861 -0.5471448  -0.5471448  -0.52562863 -0.52562863
 -0.50272575 -0.50272575 -0.47927181 -0.47927181 -0.45467682 -0.45467682
 -0.42895155 -0.42895155 -0.40225986 -0.40225986 -0.3739613  -0.3739613
 -0.34500779 -0.34500779 -0.31551703 -0.31551703 -0.28394655 -0.28394655
 -0.25148517 -0.25148517 -0.21854658 -0.21854658 -0.18457888 -0.18457888
 -0.15017294 -0.15017294 -0.11562313 -0.11562313 -0.08072222 -0.08072222
 -0.04571125 -0.04571125 -0.01035135 -0.01035135  0.01035219  0.01035219
  0.04571276  0.04571276  0.08072063  0.08072063  0.11562145  0.11562145
  0.15016782  0.15016782  0.18457382  0.18457382  0.21854811  0.21854811
  0.25148574  0.25148574  0.28394483  0.28394483  0.31552278  0.31552278
  0.34500918  0.34500918  0.37396042  0.37396042  0.40226163  0.40226163
  0.42895215  0.42895215  0.45468296  0.45468296  0.47927575  0.47927575
  0.50272699  0.50272699  0.52562917  0.52562917  0.54713757  0.54713757
  0.56775339  0.56775339  0.58730699  0.58730699  0.60627076  0.60627076
  0.62400641  0.62400641  0.64105522  0.64105522  0.65689664  0.65689664
  0.6717877   0.6717877   0.68561249  0.68561249  0.69826966  0.69826966
  0.71005823  0.71005823  0.72069947  0.72069947  0.72988964  0.72988964
  0.7379437   0.7379437 ]
localization_length: 3.0189313285403876
3.017818080964874
W_list: [2.6]
L_list: [96.57017859087597]
