Norm difference: 1.0
Norm difference: 1.0
1 1
1 2
1 3
2 1
2 2
2 3
3 1
3 2
3 3
1 1
1 2
1 3
2 1
2 2
2 3
3 1
3 2
3 3
1 1
1 2
1 3
2 1
2 2
2 3
3 1
3 2
3 3
1 1
1 2
1 3
2 1
2 2
2 3
3 1
3 2
3 3
1 1
1 2
1 3
2 1
2 2
2 3
3 1
3 2
3 3
1 1
1 2
1 3
2 1
2 2
2 3
3 1
3 2
3 3
1 1
1 2
1 3
2 1
2 2
2 3
3 1
3 2
3 3
1 1
1 2
1 3
2 1
2 2
2 3
3 1
3 2
3 3
1 1
1 2
1 3
2 1
2 2
2 3
3 1
3 2
3 3
1 1
1 2
1 3
2 1
2 2
2 3
3 1
3 2
3 3
1 1
1 2
1 3
2 1
2 2
2 3
3 1
3 2
3 3
1 1
1 2
1 3
2 1
2 2
2 3
3 1
3 2
3 3
1 1
1 2
1 3
2 1
2 2
2 3
3 1
3 2
3 3
1 1
1 2
1 3
2 1
2 2
2 3
3 1
3 2
3 3
1 1
1 2
1 3
2 1
2 2
2 3
3 1
3 2
3 3
1 1
1 2
1 3
2 1
2 2
2 3
3 1
3 2
3 3
1 1
1 2
1 3
2 1
2 2
2 3
3 1
3 2
3 3
1 1
1 2
1 3
2 1
2 2
2 3
3 1
3 2
3 3
1 1
1 2
1 3
2 1
2 2
2 3
3 1
3 2
3 3
1 1
1 2
1 3
2 1
2 2
2 3
3 1
3 2
3 3
1 1 1 0.0018759900460200707
1 2 1 0.001956622316013526
1 3 1 0.0016783406152706883
2 1 1 0.002260704749807197
2 2 1 0.002016096172533552
2 3 1 0.0018512784620147507
3 1 1 0.0015785422307752067
3 2 1 0.0026133196093253365
3 3 1 0.0024425659373051604
1 1 2 0.001957625396110686
1 2 2 0.0021662241049716464
1 3 2 0.0019701332278351663
2 1 2 0.0020228656086833494
2 2 2 0.0025731344570922745
2 3 2 0.0019332599280952524
3 1 2 0.0025176300313836356
3 2 2 0.0024508057084090466
3 3 2 0.0019434611363453494
1 1 3 0.0018750922641550083
1 2 3 0.0020451632798660743
1 3 3 0.0020546299989464877
2 1 3 0.0017806278352423834
2 2 3 0.0026465199903927027
2 3 3 0.0019223983831307512
3 1 3 0.00239434244429203
3 2 3 0.002157675691300149
3 3 3 0.0015421259687814618
1 1 4 0.0016062843796035002
1 2 4 0.0023269996740662583
1 3 4 0.0020435944156349866
2 1 4 0.001775042665041976
2 2 4 0.002478570671049921
2 3 4 0.0021955384140260785
3 1 4 0.0017876006793356935
3 2 4 0.0026621678027600364
3 3 4 0.001586884252609015
1 1 5 0.0018924665437005557
1 2 5 0.002107643752252948
1 3 5 0.0018662966807933858
2 1 5 0.002100317364145762
2 2 5 0.002743567059006206
2 3 5 0.0022301177887257637
3 1 5 0.0017332746436554455
3 2 5 0.0020727503378876857
3 3 5 0.0014914800695001017
1 1 6 0.0017614129207645193
1 2 6 0.002209521461888376
1 3 6 0.0017936977840626069
2 1 6 0.0022543004584668703
2 2 6 0.002472232512941537
2 3 6 0.0020848798806630655
3 1 6 0.0019851659127337515
3 2 6 0.0028577155504174827
3 3 6 0.00240174298234908
1 1 7 0.002253914191765037
1 2 7 0.0024165133328329516
1 3 7 0.0014194836654357163
2 1 7 0.001781678788226554
2 2 7 0.0026576836886749618
2 3 7 0.001878888770827595
3 1 7 0.0016807358039501018
3 2 7 0.0019046067412282594
3 3 7 0.002168659366358153
1 1 8 0.0020869873078184662
1 2 8 0.0026072486039913573
1 3 8 0.0014034094713728518
2 1 8 0.0030746006392805454
2 2 8 0.003003225549821868
2 3 8 0.001679622544086668
3 1 8 0.0024671644614028395
3 2 8 0.002799041749567498
3 3 8 0.0020382989052630278
1 1 9 0.002391981899088399
1 2 9 0.0024117019913725553
1 3 9 0.0018801712795668973
2 1 9 0.003810428189480362
2 2 9 0.003354416980976732
2 3 9 0.0019625549808239143
3 1 9 0.0028936384130066
3 2 9 0.002573758790446387
3 3 9 0.0017581133115375266
1 1 10 0.0026249854112936075
1 2 10 0.0027847041624878845
1 3 10 0.002220150518138696
2 1 10 0.0030706191553376556
2 2 10 0.003198767607607665
2 3 10 0.00279431507756564
3 1 10 0.0034454217986513215
3 2 10 0.0032779715424473494
3 3 10 0.0019037235334370887
1 1 11 0.0027954870496087417
1 2 11 0.00285882573100072
1 3 11 0.002560652656192115
2 1 11 0.003424915086297789
2 2 11 0.004076449982054424
2 3 11 0.0032683291626915607
3 1 11 0.00316768147478384
3 2 11 0.003218320246435734
3 3 11 0.0022650705867202033
1 1 12 0.0028605592140094863
1 2 12 0.0024716228703175296
1 3 12 0.0019640867035017307
2 1 12 0.0036968853410824397
2 2 12 0.002854898548332383
2 3 12 0.0026752194918104955
3 1 12 0.0032148772567089936
3 2 12 0.003235681021967575
3 3 12 0.0027894044398078326
1 1 13 0.003005756744301774
1 2 13 0.0027100261637905405
1 3 13 0.0017559487063849438
2 1 13 0.0037653878007530713
2 2 13 0.0039136540076204285
2 3 13 0.003109288452818036
3 1 13 0.0030785305870983603
3 2 13 0.0033337897816099445
3 3 13 0.0030692684317214065
1 1 14 0.0035684437241564277
1 2 14 0.002866932793431235
1 3 14 0.0019547104670590773
2 1 14 0.003597681503804416
2 2 14 0.0031218651375909596
2 3 14 0.0026280012462684002
3 1 14 0.0030177471473145736
3 2 14 0.0028960033846973103
3 3 14 0.00291035385246709
1 1 15 0.003629712710882331
1 2 15 0.003080352500214353
1 3 15 0.002380768362439802
2 1 15 0.004540615052988752
2 2 15 0.0038561541782127194
2 3 15 0.0020874323714597737
3 1 15 0.003654531455525332
3 2 15 0.0032069928856452213
3 3 15 0.002249371348469664
1 1 16 0.003570811266615023
1 2 16 0.0034182484739178785
1 3 16 0.0027187322613318257
2 1 16 0.004228911812727384
2 2 16 0.003994719804514611
2 3 16 0.00288570528662701
3 1 16 0.0032767058010375973
3 2 16 0.003259869919890989
3 3 16 0.001819785876360946
1 1 17 0.0031579635899419895
1 2 17 0.0030227829534677842
1 3 17 0.002927140903318929
2 1 17 0.003966037244270538
2 2 17 0.004031140697012629
2 3 17 0.00337783818171785
3 1 17 0.004546095016242645
3 2 17 0.0035713981846085484
3 3 17 0.002118237911608347
1 1 18 0.0027253336529903882
1 2 18 0.0026045942147167826
1 3 18 0.0027488321923170586
2 1 18 0.004496368518637285
2 2 18 0.003539268358867538
2 3 18 0.004072367826662443
3 1 18 0.004190592286036446
3 2 18 0.0036605300891713057
3 3 18 0.0030351598326460822
1 1 19 0.0026464589849448886
1 2 19 0.003252859196256571
1 3 19 0.002418607810510507
2 1 19 0.0039318259619245755
2 2 19 0.003863508402692446
2 3 19 0.0025055179644945477
3 1 19 0.004350392159693747
3 2 19 0.0038621971660512864
3 3 19 0.00326026141457235
1 1 20 0.0036022086027443835
1 2 20 0.0029781053734962122
1 3 20 0.0017376048291919814
2 1 20 0.003398911724461855
2 2 20 0.004602985482492901
2 3 20 0.003938210773489891
3 1 20 0.0035559099767664823
3 2 20 0.0037906069712452333
3 3 20 0.003807154221438177
