W: 3.0
num_iter: 0
[-0.80514794 -0.80514794 -0.78566189 -0.78566189 -0.76139968 -0.76139968
 -0.73283269 -0.73283269 -0.69997953 -0.69997953 -0.66306132 -0.66306132
 -0.62173753 -0.62173753 -0.5758674  -0.5758674  -0.52585971 -0.52585971
 -0.47024919 -0.47024919 -0.41060029 -0.41060029 -0.34444643 -0.34444643
 -0.27373581 -0.27373581 -0.19826802 -0.19826802 -0.11869719 -0.11869719
 -0.03124267 -0.03124267  0.03124157  0.03124157  0.1186976   0.1186976
  0.19826556  0.19826556  0.27374209  0.27374209  0.34444732  0.34444732
  0.41060289  0.41060289  0.4702495   0.4702495   0.52585841  0.52585841
  0.57586455  0.57586455  0.62174015  0.62174015  0.66305596  0.66305596
  0.69997819  0.69997819  0.73282997  0.73282997  0.76140552  0.76140552
  0.78565818  0.78565818  0.80514982  0.80514982]
localization_length: 2.0005394701750308
1.96177670384615
W_list: [3.0]
L_list: [31.3884272615384]
