Norm difference: 1.0
Norm difference: 1.0
1 1
1 2
1 3
2 1
2 2
2 3
3 1
3 2
3 3
1 1
1 2
1 3
2 1
2 2
2 3
3 1
3 2
3 3
1 1
1 2
1 3
2 1
2 2
2 3
3 1
3 2
3 3
1 1
1 2
1 3
2 1
2 2
2 3
3 1
3 2
3 3
1 1
1 2
1 3
2 1
2 2
2 3
3 1
3 2
3 3
1 1
1 2
1 3
2 1
2 2
2 3
3 1
3 2
3 3
1 1
1 2
1 3
2 1
2 2
2 3
3 1
3 2
3 3
1 1
1 2
1 3
2 1
2 2
2 3
3 1
3 2
3 3
1 1
1 2
1 3
2 1
2 2
2 3
3 1
3 2
3 3
1 1
1 2
1 3
2 1
2 2
2 3
3 1
3 2
3 3
1 1
1 2
1 3
2 1
2 2
2 3
3 1
3 2
3 3
1 1
1 2
1 3
2 1
2 2
2 3
3 1
3 2
3 3
1 1
1 2
1 3
2 1
2 2
2 3
3 1
3 2
3 3
1 1
1 2
1 3
2 1
2 2
2 3
3 1
3 2
3 3
1 1
1 2
1 3
2 1
2 2
2 3
3 1
3 2
3 3
1 1
1 2
1 3
2 1
2 2
2 3
3 1
3 2
3 3
1 1
1 2
1 3
2 1
2 2
2 3
3 1
3 2
3 3
1 1
1 2
1 3
2 1
2 2
2 3
3 1
3 2
3 3
1 1
1 2
1 3
2 1
2 2
2 3
3 1
3 2
3 3
1 1
1 2
1 3
2 1
2 2
2 3
3 1
3 2
3 3
1 1 1 0.01450852953883118
1 2 1 0.012115827416313361
1 3 1 0.012075032457405474
2 1 1 0.008795126531064922
2 2 1 0.007084208472062874
2 3 1 0.007688837384592048
3 1 1 0.013532699593185194
3 2 1 0.010060631605276786
3 3 1 0.009824901822995618
1 1 2 0.013543777478891222
1 2 2 0.010922180906564917
1 3 2 0.012152066437981553
2 1 2 0.007729671996632244
2 2 2 0.005682268575099515
2 3 2 0.008005327216890477
3 1 2 0.00972557022447668
3 2 2 0.007119032373012854
3 3 2 0.012161969177681878
1 1 3 0.014769507235443948
1 2 3 0.012190182125380136
1 3 3 0.011144481074489346
2 1 3 0.008553853514685806
2 2 3 0.006190472530652842
2 3 3 0.007040038051344466
3 1 3 0.011651495831606653
3 2 3 0.007075246972733198
3 3 3 0.007996838205632064
1 1 4 0.01086109929714776
1 2 4 0.007857332249726925
1 3 4 0.011722918217246992
2 1 4 0.006904450620461874
2 2 4 0.004156514985922108
2 3 4 0.008234043151243917
3 1 4 0.01144087097502676
3 2 4 0.007860433392185971
3 3 4 0.009253635228173619
1 1 5 0.012551546226969273
1 2 5 0.00892605614448389
1 3 5 0.011527609931118987
2 1 5 0.0073616194011117825
2 2 5 0.005538102005802359
2 3 5 0.007491309728731126
3 1 5 0.012372180383690054
3 2 5 0.00839911625237324
3 3 5 0.012005966090939107
1 1 6 0.010643274068539876
1 2 6 0.006975167306626541
1 3 6 0.01260859295380266
2 1 6 0.007393853505917371
2 2 6 0.003861574734934603
2 3 6 0.00717653432328338
3 1 6 0.012048359163080589
3 2 6 0.006825476839564154
3 3 6 0.011093250452659395
1 1 7 0.010093250342973755
1 2 7 0.007425589725521556
1 3 7 0.00982318107819343
2 1 7 0.006749448740060551
2 2 7 0.005004002695820684
2 3 7 0.007415658820984218
3 1 7 0.008137288006386616
3 2 7 0.0061559713024830235
3 3 7 0.009727015029849495
1 1 8 0.010155653225762663
1 2 8 0.005572567667415666
1 3 8 0.009756850718032648
2 1 8 0.007478210917039982
2 2 8 0.004514080574156231
2 3 8 0.006505960152131634
3 1 8 0.009733578728491121
3 2 8 0.0055739522068413904
3 3 8 0.010793864142004604
1 1 9 0.011345844082633729
1 2 9 0.006407541977598637
1 3 9 0.010422416465534382
2 1 9 0.007365764468270158
2 2 9 0.0046592456438525245
2 3 9 0.009383275771309242
3 1 9 0.00919014647233846
3 2 9 0.0051912097103572735
3 3 9 0.010190390693703416
1 1 10 0.010583767078990879
1 2 10 0.007848315657441129
1 3 10 0.010539487079210746
2 1 10 0.007891426279261367
2 2 10 0.005122739057941952
2 3 10 0.006304522953569697
3 1 10 0.009371564152584647
3 2 10 0.0059695523126793906
3 3 10 0.009547308346205133
1 1 11 0.010846549947574991
1 2 11 0.00960750199354762
1 3 11 0.01098442782566667
2 1 11 0.006596394456400858
2 2 11 0.005614808675478101
2 3 11 0.007067785480547206
3 1 11 0.010328162811144754
3 2 11 0.007998474962082036
3 3 11 0.010021055251987921
1 1 12 0.01241717875976044
1 2 12 0.007431008465120523
1 3 12 0.010348766508435196
2 1 12 0.008973981360357996
2 2 12 0.0056931975890798705
2 3 12 0.006544593557313861
3 1 12 0.011092469891956384
3 2 12 0.007837267438554221
3 3 12 0.008342301151917262
1 1 13 0.011245209797724162
1 2 13 0.008351420413751458
1 3 13 0.007440740816025314
2 1 13 0.007571632996348829
2 2 13 0.007116929178558944
2 3 13 0.0060564040806975385
3 1 13 0.011949984670443297
3 2 13 0.007445337467555162
3 3 13 0.007197497535481187
1 1 14 0.010906199124872961
1 2 14 0.008455910807237725
1 3 14 0.007902962777777885
2 1 14 0.007687020819982395
2 2 14 0.006409738417874485
2 3 14 0.004462677279028055
3 1 14 0.008948401099934566
3 2 14 0.006671894299129899
3 3 14 0.008343156267081063
1 1 15 0.01076509445307978
1 2 15 0.008740073583577968
1 3 15 0.008863588438859291
2 1 15 0.006599701870732254
2 2 15 0.005419464600336683
2 3 15 0.00736102242717062
3 1 15 0.009160114386384196
3 2 15 0.008040948172448253
3 3 15 0.008636686398504708
1 1 16 0.009517264763458383
1 2 16 0.00837157618245576
1 3 16 0.008618913724672467
2 1 16 0.006029280161397527
2 2 16 0.004779421197164525
2 3 16 0.007305195730630004
3 1 16 0.008841467147140309
3 2 16 0.006469695506697855
3 3 16 0.010880559109134515
1 1 17 0.008809612654357021
1 2 17 0.007324848948908556
1 3 17 0.009148361812079325
2 1 17 0.005302428870066243
2 2 17 0.004349639648588914
2 3 17 0.005913634501221891
3 1 17 0.00789336292521137
3 2 17 0.006012453395278831
3 3 17 0.008219044368362547
1 1 18 0.008668365087106066
1 2 18 0.0054662785863822515
1 3 18 0.00905952403445384
2 1 18 0.0060745298299293825
2 2 18 0.0035106108400196597
2 3 18 0.005835160031354758
3 1 18 0.007562598400388432
3 2 18 0.005051812578729363
3 3 18 0.007963066783360992
1 1 19 0.007840203554193828
1 2 19 0.005018660428868874
1 3 19 0.006781339909445158
2 1 19 0.005785379980174891
2 2 19 0.003313272589035697
2 3 19 0.006914727659274829
3 1 19 0.007872921142319859
3 2 19 0.005387150026166047
3 3 19 0.007678164084776282
1 1 20 0.007635063252310043
1 2 20 0.004392676800761412
1 3 20 0.0098377718071688
2 1 20 0.006344990459379199
2 2 20 0.003456807392052455
2 3 20 0.005200084452620879
3 1 20 0.008574992243901286
3 2 20 0.00570702412042083
3 3 20 0.00798187054865329
