W: 3.0
num_iter: 0
[-0.99900774 -0.99900774 -0.93359231 -0.93359231 -0.84525005 -0.84525005
 -0.73544041 -0.73544041 -0.60556372 -0.60556372 -0.45769139 -0.45769139
 -0.29025953 -0.29025953 -0.09117735 -0.09117735  0.0911748   0.0911748
  0.2902629   0.2902629   0.45769171  0.45769171  0.60556368  0.60556368
  0.73543759  0.73543759  0.84524918  0.84524918  0.93358981  0.93358981
  0.99901282  0.99901282]
localization_length: 1.3709928400301543
1.3662954512129954
W_list: [3.0]
L_list: [10.930363609703964]
