[-0.36204994 -0.30397354 -0.30397354 -0.30397354 -0.30397354 -0.26092634
 -0.26092634 -0.26092634 -0.26092634 -0.21660919 -0.21660919 -0.21660919
 -0.21660919 -0.193092   -0.193092   -0.193092   -0.193092   -0.193092
 -0.193092   -0.193092   -0.193092   -0.16718498 -0.16718498 -0.16718498
 -0.16718498 -0.15261092 -0.15261092 -0.15261092 -0.15261092 -0.15261092
 -0.15261092 -0.15261092 -0.15261092 -0.15261092 -0.15261092 -0.15261092
 -0.15261092 -0.15261092 -0.15261092 -0.14032891 -0.14032891 -0.14032891
 -0.14032891 -0.12594212 -0.12594212 -0.12594212 -0.12594212 -0.12594212
 -0.12594212 -0.12594212 -0.12594212 -0.11740663 -0.11740663 -0.11740663
 -0.11740663 -0.10711748 -0.10711748 -0.10711748 -0.10711748 -0.10085657
 -0.10085657 -0.10085657 -0.10085657 -0.09528092  2.76204994  3.28975998
  3.28975998  3.28975998  3.28975998  3.83249922  3.83249922  3.83249922
  3.83249922  4.61660919  4.61660919  4.61660919  4.61660919  5.17887844
  5.17887844  5.17887844  5.17887844  5.17887844  5.17887844  5.17887844
  5.17887844  5.98139854  5.98139854  5.98139854  5.98139854  6.55261092
  6.55261092  6.55261092  6.55261092  6.55261092  6.55261092  6.55261092
  6.55261092  6.55261092  6.55261092  6.55261092  6.55261092  6.55261092
  6.55261092  7.12611535  7.12611535  7.12611535  7.12611535  7.94015568
  7.94015568  7.94015568  7.94015568  7.94015568  7.94015568  7.94015568
  7.94015568  8.51740663  8.51740663  8.51740663  8.51740663  9.3355446
  9.3355446   9.3355446   9.3355446   9.91507014  9.91507014  9.91507014
  9.91507014 10.49528092]
W: 4
num_iter: 0
EF_list: [6.4]
L_list: [11.796012091224414]
