Norm difference: 1.0
Norm difference: 1.0
1 1
1 2
2 1
2 2
1 1
1 2
2 1
2 2
1 1
1 2
2 1
2 2
1 1
1 2
2 1
2 2
1 1
1 2
2 1
2 2
1 1
1 2
2 1
2 2
1 1
1 2
2 1
2 2
1 1
1 2
2 1
2 2
1 1
1 2
2 1
2 2
1 1
1 2
2 1
2 2
1 1
1 2
2 1
2 2
1 1
1 2
2 1
2 2
1 1
1 2
2 1
2 2
1 1
1 2
2 1
2 2
1 1
1 2
2 1
2 2
1 1
1 2
2 1
2 2
1 1
1 2
2 1
2 2
1 1
1 2
2 1
2 2
1 1
1 2
2 1
2 2
1 1
1 2
2 1
2 2
1 1 1 0.00033013761695121975
1 2 1 0.00040756211098400897
2 1 1 0.0004057255093734424
2 2 1 0.00040770241435846564
1 1 2 0.00041604840388316625
1 2 2 0.00027110070858974415
2 1 2 0.00045845312872135996
2 2 2 0.000599536229995673
1 1 3 0.00020739878973942294
1 2 3 0.00037873904258769683
2 1 3 0.0005417914846564646
2 2 3 0.00034744269069101865
1 1 4 0.0002507840647874103
1 2 4 0.0002610181675388143
2 1 4 0.000389310632627522
2 2 4 0.0003578196202622373
1 1 5 0.0003658172330098953
1 2 5 0.00024027081850759992
2 1 5 0.00020286006089224022
2 2 5 0.00035639087977546135
1 1 6 0.00027070236709802206
1 2 6 0.0002192227844590963
2 1 6 0.00032135379234119485
2 2 6 0.0002107224040194294
1 1 7 0.00020169977016390241
1 2 7 0.00024314358777490137
2 1 7 0.00026971216080830517
2 2 7 0.00019477673283423963
1 1 8 0.0002485706922079081
1 2 8 0.00019100306307170083
2 1 8 0.00022367443352786878
2 2 8 0.00018800394108195638
1 1 9 0.0001704143024149723
1 2 9 0.00015748045541867263
2 1 9 0.00019498255794346206
2 2 9 0.00024374799682004184
1 1 10 0.00015701135359496738
1 2 10 0.0001895828341069716
2 1 10 0.00019750676553064516
2 2 10 0.00017966595998221546
1 1 11 0.00013634171768619905
1 2 11 0.000167676673823324
2 1 11 0.0001445687277446333
2 2 11 0.0001799495245806759
1 1 12 0.00014811895569752495
1 2 12 0.00012933412558586424
2 1 12 0.00013804453842530687
2 2 12 0.00018483334595978043
1 1 13 0.00019665240449044495
1 2 13 0.00015568597802336599
2 1 13 0.00016490415080901567
2 2 13 0.00016906753903963147
1 1 14 0.00015407586850421667
1 2 14 0.0001660474834269809
2 1 14 0.00020146830107479978
2 2 14 0.0001309290892337439
1 1 15 0.00018643144293736997
1 2 15 0.00025029596354808625
2 1 15 0.000275743378888586
2 2 15 0.0001890441128842738
1 1 16 0.00029918251797050074
1 2 16 0.00041788320548485496
2 1 16 0.00024694459815298344
2 2 16 0.00031449359490395726
1 1 17 0.0004208955066513226
1 2 17 0.0006233468478459195
2 1 17 0.0003541845485449457
2 2 17 0.0006062177041090342
1 1 18 0.00051663075797395
1 2 18 0.00035881592136860393
2 1 18 0.0005339309158244997
2 2 18 0.0007685656287706467
1 1 19 0.0004310572456197091
1 2 19 0.0005157319520995447
2 1 19 0.0006551102878874434
2 2 19 0.0008324563484601571
1 1 20 0.0005873463171471347
1 2 20 0.0007046875086903463
2 1 20 0.0007105257904109417
2 2 20 0.000349778513854762
