Norm difference: 1.0
Norm difference: 1.0
1 1
1 2
2 1
2 2
1 1
1 2
2 1
2 2
1 1
1 2
2 1
2 2
1 1
1 2
2 1
2 2
1 1
1 2
2 1
2 2
1 1
1 2
2 1
2 2
1 1
1 2
2 1
2 2
1 1
1 2
2 1
2 2
1 1
1 2
2 1
2 2
1 1
1 2
2 1
2 2
1 1
1 2
2 1
2 2
1 1
1 2
2 1
2 2
1 1
1 2
2 1
2 2
1 1
1 2
2 1
2 2
1 1
1 2
2 1
2 2
1 1
1 2
2 1
2 2
1 1
1 2
2 1
2 2
1 1
1 2
2 1
2 2
1 1
1 2
2 1
2 2
1 1
1 2
2 1
2 2
1 1 1 6.42928255484565e-6
1 2 1 5.517897841971625e-6
2 1 1 5.361431187316792e-6
2 2 1 4.682456577255467e-6
1 1 2 6.783994237250478e-6
1 2 2 5.924284112784895e-6
2 1 2 5.017171987941639e-6
2 2 2 6.641365779594238e-6
1 1 3 7.086234051967657e-6
1 2 3 5.113918710435974e-6
2 1 3 7.755602742262352e-6
2 2 3 6.8878839317733665e-6
1 1 4 5.572581630040332e-6
1 2 4 7.630056854458842e-6
2 1 4 5.250953099145963e-6
2 2 4 7.096220529647344e-6
1 1 5 7.2927000647049015e-6
1 2 5 6.854914582044144e-6
2 1 5 6.911283174551217e-6
2 2 5 6.406681731237056e-6
1 1 6 6.339638054161485e-6
1 2 6 6.6771706254328e-6
2 1 6 1.0887325885978148e-5
2 2 6 6.725273958534594e-6
1 1 7 9.831148554965297e-6
1 2 7 8.821889805400666e-6
2 1 7 9.214965667065343e-6
2 2 7 1.1456859396009682e-5
1 1 8 1.4671280350720034e-5
1 2 8 7.183316303791393e-6
2 1 8 1.2687094789412531e-5
2 2 8 8.354952591498146e-6
1 1 9 1.2880273136742037e-5
1 2 9 1.0467109576346304e-5
2 1 9 1.2962254774755037e-5
2 2 9 9.064478471411956e-6
1 1 10 9.436429319770846e-6
1 2 10 1.797800414877231e-5
2 1 10 1.0192550309379275e-5
2 2 10 1.672388262679288e-5
1 1 11 1.795598597104948e-5
1 2 11 1.4501372161084631e-5
2 1 11 1.3146026890973497e-5
2 2 11 1.4475448307507043e-5
1 1 12 2.3019560871626393e-5
1 2 12 9.945107869197592e-6
2 1 12 2.3501503343684272e-5
2 2 12 1.4882477850608245e-5
1 1 13 1.640147927847692e-5
1 2 13 1.8676691975676414e-5
2 1 13 1.5511146341750026e-5
2 2 13 1.210818974524318e-5
1 1 14 1.6364761402689627e-5
1 2 14 2.2020789755480813e-5
2 1 14 1.0809884552127435e-5
2 2 14 2.563241416489688e-5
1 1 15 1.796658689182529e-5
1 2 15 2.0800445379623807e-5
2 1 15 1.220963142640525e-5
2 2 15 1.925399037618806e-5
1 1 16 1.9696382736347934e-5
1 2 16 2.0036514540539942e-5
2 1 16 2.4798649153784067e-5
2 2 16 1.2759646791156128e-5
1 1 17 2.4262211250967154e-5
1 2 17 2.2508068478808475e-5
2 1 17 1.666783595483319e-5
2 2 17 1.7847927758634603e-5
1 1 18 2.7688886601133743e-5
1 2 18 2.3393178940315525e-5
2 1 18 2.1729720536024476e-5
2 2 18 2.7202646008172298e-5
1 1 19 2.83671084274653e-5
1 2 19 2.8443333206206542e-5
2 1 19 3.200420073772993e-5
2 2 19 2.4648892212342915e-5
1 1 20 4.2758023355843355e-5
1 2 20 3.644480616051353e-5
2 1 20 4.821969641505054e-5
2 2 20 3.2838963455041665e-5
