Norm difference: 1.0000000000000002
Norm difference: 0.9999999999999999
1 1
1 2
2 1
2 2
1 1
1 2
2 1
2 2
1 1
1 2
2 1
2 2
1 1
1 2
2 1
2 2
1 1
1 2
2 1
2 2
1 1
1 2
2 1
2 2
1 1
1 2
2 1
2 2
1 1
1 2
2 1
2 2
1 1
1 2
2 1
2 2
1 1
1 2
2 1
2 2
1 1
1 2
2 1
2 2
1 1
1 2
2 1
2 2
1 1
1 2
2 1
2 2
1 1
1 2
2 1
2 2
1 1
1 2
2 1
2 2
1 1
1 2
2 1
2 2
1 1
1 2
2 1
2 2
1 1
1 2
2 1
2 2
1 1
1 2
2 1
2 2
1 1
1 2
2 1
2 2
1 1 1 0.009361456003327617
1 2 1 0.01852431209025442
2 1 1 0.01495801417495812
2 2 1 0.0151432897478524
1 1 2 0.01136429489853714
1 2 2 0.011247566515886355
2 1 2 0.011928021075315627
2 2 2 0.01815288909687541
1 1 3 0.011788792368931534
1 2 3 0.010075124301146094
2 1 3 0.008715456228593956
2 2 3 0.014519709034000633
1 1 4 0.008008469277961781
1 2 4 0.008739724969411652
2 1 4 0.011771841327599283
2 2 4 0.006826489171706804
1 1 5 0.0070074887209323365
1 2 5 0.008474020697668751
2 1 5 0.008972161679377717
2 2 5 0.008611518803537476
1 1 6 0.005731090495794474
1 2 6 0.004328315164969525
2 1 6 0.006660955595443789
2 2 6 0.008802222727890639
1 1 7 0.0075681968892154184
1 2 7 0.006654709263535419
2 1 7 0.005810041402258376
2 2 7 0.006984400292313088
1 1 8 0.004295716397157241
1 2 8 0.0032089439446614126
2 1 8 0.0066225318049946535
2 2 8 0.004637287380312418
1 1 9 0.005356968458567633
1 2 9 0.005051345069638365
2 1 9 0.005278050878788307
2 2 9 0.0042963884091192905
1 1 10 0.003140715648780086
1 2 10 0.003167961743679313
2 1 10 0.0046066766807497305
2 2 10 0.0026620648122160887
1 1 11 0.0029635515557230843
1 2 11 0.004918956734140374
2 1 11 0.00306028559011269
2 2 11 0.0038588827075327634
1 1 12 0.0021813841331299972
1 2 12 0.0018126512009943511
2 1 12 0.002037558557215895
2 2 12 0.003308408181591456
1 1 13 0.0030533739424334163
1 2 13 0.0023807632263762478
2 1 13 0.002245821582710298
2 2 13 0.002298793823664622
1 1 14 0.0015628032480358215
1 2 14 0.0014783453630038293
2 1 14 0.002137766618113963
2 2 14 0.0018412134243021093
1 1 15 0.0014010739676758302
1 2 15 0.0021822039606788023
2 1 15 0.0018394184518008196
2 2 15 0.0018569196320125843
1 1 16 0.0011446656038304303
1 2 16 0.0013407831289765605
2 1 16 0.0011583887307181808
2 2 16 0.0019113759821807199
1 1 17 0.0013215905838538217
1 2 17 0.0013933480399023171
2 1 17 0.0011405132710811579
2 2 17 0.0016241947259380558
1 1 18 0.0008025907278703763
1 2 18 0.0011694948894568123
2 1 18 0.0011009602736164936
2 2 18 0.0013471285744938257
1 1 19 0.0013140743780676375
1 2 19 0.001318295383803682
2 1 19 0.0007360360785354575
2 2 19 0.0010450070041157788
1 1 20 0.0007768678414721968
1 2 20 0.0011531652796579115
2 1 20 0.0008701132487808495
2 2 20 0.001053454836971724
