W: 2.4
num_iter: 0
[-0.7564924  -0.7564924  -0.7035875  -0.7035875  -0.63129307 -0.63129307
 -0.54314852 -0.54314852 -0.4416596  -0.4416596  -0.32600854 -0.32600854
 -0.19546611 -0.19546611 -0.04652627 -0.04652627  0.04652782  0.04652782
  0.1954685   0.1954685   0.32600793  0.32600793  0.44165972  0.44165972
  0.54314544  0.54314544  0.63129189  0.63129189  0.70358978  0.70358978
  0.75649095  0.75649095]
localization_length: 2.6866541293164126
2.707617221212821
W_list: [2.4]
L_list: [21.660937769702567]
