W: 4.0
num_iter: 0
[-1.02148539 -1.02148539 -1.01044044 -1.01044044 -0.99859801 -0.99859801
 -0.986128   -0.986128   -0.972096   -0.972096   -0.9570676  -0.9570676
 -0.94094623 -0.94094623 -0.9239296  -0.9239296  -0.90569914 -0.90569914
 -0.88634802 -0.88634802 -0.86586663 -0.86586663 -0.84431667 -0.84431667
 -0.82112072 -0.82112072 -0.79695136 -0.79695136 -0.77161513 -0.77161513
 -0.74496277 -0.74496277 -0.71663804 -0.71663804 -0.68664322 -0.68664322
 -0.65546576 -0.65546576 -0.62172681 -0.62172681 -0.58723192 -0.58723192
 -0.55061759 -0.55061759 -0.51195441 -0.51195441 -0.47068155 -0.47068155
 -0.42802592 -0.42802592 -0.38294737 -0.38294737 -0.33646389 -0.33646389
 -0.28666402 -0.28666402 -0.23480637 -0.23480637 -0.18140571 -0.18140571
 -0.12353173 -0.12353173 -0.05704514 -0.05704514  0.05704561  0.05704561
  0.12353715  0.12353715  0.18140619  0.18140619  0.23480529  0.23480529
  0.28665537  0.28665537  0.33646396  0.33646396  0.38294116  0.38294116
  0.42802999  0.42802999  0.47067868  0.47067868  0.5119482   0.5119482
  0.55061292  0.55061292  0.5872289   0.5872289   0.62172012  0.62172012
  0.65546996  0.65546996  0.68664144  0.68664144  0.71664242  0.71664242
  0.74496651  0.74496651  0.77162755  0.77162755  0.79695468  0.79695468
  0.82112598  0.82112598  0.84432093  0.84432093  0.86586451  0.86586451
  0.88635298  0.88635298  0.90570296  0.90570296  0.92392221  0.92392221
  0.9409512   0.9409512   0.9570698   0.9570698   0.97209279  0.97209279
  0.98612635  0.98612635  0.998592    0.998592    1.0104387   1.0104387
  1.02148464  1.02148464]
localization_length: 0.5478117692220085
0.543443337064705
W_list: [4.0]
L_list: [17.39018678607056]
