W: 3.4000000000000004
num_iter: 0
[-0.87866567 -0.87866567 -0.86995677 -0.86995677 -0.85979055 -0.85979055
 -0.84849514 -0.84849514 -0.83590363 -0.83590363 -0.82267127 -0.82267127
 -0.80841362 -0.80841362 -0.79259104 -0.79259104 -0.77619646 -0.77619646
 -0.75821222 -0.75821222 -0.73919391 -0.73919391 -0.71883874 -0.71883874
 -0.69812209 -0.69812209 -0.67519475 -0.67519475 -0.65183348 -0.65183348
 -0.62684343 -0.62684343 -0.60068389 -0.60068389 -0.57307096 -0.57307096
 -0.54384975 -0.54384975 -0.51347262 -0.51347262 -0.4818928  -0.4818928
 -0.44840994 -0.44840994 -0.4133879  -0.4133879  -0.37689811 -0.37689811
 -0.33855737 -0.33855737 -0.29836432 -0.29836432 -0.25675685 -0.25675685
 -0.21402678 -0.21402678 -0.17000164 -0.17000164 -0.12435088 -0.12435088
 -0.07750792 -0.07750792 -0.02536011 -0.02536011  0.02536042  0.02536042
  0.0775075   0.0775075   0.12435057  0.12435057  0.16999666  0.16999666
  0.21402904  0.21402904  0.25675147  0.25675147  0.29836738  0.29836738
  0.33855237  0.33855237  0.37689286  0.37689286  0.41338644  0.41338644
  0.44840337  0.44840337  0.4818862   0.4818862   0.51347579  0.51347579
  0.54385186  0.54385186  0.57307302  0.57307302  0.6006849   0.6006849
  0.62685005  0.62685005  0.6518328   0.6518328   0.67519454  0.67519454
  0.6981245   0.6981245   0.71884357  0.71884357  0.73919223  0.73919223
  0.75820768  0.75820768  0.77620252  0.77620252  0.79259327  0.79259327
  0.80841565  0.80841565  0.82267069  0.82267069  0.83591324  0.83591324
  0.84849809  0.84849809  0.85978709  0.85978709  0.86994912  0.86994912
  0.8786697   0.8786697 ]
localization_length: 1.2322502636635575
1.1932817243941884
W_list: [3.4000000000000004]
L_list: [38.18501518061403]
