Norm difference: 1.0
Norm difference: 1.0
1 1
1 2
2 1
2 2
1 1
1 2
2 1
2 2
1 1
1 2
2 1
2 2
1 1
1 2
2 1
2 2
1 1
1 2
2 1
2 2
1 1
1 2
2 1
2 2
1 1
1 2
2 1
2 2
1 1
1 2
2 1
2 2
1 1
1 2
2 1
2 2
1 1
1 2
2 1
2 2
1 1
1 2
2 1
2 2
1 1
1 2
2 1
2 2
1 1
1 2
2 1
2 2
1 1
1 2
2 1
2 2
1 1
1 2
2 1
2 2
1 1
1 2
2 1
2 2
1 1
1 2
2 1
2 2
1 1
1 2
2 1
2 2
1 1
1 2
2 1
2 2
1 1
1 2
2 1
2 2
1 1 1 0.012042100511585973
1 2 1 0.007827800306946648
2 1 1 0.011890712980174271
2 2 1 0.006189159495769181
1 1 2 0.010145720880342199
1 2 2 0.00827434666101576
2 1 2 0.00971532892529039
2 2 2 0.006942681409208331
1 1 3 0.012301897208848884
1 2 3 0.010037260314469294
2 1 3 0.008391425535319994
2 2 3 0.007313365602559553
1 1 4 0.010888170192317552
1 2 4 0.00939038282762611
2 1 4 0.012275097245645262
2 2 4 0.0066669956662888915
1 1 5 0.012058575840374177
1 2 5 0.010472709468921893
2 1 5 0.008063833800043135
2 2 5 0.006276671245107822
1 1 6 0.013048215015649895
1 2 6 0.010614933425736307
2 1 6 0.007125374537126625
2 2 6 0.0077544711945495195
1 1 7 0.01220005113294461
1 2 7 0.008774994521529692
2 1 7 0.008734255479283587
2 2 7 0.007512091976240974
1 1 8 0.012073251358573003
1 2 8 0.007433704967677507
2 1 8 0.008273165624640724
2 2 8 0.006705413534481733
1 1 9 0.01152357607389433
1 2 9 0.010864786849084667
2 1 9 0.007899785980975049
2 2 9 0.00501030072939845
1 1 10 0.009088999295470511
1 2 10 0.0111966319026969
2 1 10 0.008772733264932284
2 2 10 0.006047242211451637
1 1 11 0.00998216502034817
1 2 11 0.008028995877046132
2 1 11 0.00648079785162353
2 2 11 0.00792830941329747
1 1 12 0.010173655819101502
1 2 12 0.011593281603325302
2 1 12 0.005372477227640232
2 2 12 0.006250975220264252
1 1 13 0.009817812749776311
1 2 13 0.011783795548302101
2 1 13 0.006690814007637746
2 2 13 0.006972259106929885
1 1 14 0.01270779763616027
1 2 14 0.008103993163505983
2 1 14 0.0065650672749867234
2 2 14 0.007820989040757707
1 1 15 0.010810781880478595
1 2 15 0.007570136719447107
2 1 15 0.007964491480232505
2 2 15 0.005857515710366024
1 1 16 0.00567355572536052
1 2 16 0.007546486759163423
2 1 16 0.008065205402122478
2 2 16 0.0065420966109383735
1 1 17 0.004793205927455173
1 2 17 0.005431466439067338
2 1 17 0.005442332507245296
2 2 17 0.00607453287975507
1 1 18 0.00511600989350215
1 2 18 0.004633894514134483
2 1 18 0.00427568366746074
2 2 18 0.004233929527342759
1 1 19 0.005868580062317021
1 2 19 0.003372790761140135
2 1 19 0.004052033886622579
2 2 19 0.003160875552564513
1 1 20 0.005284014160413505
1 2 20 0.003861720871105334
2 1 20 0.0028760921360890777
2 2 20 0.003569489169630724
