W: 2.8
num_iter: 0
[-0.81977974 -0.81977974 -0.76639133 -0.76639133 -0.69267073 -0.69267073
 -0.60265174 -0.60265174 -0.49645453 -0.49645453 -0.37254004 -0.37254004
 -0.23018964 -0.23018964 -0.06070562 -0.06070562  0.06070703  0.06070703
  0.23018751  0.23018751  0.37254145  0.37254145  0.49645474  0.49645474
  0.60265528  0.60265528  0.69267134  0.69267134  0.76638841  0.76638841
  0.81977762  0.81977762]
localization_length: 2.0591174836846515
2.072939747642646
W_list: [2.8]
L_list: [16.583517981141167]
