Norm difference: 1.0
Norm difference: 1.0
1 1
1 2
1 3
2 1
2 2
2 3
3 1
3 2
3 3
1 1
1 2
1 3
2 1
2 2
2 3
3 1
3 2
3 3
1 1
1 2
1 3
2 1
2 2
2 3
3 1
3 2
3 3
1 1
1 2
1 3
2 1
2 2
2 3
3 1
3 2
3 3
1 1
1 2
1 3
2 1
2 2
2 3
3 1
3 2
3 3
1 1
1 2
1 3
2 1
2 2
2 3
3 1
3 2
3 3
1 1
1 2
1 3
2 1
2 2
2 3
3 1
3 2
3 3
1 1
1 2
1 3
2 1
2 2
2 3
3 1
3 2
3 3
1 1
1 2
1 3
2 1
2 2
2 3
3 1
3 2
3 3
1 1
1 2
1 3
2 1
2 2
2 3
3 1
3 2
3 3
1 1
1 2
1 3
2 1
2 2
2 3
3 1
3 2
3 3
1 1
1 2
1 3
2 1
2 2
2 3
3 1
3 2
3 3
1 1
1 2
1 3
2 1
2 2
2 3
3 1
3 2
3 3
1 1
1 2
1 3
2 1
2 2
2 3
3 1
3 2
3 3
1 1
1 2
1 3
2 1
2 2
2 3
3 1
3 2
3 3
1 1
1 2
1 3
2 1
2 2
2 3
3 1
3 2
3 3
1 1
1 2
1 3
2 1
2 2
2 3
3 1
3 2
3 3
1 1
1 2
1 3
2 1
2 2
2 3
3 1
3 2
3 3
1 1
1 2
1 3
2 1
2 2
2 3
3 1
3 2
3 3
1 1
1 2
1 3
2 1
2 2
2 3
3 1
3 2
3 3
1 1 1 0.012275531914040815
1 2 1 0.010079569706808369
1 3 1 0.009022657783905909
2 1 1 0.007168374176787215
2 2 1 0.00796391199728617
2 3 1 0.007902856087915008
3 1 1 0.007592742606476552
3 2 1 0.00677436840268524
3 3 1 0.008408453201156147
1 1 2 0.013050537237437293
1 2 2 0.009147849980700085
1 3 2 0.010672066581648631
2 1 2 0.008460228858620616
2 2 2 0.005323797096159349
2 3 2 0.008008056304407271
3 1 2 0.008703902631569482
3 2 2 0.006169684112355478
3 3 2 0.007477264446341095
1 1 3 0.01304584552774139
1 2 3 0.011305956281399748
1 3 3 0.010791197131129932
2 1 3 0.010487816179528361
2 2 3 0.005957032883997075
2 3 3 0.007454697226932205
3 1 3 0.009707555437533464
3 2 3 0.007748931165990155
3 3 3 0.006468805132776455
1 1 4 0.012471103874779649
1 2 4 0.009521311039220721
1 3 4 0.011145007786875652
2 1 4 0.007909641271388346
2 2 4 0.005206361665010699
2 3 4 0.005221042985140245
3 1 4 0.009799841950113655
3 2 4 0.006443589307906948
3 3 4 0.0068617594604074
1 1 5 0.01287389634143014
1 2 5 0.010224155169222477
1 3 5 0.01151491638515625
2 1 5 0.007200854599843158
2 2 5 0.005254119019720178
2 3 5 0.0070683189970019294
3 1 5 0.009181259978795448
3 2 5 0.006455682628255796
3 3 5 0.007526255722522859
1 1 6 0.012874551397285541
1 2 6 0.009276418248732158
1 3 6 0.011115932801177147
2 1 6 0.007737488140435458
2 2 6 0.005006728377787253
2 3 6 0.008348855877823325
3 1 6 0.009297052182857379
3 2 6 0.0063529578636717255
3 3 6 0.008407391711356514
1 1 7 0.011746639189152155
1 2 7 0.008317556793662053
1 3 7 0.01099925955116251
2 1 7 0.007503324630105321
2 2 7 0.004998595677715245
2 3 7 0.00770323410065802
3 1 7 0.009173561943211323
3 2 7 0.005707898331609235
3 3 7 0.007497479760788954
1 1 8 0.011464862953241759
1 2 8 0.007129528188059039
1 3 8 0.010558415518828568
2 1 8 0.006510284327584258
2 2 8 0.004408643826050997
2 3 8 0.005643151803907891
3 1 8 0.008169696832691675
3 2 8 0.005484189054157949
3 3 8 0.008437231342328778
1 1 9 0.010845952619740851
1 2 9 0.00676700405106914
1 3 9 0.010610262818984601
2 1 9 0.00691120315966841
2 2 9 0.004954611644146245
2 3 9 0.007093855030341802
3 1 9 0.008425824819546075
3 2 9 0.005676378949546875
3 3 9 0.007560319425790977
1 1 10 0.009255380128671761
1 2 10 0.006984548484698423
1 3 10 0.010350920380126829
2 1 10 0.006234721149808482
2 2 10 0.004832161392771951
2 3 10 0.006689681823457615
3 1 10 0.008344294072112287
3 2 10 0.004864098106963708
3 3 10 0.008267105652149321
1 1 11 0.009301433863261346
1 2 11 0.0063398735878163704
1 3 11 0.010352733313442514
2 1 11 0.005224217915636814
2 2 11 0.004785176634115267
2 3 11 0.006301781600491408
3 1 11 0.0065828032462278445
3 2 11 0.006424471925067833
3 3 11 0.006928893169986268
1 1 12 0.009689517058173638
1 2 12 0.006453391661792947
1 3 12 0.010200361383048966
2 1 12 0.006481484478385297
2 2 12 0.0041029361909073825
2 3 12 0.006874411227611198
3 1 12 0.008239003547100058
3 2 12 0.004698750179915688
3 3 12 0.007486297164041335
1 1 13 0.008821357582339723
1 2 13 0.005840593919323277
1 3 13 0.00959426456299557
2 1 13 0.007497597719397393
2 2 13 0.0042617982909851524
2 3 13 0.006345130767498308
3 1 13 0.007768239596971711
3 2 13 0.006041733099484036
3 3 13 0.008460205039598025
1 1 14 0.009021777134091507
1 2 14 0.005711977809784864
1 3 14 0.008680083728065419
2 1 14 0.0059379076415409454
2 2 14 0.003320483788934323
2 3 14 0.0055802848887546086
3 1 14 0.007962533449837354
3 2 14 0.004701327908824717
3 3 14 0.006693418871910365
1 1 15 0.00853660653150363
1 2 15 0.005448187866862697
1 3 15 0.00840149192082065
2 1 15 0.0059297485198644105
2 2 15 0.0033565123897187884
2 3 15 0.004565788557421788
3 1 15 0.007974582653762656
3 2 15 0.005344224804738546
3 3 15 0.00747502957829544
1 1 16 0.007998453099068537
1 2 16 0.005589305253425289
1 3 16 0.008390109656337469
2 1 16 0.006238108505572085
2 2 16 0.004178343499474051
2 3 16 0.005093993984499002
3 1 16 0.007327476386097827
3 2 16 0.0046257349487838105
3 3 16 0.007013205089997095
1 1 17 0.00791508058476101
1 2 17 0.00535877644992659
1 3 17 0.007672569321586241
2 1 17 0.004302470447655501
2 2 17 0.0032607653095052098
2 3 17 0.005026415305971523
3 1 17 0.007036980283621613
3 2 17 0.0049347488006111885
3 3 17 0.006640420626721756
1 1 18 0.007185669311994025
1 2 18 0.004906322703006849
1 3 18 0.0074119305379615865
2 1 18 0.0032956702516813174
2 2 18 0.0031543115624392036
2 3 18 0.0056214598039867406
3 1 18 0.005696556844926946
3 2 18 0.004254314811184573
3 3 18 0.00725886969055414
1 1 19 0.005963489988846262
1 2 19 0.005090674654220286
1 3 19 0.007201854180169181
2 1 19 0.004358785193494643
2 2 19 0.0034705235589110135
2 3 19 0.005608824131596389
3 1 19 0.005432268314695022
3 2 19 0.004891338638474961
3 3 19 0.005845450829698484
1 1 20 0.005900102504784271
1 2 20 0.004174353557497259
1 3 20 0.0067067071120946705
2 1 20 0.004779500749967097
2 2 20 0.003792498770494776
2 3 20 0.003937448016639449
3 1 20 0.0055022034985178925
3 2 20 0.003987952600952213
3 3 20 0.006505618441704912
