W: 4.0
num_iter: 0
[-0.97610906 -0.97610906 -0.95476543 -0.95476543 -0.92930517 -0.92930517
 -0.89963197 -0.89963197 -0.86565946 -0.86565946 -0.82743305 -0.82743305
 -0.78424822 -0.78424822 -0.73574295 -0.73574295 -0.68174966 -0.68174966
 -0.62048455 -0.62048455 -0.55365175 -0.55365175 -0.47807041 -0.47807041
 -0.39434525 -0.39434525 -0.30172447 -0.30172447 -0.19959917 -0.19959917
 -0.07950551 -0.07950551  0.07950631  0.07950631  0.19960399  0.19960399
  0.30172742  0.30172742  0.39434279  0.39434279  0.47806459  0.47806459
  0.55365192  0.55365192  0.62048632  0.62048632  0.68175564  0.68175564
  0.73574469  0.73574469  0.78425059  0.78425059  0.82743154  0.82743154
  0.8656577   0.8656577   0.89962709  0.89962709  0.92930544  0.92930544
  0.95476287  0.95476287  0.97610719  0.97610719]
localization_length: 0.7861090366045875
0.7849464935001784
W_list: [4.0]
L_list: [12.559143896002855]
