[-2.41421356 -1.         -1.         -0.41421356  0.41421356  1.
  1.          2.41421356]
W: 2.0
num_iter: 0
[-0.50845015 -0.48079961 -0.4517245  -0.42183382 -0.3913479  -0.36015209
 -0.32915843 -0.29819587 -0.26672566 -0.23493153 -0.20454192 -0.17283286
 -0.13974654 -0.10685141 -0.07295988 -0.0368825   0.03688517  0.07296414
  0.10685117  0.13974687  0.17281781  0.20455148  0.23492726  0.26672066
  0.29820836  0.32914568  0.36015569  0.39134937  0.42184611  0.45171634
  0.48080081  0.5084478 ]
localization_length: 1.6945704292763906
1.7044118117327438
W_list: [2.0]
L_list: [1.7044118117327438]
[-2.41421356 -1.         -1.         -0.41421356  0.41421356  1.
  1.          2.41421356]
W: 2.0
num_iter: 0
[-0.50973839 -0.48145005 -0.45295474 -0.42210666 -0.39132765 -0.35977481
 -0.32883702 -0.29822823 -0.2671662  -0.23568795 -0.2045534  -0.17300846
 -0.14022189 -0.10758641 -0.07273281 -0.0368647   0.03686542  0.07273391
  0.10758731  0.14022163  0.17299473  0.20456229  0.23569662  0.26716684
  0.29822068  0.32882906  0.35978649  0.39132994  0.42210391  0.45294078
  0.48145628  0.50974349]
localization_length: 1.6953888193670876
1.7332613938057089
W_list: [2.0]
L_list: [1.7332613938057089]
