W: 1.0
num_iter: 0
[-1.1184163  -1.1184163  -1.07694027 -1.07694027 -1.00555987 -1.00555987
 -0.88650101 -0.88650101 -0.69491754 -0.69491754 -0.43272138 -0.43272138
 -0.21330498 -0.21330498 -0.04542654 -0.04542654  0.04542547  0.04542547
  0.21330817  0.21330817  0.43272162  0.43272162  0.69491554  0.69491554
  0.88649958  0.88649958  1.00556069  1.00556069  1.07694055  1.07694055
  1.11841629  1.11841629]
localization_length: 2.7517604748487487
2.765407931018379
W_list: [1.0]
L_list: [22.123263448147032]
