W: 3.4000000000000004
num_iter: 0
[-0.87496965 -0.87496965 -0.85466908 -0.85466908 -0.83007589 -0.83007589
 -0.80082313 -0.80082313 -0.76739108 -0.76739108 -0.72965074 -0.72965074
 -0.68701835 -0.68701835 -0.63989063 -0.63989063 -0.58739473 -0.58739473
 -0.52946667 -0.52946667 -0.46559004 -0.46559004 -0.39550467 -0.39550467
 -0.31877383 -0.31877383 -0.23571651 -0.23571651 -0.14694501 -0.14694501
 -0.04543286 -0.04543286  0.04543227  0.04543227  0.14694437  0.14694437
  0.23572102  0.23572102  0.31877324  0.31877324  0.39550599  0.39550599
  0.46558658  0.46558658  0.52946413  0.52946413  0.58739509  0.58739509
  0.63988943  0.63988943  0.68701614  0.68701614  0.72965338  0.72965338
  0.76738589  0.76738589  0.80082289  0.80082289  0.83007894  0.83007894
  0.85467225  0.85467225  0.87497125  0.87497125]
localization_length: 1.3756741577977734
1.3834457587073892
W_list: [3.4000000000000004]
L_list: [22.135132139318227]
