Norm difference: 1.0
Norm difference: 1.0
1 1
1 2
2 1
2 2
1 1
1 2
2 1
2 2
1 1
1 2
2 1
2 2
1 1
1 2
2 1
2 2
1 1
1 2
2 1
2 2
1 1
1 2
2 1
2 2
1 1
1 2
2 1
2 2
1 1
1 2
2 1
2 2
1 1
1 2
2 1
2 2
1 1
1 2
2 1
2 2
1 1
1 2
2 1
2 2
1 1
1 2
2 1
2 2
1 1
1 2
2 1
2 2
1 1
1 2
2 1
2 2
1 1
1 2
2 1
2 2
1 1
1 2
2 1
2 2
1 1
1 2
2 1
2 2
1 1
1 2
2 1
2 2
1 1
1 2
2 1
2 2
1 1
1 2
2 1
2 2
1 1 1 0.0010623846952181291
1 2 1 0.001998100171003898
2 1 1 0.001782646264400948
2 2 1 0.0018981016109187003
1 1 2 0.0015040257984110456
1 2 2 0.0018068986417510637
2 1 2 0.0015497623596802488
2 2 2 0.0021897784952575137
1 1 3 0.0012049840593526364
1 2 3 0.0015588311448412647
2 1 3 0.0011203424957303048
2 2 3 0.0019139551268724038
1 1 4 0.001127601687105245
1 2 4 0.0015326950062667737
2 1 4 0.0017997793473632858
2 2 4 0.001914194839326112
1 1 5 0.001146263738873579
1 2 5 0.0015728662613576805
2 1 5 0.0012229075869599933
2 2 5 0.0018030094162879693
1 1 6 0.0014153510525103396
1 2 6 0.0014971837306665921
2 1 6 0.0018193523636394083
2 2 6 0.0015476156889459075
1 1 7 0.0013199404145116862
1 2 7 0.001459770734598989
2 1 7 0.0013597865846004897
2 2 7 0.0017467752036337332
1 1 8 0.0012513800885704809
1 2 8 0.002009907216746079
2 1 8 0.0015901864891001527
2 2 8 0.0016290855992427196
1 1 9 0.0010463085413153425
1 2 9 0.0015667277212803306
2 1 9 0.0017483919986770063
2 2 9 0.0018746268986547202
1 1 10 0.0018064668052451163
1 2 10 0.0013621185461013667
2 1 10 0.0016105461102113867
2 2 10 0.00204729982853928
1 1 11 0.0014303454440149216
1 2 11 0.0016775060314919775
2 1 11 0.0018808609117685518
2 2 11 0.002247609290985829
1 1 12 0.0014015759491169126
1 2 12 0.0016195973064252322
2 1 12 0.0017985879634106327
2 2 12 0.002129557748546706
1 1 13 0.0014700126628859292
1 2 13 0.0017852087886077405
2 1 13 0.0020267560002437826
2 2 13 0.0023728556485224403
1 1 14 0.0019012945798880948
1 2 14 0.0019432950764803072
2 1 14 0.002034534742025875
2 2 14 0.0020602915325538514
1 1 15 0.0014387202355793187
1 2 15 0.0017290843369303925
2 1 15 0.002157492710973396
2 2 15 0.0024626085724123734
1 1 16 0.0019198176224046065
1 2 16 0.0020589237793190726
2 1 16 0.002152675938766532
2 2 16 0.0023907330711607023
1 1 17 0.001679025020371349
1 2 17 0.00184270791809098
2 1 17 0.0021623170214752083
2 2 17 0.0023461397677171027
1 1 18 0.0017949423404462757
1 2 18 0.002063637196011984
2 1 18 0.002274716734317777
2 2 18 0.0025843079523743657
1 1 19 0.0015756740540672164
1 2 19 0.0020582813213350184
2 1 19 0.002130485466425766
2 2 19 0.0021501796358549324
1 1 20 0.0016738050808465844
1 2 20 0.0016698107150599033
2 1 20 0.0020888080696275443
2 2 20 0.0025414667450843185
