W: 1.0
num_iter: 0
[-1.12720935 -1.12720935 -1.12053331 -1.12053331 -1.11279259 -1.11279259
 -1.10396204 -1.10396204 -1.09358277 -1.09358277 -1.08130815 -1.08130815
 -1.06762328 -1.06762328 -1.05175889 -1.05175889 -1.03398784 -1.03398784
 -1.01353645 -1.01353645 -0.99061548 -0.99061548 -0.96440944 -0.96440944
 -0.9350461  -0.9350461  -0.90164303 -0.90164303 -0.86389268 -0.86389268
 -0.82148046 -0.82148046 -0.77297417 -0.77297417 -0.71968326 -0.71968326
 -0.66096735 -0.66096735 -0.59760561 -0.59760561 -0.53067264 -0.53067264
 -0.46354901 -0.46354901 -0.39923483 -0.39923483 -0.34008175 -0.34008175
 -0.28695804 -0.28695804 -0.23888797 -0.23888797 -0.19497998 -0.19497998
 -0.1542445  -0.1542445  -0.11586713 -0.11586713 -0.0792187  -0.0792187
 -0.04438465 -0.04438465 -0.00955926 -0.00955926  0.00955917  0.00955917
  0.04438356  0.04438356  0.07921541  0.07921541  0.11586543  0.11586543
  0.15424784  0.15424784  0.19498283  0.19498283  0.23889111  0.23889111
  0.28695775  0.28695775  0.34008373  0.34008373  0.399236    0.399236
  0.46355147  0.46355147  0.53067648  0.53067648  0.59760345  0.59760345
  0.660969    0.660969    0.71968319  0.71968319  0.77297258  0.77297258
  0.82147625  0.82147625  0.86388927  0.86388927  0.90164169  0.90164169
  0.93504138  0.93504138  0.96440512  0.96440512  0.99061186  0.99061186
  1.01353869  1.01353869  1.03398414  1.03398414  1.05176122  1.05176122
  1.06762383  1.06762383  1.08131737  1.08131737  1.09358217  1.09358217
  1.1039607   1.1039607   1.11279044  1.11279044  1.12053872  1.12053872
  1.12720885  1.12720885]
localization_length: 3.2691137147683054
3.2696710306118266
W_list: [1.0]
L_list: [104.62947297957845]
