[-2.41421356 -1.         -1.         -0.41421356  0.41421356  1.
  1.          2.41421356]
W: 3.8000000000000003
num_iter: 0
[-0.87498193 -0.81691512 -0.74940857 -0.66875934 -0.57646285 -0.4715409
 -0.34770555 -0.20014329  0.20014425  0.34770275  0.47154043  0.57645915
  0.66875648  0.74941072  0.81692504  0.87497872]
localization_length: 0.624552526558447
0.6258191039721005
W_list: [3.8000000000000003]
L_list: [0.6258191039721005]
[-2.41421356 -1.         -1.         -0.41421356  0.41421356  1.
  1.          2.41421356]
W: 3.8000000000000003
num_iter: 0
[-0.8751641  -0.8156734  -0.74846119 -0.66841345 -0.57679161 -0.47000659
 -0.34817253 -0.19848176  0.19847602  0.34817501  0.4700038   0.57678747
  0.66841289  0.74846812  0.81567621  0.87516512]
localization_length: 0.6297990190209608
0.6325612721602827
W_list: [3.8000000000000003]
L_list: [0.6325612721602827]
