W: 3.6
num_iter: 0
[-0.94557094 -0.94557094 -0.89067273 -0.89067273 -0.81701109 -0.81701109
 -0.72529283 -0.72529283 -0.61391459 -0.61391459 -0.47707036 -0.47707036
 -0.31195972 -0.31195972 -0.10497716 -0.10497716  0.10497994  0.10497994
  0.31196069  0.31196069  0.47706264  0.47706264  0.61392027  0.61392027
  0.7252872   0.7252872   0.81701119  0.81701119  0.89068243  0.89068243
  0.94556504  0.94556504]
localization_length: 1.1907352418104018
1.1902074709970165
W_list: [3.6]
L_list: [9.521659767976132]
