Norm difference: 1.0
Norm difference: 1.0
1 1
1 2
2 1
2 2
1 1
1 2
2 1
2 2
1 1
1 2
2 1
2 2
1 1
1 2
2 1
2 2
1 1
1 2
2 1
2 2
1 1
1 2
2 1
2 2
1 1
1 2
2 1
2 2
1 1
1 2
2 1
2 2
1 1
1 2
2 1
2 2
1 1
1 2
2 1
2 2
1 1
1 2
2 1
2 2
1 1
1 2
2 1
2 2
1 1
1 2
2 1
2 2
1 1
1 2
2 1
2 2
1 1
1 2
2 1
2 2
1 1
1 2
2 1
2 2
1 1
1 2
2 1
2 2
1 1
1 2
2 1
2 2
1 1
1 2
2 1
2 2
1 1
1 2
2 1
2 2
1 1 1 0.0071161743122379415
1 2 1 0.008136242034528552
2 1 1 0.006815845653600589
2 2 1 0.008340293813752035
1 1 2 0.005239957151995612
1 2 2 0.007760199858864558
2 1 2 0.005495551454528569
2 2 2 0.00603256542106088
1 1 3 0.006060852590020817
1 2 3 0.008455698343731177
2 1 3 0.007162267394006015
2 2 3 0.007863498896524598
1 1 4 0.00544403276350566
1 2 4 0.006381255005805632
2 1 4 0.0056518005708308325
2 2 4 0.007061052041877326
1 1 5 0.0078032618306620215
1 2 5 0.007112798993122041
2 1 5 0.006887015365449885
2 2 5 0.006677725417412841
1 1 6 0.007409396495061654
1 2 6 0.006318246249166162
2 1 6 0.006196031743444502
2 2 6 0.005723181561639304
1 1 7 0.0063681267845262235
1 2 7 0.007497857825848617
2 1 7 0.0061315854804215334
2 2 7 0.008067336489162046
1 1 8 0.006378455685085535
1 2 8 0.008113267592119361
2 1 8 0.005766097195354032
2 2 8 0.006934814883178252
1 1 9 0.004964258642638975
1 2 9 0.007369619738548909
2 1 9 0.005540714203223853
2 2 9 0.005188586493768263
1 1 10 0.005416760424166288
1 2 10 0.0067195180947541636
2 1 10 0.006533368698066018
2 2 10 0.007227841370220865
1 1 11 0.006215051622304885
1 2 11 0.005601224685375857
2 1 11 0.005973047837040441
2 2 11 0.006835711424610043
1 1 12 0.0063111925161370595
1 2 12 0.006414050931315816
2 1 12 0.0055572637435809275
2 2 12 0.005918107277189506
1 1 13 0.005622893398631122
1 2 13 0.00563943509701159
2 1 13 0.004921923618007461
2 2 13 0.006097706505424727
1 1 14 0.004404417161613383
1 2 14 0.0051660267262351855
2 1 14 0.005141115456935097
2 2 14 0.006329901808106905
1 1 15 0.003767722342138769
1 2 15 0.005388419934362348
2 1 15 0.005188159004627676
2 2 15 0.004431136263165845
1 1 16 0.004509350527095387
1 2 16 0.004030932030580604
2 1 16 0.0048526855270965424
2 2 16 0.0044634487092847395
1 1 17 0.0045688084783174505
1 2 17 0.0032661166264806515
2 1 17 0.004298109511233216
2 2 17 0.005194276176017551
1 1 18 0.004107763132456649
1 2 18 0.0040853332054501595
2 1 18 0.003986946125834724
2 2 18 0.003909812541678306
1 1 19 0.0028251203103033503
1 2 19 0.003866248485334265
2 1 19 0.003218940789719276
2 2 19 0.003602669223441739
1 1 20 0.0020110850924102497
1 2 20 0.002743684997370573
2 1 20 0.002832348487674676
2 2 20 0.0037078264139821433
