W: 2.6
num_iter: 0
[-0.7379081  -0.7379081  -0.72969914 -0.72969914 -0.72059191 -0.72059191
 -0.71013313 -0.71013313 -0.69834481 -0.69834481 -0.68565999 -0.68565999
 -0.67194241 -0.67194241 -0.65699    -0.65699    -0.64120823 -0.64120823
 -0.6241479  -0.6241479  -0.60631708 -0.60631708 -0.58777865 -0.58777865
 -0.56811519 -0.56811519 -0.54735086 -0.54735086 -0.52569346 -0.52569346
 -0.50296671 -0.50296671 -0.47933356 -0.47933356 -0.45484835 -0.45484835
 -0.42877418 -0.42877418 -0.40217256 -0.40217256 -0.3740938  -0.3740938
 -0.3450996  -0.3450996  -0.31516645 -0.31516645 -0.28389932 -0.28389932
 -0.25171287 -0.25171287 -0.21878975 -0.21878975 -0.18471108 -0.18471108
 -0.15055596 -0.15055596 -0.11557765 -0.11557765 -0.08058982 -0.08058982
 -0.04586815 -0.04586815 -0.01026484 -0.01026484  0.01026683  0.01026683
  0.04586476  0.04586476  0.08059215  0.08059215  0.11557192  0.11557192
  0.15055514  0.15055514  0.18471433  0.18471433  0.21878306  0.21878306
  0.25171583  0.25171583  0.28389275  0.28389275  0.31517144  0.31517144
  0.34510278  0.34510278  0.37409546  0.37409546  0.40217494  0.40217494
  0.42877927  0.42877927  0.45484364  0.45484364  0.47933153  0.47933153
  0.50296984  0.50296984  0.52568534  0.52568534  0.54734346  0.54734346
  0.56811551  0.56811551  0.58778574  0.58778574  0.60631795  0.60631795
  0.62414848  0.62414848  0.64120989  0.64120989  0.65699735  0.65699735
  0.67193838  0.67193838  0.68566167  0.68566167  0.6983477   0.6983477
  0.71013362  0.71013362  0.72058885  0.72058885  0.72969579  0.72969579
  0.73791014  0.73791014]
localization_length: 3.044371675648792
3.072400904586971
W_list: [2.6]
L_list: [98.31682894678308]
