W: 1.6
num_iter: 0
[-1.14559541 -1.14559541 -1.12730179 -1.12730179 -1.10305165 -1.10305165
 -1.07266912 -1.07266912 -1.03249691 -1.03249691 -0.98171559 -0.98171559
 -0.9186352  -0.9186352  -0.84085512 -0.84085512 -0.74518276 -0.74518276
 -0.63486305 -0.63486305 -0.51780586 -0.51780586 -0.40470864 -0.40470864
 -0.30287698 -0.30287698 -0.20992444 -0.20992444 -0.12213663 -0.12213663
 -0.03147418 -0.03147418  0.03147425  0.03147425  0.12213364  0.12213364
  0.20992427  0.20992427  0.30287885  0.30287885  0.404703    0.404703
  0.51780331  0.51780331  0.63486752  0.63486752  0.74517808  0.74517808
  0.84085979  0.84085979  0.91863778  0.91863778  0.98171108  0.98171108
  1.03249958  1.03249958  1.07267404  1.07267404  1.10305319  1.10305319
  1.1273006   1.1273006   1.14559436  1.14559436]
localization_length: 1.985754738783949
1.9716017150814336
W_list: [1.6]
L_list: [31.545627441302937]
