[-2.41421356 -1.         -1.         -0.41421356  0.41421356  1.
  1.          2.41421356]
W: 2.8
num_iter: 0
[-0.66514195 -0.51251964 -0.3455249  -0.17712624  0.17711964  0.34553166
  0.51251712  0.66514431]
localization_length: 1.4114753367604207
1.4079207025937668
num_iter: 1
[-0.66615203 -0.51436361 -0.3454169  -0.17734192  0.17734178  0.34541284
  0.51436407  0.66615577]
localization_length: 1.4097072557370018
1.402406275462272
num_iter: 2
[-0.66554034 -0.5128381  -0.34650542 -0.17621807  0.17621785  0.34650617
  0.51283751  0.66554041]
localization_length: 1.4186985309543862
1.4232079931789843
W_list: [2.8]
L_list: [1.4111783237450077]
[-2.41421356 -1.         -1.         -0.41421356  0.41421356  1.
  1.          2.41421356]
W: 2.8
num_iter: 0
[-0.66522915 -0.5123648  -0.34562059 -0.17708914  0.17708753  0.34561675
  0.51236943  0.66522997]
localization_length: 1.4117312870778285
1.413213106062419
num_iter: 1
[-0.66486008 -0.51262358 -0.346097   -0.17633812  0.17634736  0.34609083
  0.51263072  0.66484987]
localization_length: 1.4177308873035497
1.4179829955793
num_iter: 2
[-0.66543346 -0.51353855 -0.34554297 -0.17555886  0.17555838  0.34554402
  0.51352927  0.66544218]
localization_length: 1.4240277103385404
1.432556715074156
W_list: [2.8]
L_list: [1.4212509389052916]
