[-2.41421356 -1.         -1.         -0.41421356  0.41421356  1.
  1.          2.41421356]
W: 1.4
num_iter: 0
[-0.35369746 -0.28934947 -0.23215683 -0.184263   -0.14334298 -0.10600241
 -0.06952643 -0.03378786  0.03378922  0.06953027  0.10599888  0.1433401
  0.18425742  0.23216422  0.28935574  0.35369058]
localization_length: 3.6995535333367093
3.642305445513357
W_list: [1.4]
L_list: [3.642305445513357]
[-2.41421356 -1.         -1.         -0.41421356  0.41421356  1.
  1.          2.41421356]
W: 1.4
num_iter: 0
[-0.35365333 -0.28829815 -0.23143393 -0.18457396 -0.14335837 -0.10553596
 -0.06945887 -0.03430436  0.0343021   0.06945857  0.10553601  0.14336237
  0.18457602  0.23142662  0.28830051  0.35365472]
localization_length: 3.6440918086218352
3.6632632722066125
W_list: [1.4]
L_list: [3.6632632722066125]
