W: 2.0
num_iter: 0
[-0.631458   -0.631458   -0.61432924 -0.61432924 -0.59267508 -0.59267508
 -0.56726465 -0.56726465 -0.53809976 -0.53809976 -0.50623539 -0.50623539
 -0.47138608 -0.47138608 -0.4333452  -0.4333452  -0.39247565 -0.39247565
 -0.34816189 -0.34816189 -0.2998618  -0.2998618  -0.24863892 -0.24863892
 -0.19352741 -0.19352741 -0.13641609 -0.13641609 -0.07684622 -0.07684622
 -0.01599045 -0.01599045  0.01599057  0.01599057  0.07684321  0.07684321
  0.13641609  0.13641609  0.1935242   0.1935242   0.24863793  0.24863793
  0.29986424  0.29986424  0.34816316  0.34816316  0.3924737   0.3924737
  0.43334116  0.43334116  0.47139559  0.47139559  0.50623667  0.50623667
  0.53810159  0.53810159  0.56726575  0.56726575  0.59267601  0.59267601
  0.61432311  0.61432311  0.63145884  0.63145884]
localization_length: 3.908582746805042
3.873306112459667
W_list: [2.0]
L_list: [61.97289779935467]
