Norm difference: 1.0
Norm difference: 1.0
1 1
1 2
2 1
2 2
1 1
1 2
2 1
2 2
1 1
1 2
2 1
2 2
1 1
1 2
2 1
2 2
1 1
1 2
2 1
2 2
1 1
1 2
2 1
2 2
1 1
1 2
2 1
2 2
1 1
1 2
2 1
2 2
1 1
1 2
2 1
2 2
1 1
1 2
2 1
2 2
1 1
1 2
2 1
2 2
1 1
1 2
2 1
2 2
1 1
1 2
2 1
2 2
1 1
1 2
2 1
2 2
1 1
1 2
2 1
2 2
1 1
1 2
2 1
2 2
1 1
1 2
2 1
2 2
1 1
1 2
2 1
2 2
1 1
1 2
2 1
2 2
1 1
1 2
2 1
2 2
1 1 1 0.002772058963442933
1 2 1 0.002687988197266232
2 1 1 0.0025833645799990617
2 2 1 0.002167431824043353
1 1 2 0.0023823428122274203
1 2 2 0.002181780776208657
2 1 2 0.0023485772643539017
2 2 2 0.0015717286896744088
1 1 3 0.002731227924818277
1 2 3 0.002139488300625663
2 1 3 0.002198914053820343
2 2 3 0.0023291981300057178
1 1 4 0.0022007528245775393
1 2 4 0.0020078153716328144
2 1 4 0.0017512600348307532
2 2 4 0.0013816921600044586
1 1 5 0.0022675752297703932
1 2 5 0.0021225113102651028
2 1 5 0.0025103187533672914
2 2 5 0.002569634442902444
1 1 6 0.002428860998348837
1 2 6 0.0020803972527510496
2 1 6 0.0018576473536584329
2 2 6 0.0016957445186542442
1 1 7 0.0028344200616754723
1 2 7 0.0030941372667705053
2 1 7 0.0026294937104323754
2 2 7 0.0025728257693856484
1 1 8 0.003017313302309678
1 2 8 0.002608840373499189
2 1 8 0.0024147595829972237
2 2 8 0.0021602760149882034
1 1 9 0.0029831463000935003
1 2 9 0.0029291374584418843
2 1 9 0.0025198027728277096
2 2 9 0.003102910672076786
1 1 10 0.0032163201068215338
1 2 10 0.0027960434170129617
2 1 10 0.002510812599549743
2 2 10 0.002457951165346545
1 1 11 0.002728308746202835
1 2 11 0.003240193858836597
2 1 11 0.0024696458694893355
2 2 11 0.0023694613929785687
1 1 12 0.002294903740258937
1 2 12 0.003084977020274247
2 1 12 0.0027904582180352682
2 2 12 0.0025412521984307774
1 1 13 0.0024432614998286225
1 2 13 0.0024166155898268887
2 1 13 0.0017841717470697734
2 2 13 0.0028462542403219246
1 1 14 0.0025922808898908582
1 2 14 0.003186407037020264
2 1 14 0.0019581936051431383
2 2 14 0.0029757424124720096
1 1 15 0.002708084216293926
1 2 15 0.0032780716925119337
2 1 15 0.0026988562324851426
2 2 15 0.0023382370719313835
1 1 16 0.0031541887107003792
1 2 16 0.0031541114011228106
2 1 16 0.002663523031555639
2 2 16 0.00305686556386527
1 1 17 0.0027536564981946996
1 2 17 0.003973738464282368
2 1 17 0.0026706353367504055
2 2 17 0.0029273085701396013
1 1 18 0.0027376655988368935
1 2 18 0.003464009955562655
2 1 18 0.002627328972912175
2 2 18 0.002636656241110774
1 1 19 0.003340654536638948
1 2 19 0.0033756734955694354
2 1 19 0.002089713792880434
2 2 19 0.00365510487158086
1 1 20 0.002643705342956502
1 2 20 0.003157483605195091
2 1 20 0.0020066513466111264
2 2 20 0.0020823533454675074
