[-2.41421356 -1.         -1.         -0.41421356  0.41421356  1.
  1.          2.41421356]
W: 3.0
num_iter: 0
[-0.74141848 -0.72753538 -0.71433744 -0.69992394 -0.68520415 -0.67028272
 -0.65457932 -0.63776819 -0.62085662 -0.6034126  -0.58607791 -0.56707619
 -0.54842576 -0.52877312 -0.50939166 -0.48900662 -0.46810682 -0.44676979
 -0.42464079 -0.40247245 -0.37957349 -0.35633156 -0.33202492 -0.30729505
 -0.28161672 -0.25533769 -0.22752825 -0.19919756 -0.16748699 -0.13532858
 -0.09982103 -0.05720366  0.05720538  0.0998194   0.13532518  0.1675017
  0.19919316  0.22752368  0.25531835  0.28161971  0.3072953   0.3320219
  0.35632783  0.37957945  0.40245394  0.42464939  0.44678258  0.46810829
  0.48901075  0.50938711  0.52877987  0.54842986  0.56706384  0.58607733
  0.60341617  0.62086998  0.63776075  0.65457565  0.67028621  0.68520707
  0.69992957  0.71433709  0.72752978  0.74141916]
localization_length: 0.5462937105159565
0.5468253073008178
W_list: [3.0]
L_list: [0.5468253073008178]
[-2.41421356 -1.         -1.         -0.41421356  0.41421356  1.
  1.          2.41421356]
W: 3.0
num_iter: 0
[-0.74122141 -0.72791105 -0.71432966 -0.70008147 -0.68531918 -0.67017193
 -0.65439149 -0.6375589  -0.62111791 -0.60377752 -0.58597945 -0.56723742
 -0.54819495 -0.52925864 -0.50907367 -0.48913231 -0.46830423 -0.44731311
 -0.42485915 -0.40265879 -0.37916952 -0.35592721 -0.33192222 -0.30715671
 -0.28172426 -0.25514476 -0.22794562 -0.19915525 -0.16840624 -0.13522421
 -0.0994882  -0.05716654  0.05717041  0.09947822  0.13521694  0.16839742
  0.19916472  0.22795058  0.25513544  0.28173838  0.30714464  0.3319343
  0.35593763  0.37916425  0.40266694  0.42487053  0.44730076  0.46830173
  0.48913433  0.50908261  0.52926216  0.54820177  0.56723691  0.58595743
  0.60379546  0.62110998  0.63755413  0.65438696  0.6701755   0.68533109
  0.70007658  0.71431873  0.72791083  0.7412156 ]
localization_length: 0.5466484437079366
0.5460350562661953
W_list: [3.0]
L_list: [0.5460350562661953]
