Norm difference: 0.9999999999999999
Norm difference: 1.0
1 1
1 2
2 1
2 2
1 1
1 2
2 1
2 2
1 1
1 2
2 1
2 2
1 1
1 2
2 1
2 2
1 1
1 2
2 1
2 2
1 1
1 2
2 1
2 2
1 1
1 2
2 1
2 2
1 1
1 2
2 1
2 2
1 1
1 2
2 1
2 2
1 1
1 2
2 1
2 2
1 1
1 2
2 1
2 2
1 1
1 2
2 1
2 2
1 1
1 2
2 1
2 2
1 1
1 2
2 1
2 2
1 1
1 2
2 1
2 2
1 1
1 2
2 1
2 2
1 1
1 2
2 1
2 2
1 1
1 2
2 1
2 2
1 1
1 2
2 1
2 2
1 1
1 2
2 1
2 2
1 1 1 0.0057287211224974635
1 2 1 0.0064964207247797156
2 1 1 0.004567797024511319
2 2 1 0.0050436797361747675
1 1 2 0.004014805884934643
1 2 2 0.006283333907575087
2 1 2 0.005141226961648477
2 2 2 0.00572463878625083
1 1 3 0.005460614640130893
1 2 3 0.005809522817031116
2 1 3 0.007078251719226217
2 2 3 0.006177304885306909
1 1 4 0.004582640087673147
1 2 4 0.005650298367593098
2 1 4 0.005572881017349238
2 2 4 0.006861717795081966
1 1 5 0.006476138590091854
1 2 5 0.007643110414695615
2 1 5 0.007418681846252198
2 2 5 0.006116460235953943
1 1 6 0.007459276832238219
1 2 6 0.00631214379571419
2 1 6 0.0054318114809917065
2 2 6 0.0057307962520375235
1 1 7 0.00787310606366817
1 2 7 0.004588435160837815
2 1 7 0.006834202057532238
2 2 7 0.005662985955698935
1 1 8 0.0066776577281832715
1 2 8 0.005753990444650978
2 1 8 0.005357113531954894
2 2 8 0.006429074119614081
1 1 9 0.006767188127289704
1 2 9 0.006477752846978965
2 1 9 0.007899793728866742
2 2 9 0.006795846835717158
1 1 10 0.005266225272852612
1 2 10 0.00621649032920234
2 1 10 0.006428931742222359
2 2 10 0.00568263244500117
1 1 11 0.00672589769717005
1 2 11 0.006824961889152624
2 1 11 0.008319656950770712
2 2 11 0.005650877657964278
1 1 12 0.006390285407728416
1 2 12 0.005251456813363365
2 1 12 0.005705869796147045
2 2 12 0.005921918364320583
1 1 13 0.007076647947784337
1 2 13 0.004169634328010036
2 1 13 0.006585103571824455
2 2 13 0.005153039538453112
1 1 14 0.006086931409325175
1 2 14 0.005672295678844902
2 1 14 0.005254085328857498
2 2 14 0.005512532994250896
1 1 15 0.005839766141794085
1 2 15 0.004302756227849987
2 1 15 0.0056934193611668975
2 2 15 0.005075760428710689
1 1 16 0.005673775526293916
1 2 16 0.004536818779107317
2 1 16 0.005092644542606683
2 2 16 0.0046087095379888305
1 1 17 0.00454905289776506
1 2 17 0.004953106222236861
2 1 17 0.005407315373402174
2 2 17 0.003954096233054776
1 1 18 0.004501913910288005
1 2 18 0.004026718533574761
2 1 18 0.004393955513902013
2 2 18 0.0039784740637534965
1 1 19 0.0039465168160215105
1 2 19 0.003210075832729295
2 1 19 0.004926527606829463
2 2 19 0.0037819761197202756
1 1 20 0.004432231601963491
1 2 20 0.00342381992914786
2 1 20 0.004098948102043654
2 2 20 0.0036374916302834093
