W: 4.2
num_iter: 0
[-1.0512134  -1.0512134  -1.04079691 -1.04079691 -1.02899402 -1.02899402
 -1.01609773 -1.01609773 -1.00205947 -1.00205947 -0.98705068 -0.98705068
 -0.97096071 -0.97096071 -0.9538445  -0.9538445  -0.93539432 -0.93539432
 -0.91594929 -0.91594929 -0.89555533 -0.89555533 -0.87398301 -0.87398301
 -0.85132945 -0.85132945 -0.82725551 -0.82725551 -0.80178391 -0.80178391
 -0.77498379 -0.77498379 -0.74656095 -0.74656095 -0.71681208 -0.71681208
 -0.68536961 -0.68536961 -0.65192564 -0.65192564 -0.61685457 -0.61685457
 -0.57975088 -0.57975088 -0.54041852 -0.54041852 -0.49925854 -0.49925854
 -0.45523117 -0.45523117 -0.40924911 -0.40924911 -0.36053286 -0.36053286
 -0.30979011 -0.30979011 -0.25578502 -0.25578502 -0.20010814 -0.20010814
 -0.1393896  -0.1393896  -0.06928344 -0.06928344  0.06928369  0.06928369
  0.13938559  0.13938559  0.20010853  0.20010853  0.25578549  0.25578549
  0.30979512  0.30979512  0.3605329   0.3605329   0.4092465   0.4092465
  0.45522944  0.45522944  0.49925744  0.49925744  0.54041698  0.54041698
  0.57974259  0.57974259  0.61685865  0.61685865  0.65192374  0.65192374
  0.68537564  0.68537564  0.7168145   0.7168145   0.74656225  0.74656225
  0.77498056  0.77498056  0.80178583  0.80178583  0.82724968  0.82724968
  0.85133331  0.85133331  0.87398717  0.87398717  0.89555198  0.89555198
  0.91594753  0.91594753  0.93540504  0.93540504  0.95384465  0.95384465
  0.97096175  0.97096175  0.98704766  0.98704766  1.00205828  1.00205828
  1.01608936  1.01608936  1.02899621  1.02899621  1.04079666  1.04079666
  1.05121755  1.05121755]
localization_length: 0.4510457085992695
0.45597780777512736
W_list: [4.2]
L_list: [14.591289848804076]
