C_list:
0.0007045257427580951 0.2243170014696411
C_list:
0.0006275729354018714 0.23222936717199702
C_list:
0.0006749933975887599 0.24152887876034426
C_list:
0.0006260959272103766 0.2577524604626902
C_list:
0.0006266812812618354 0.26849319522173254
C_list:
0.0006677658318200662 0.30112565270265806
ndim2: 60
W_list: [2.3, 2.4, 2.5, 2.5999999999999996, 2.6999999999999997, 2.8]
L_list: [4.457976851724898, 4.306087607168846, 4.140291650143603, 3.879691383759848, 3.724489178111794, 3.320872835060103]
C_list:
0.0005361763751763305 0.15457821750411194
C_list:
0.0006443398891615154 0.17470810655312047
C_list:
0.000571900339216818 0.17945854920863033
C_list:
0.0005598389895968895 0.19510586301471772
C_list:
0.0005781156566997588 0.20783036061248106
C_list:
0.0005511531265877703 0.22075964460837272
ndim2: 60
W_list: [2.3, 2.4, 2.5, 2.5999999999999996, 2.6999999999999997, 2.8]
L_list: [6.469216789703239, 5.723832853147815, 5.572317420428076, 5.125422601598423, 4.811616536934142, 4.529813416641427]
C_list:
0.0005327260827010131 0.13531497302374815
C_list:
0.0005503302626211919 0.15010670519094657
C_list:
0.0005378216805346989 0.15482593627620553
C_list:
0.0005466924205105217 0.16696861477569425
C_list:
0.0005314989813538864 0.1800798313404223
C_list:
0.0005239697869136279 0.18649256728507524
ndim2: 60
W_list: [2.3, 2.4, 2.5, 2.5999999999999996, 2.6999999999999997, 2.8]
L_list: [7.390165165421104, 6.6619275849664925, 6.458866156740208, 5.989149525756087, 5.553092717582589, 5.362143996180746]
