Norm difference: 1.0
Norm difference: 1.0
1 1
1 2
2 1
2 2
1 1
1 2
2 1
2 2
1 1
1 2
2 1
2 2
1 1
1 2
2 1
2 2
1 1
1 2
2 1
2 2
1 1
1 2
2 1
2 2
1 1
1 2
2 1
2 2
1 1
1 2
2 1
2 2
1 1
1 2
2 1
2 2
1 1
1 2
2 1
2 2
1 1
1 2
2 1
2 2
1 1
1 2
2 1
2 2
1 1
1 2
2 1
2 2
1 1
1 2
2 1
2 2
1 1
1 2
2 1
2 2
1 1
1 2
2 1
2 2
1 1
1 2
2 1
2 2
1 1
1 2
2 1
2 2
1 1
1 2
2 1
2 2
1 1
1 2
2 1
2 2
1 1 1 0.0005468573132371951
1 2 1 0.0005699243924465996
2 1 1 0.0005824260081955145
2 2 1 0.00040454410617093707
1 1 2 0.000710278763220415
1 2 2 0.0006688862027818298
2 1 2 0.0005827415237933209
2 2 2 0.000533507392946486
1 1 3 0.0007041924570546877
1 2 3 0.00045565869258210685
2 1 3 0.0005643206674375504
2 2 3 0.0004639318907061579
1 1 4 0.0007111497226455132
1 2 4 0.0006368547167453374
2 1 4 0.0007587010044900473
2 2 4 0.000529997057466936
1 1 5 0.000879929491968145
1 2 5 0.00044924269782895275
2 1 5 0.0006404524947959888
2 2 5 0.00041591140352437666
1 1 6 0.0008536700128755457
1 2 6 0.0005950339499372428
2 1 6 0.000968963558074146
2 2 6 0.0006182041748801859
1 1 7 0.0009123038584215105
1 2 7 0.0006977428197607052
2 1 7 0.0009586469012871554
2 2 7 0.0006461535215780778
1 1 8 0.0008248763031613495
1 2 8 0.0009899766832830153
2 1 8 0.0009035570667390699
2 2 8 0.000992749730144972
1 1 9 0.0013538358005693951
1 2 9 0.0007959757567097214
2 1 9 0.0013384362509783984
2 2 9 0.0008919950683709182
1 1 10 0.0013159291932627508
1 2 10 0.0008530114912212817
2 1 10 0.0013743523939971245
2 2 10 0.0009811593439406291
1 1 11 0.0012803919242098242
1 2 11 0.0006702923179602905
2 1 11 0.0009194910631802972
2 2 11 0.001056540196508075
1 1 12 0.00119427387835272
1 2 12 0.001088210031210087
2 1 12 0.0010818549530001499
2 2 12 0.0009654454129719995
1 1 13 0.0012169260288268787
1 2 13 0.0011507682058175747
2 1 13 0.000887582700827091
2 2 13 0.000619437824803562
1 1 14 0.0009721766792284769
1 2 14 0.0010231066445357056
2 1 14 0.0012274831530091803
2 2 14 0.0008796352474758908
1 1 15 0.000929558535445393
1 2 15 0.00066614115227259
2 1 15 0.0008559217211734129
2 2 15 0.0009597598085275428
1 1 16 0.0009257272185567457
1 2 16 0.0006178288982126671
2 1 16 0.00070160125653102
2 2 16 0.0007332106903412804
1 1 17 0.0005953119761311998
1 2 17 0.0006131955808478177
2 1 17 0.0006781111193576911
2 2 17 0.0005142742666716458
1 1 18 0.00046830215703978366
1 2 18 0.0005579282569014188
2 1 18 0.0005509079714685316
2 2 18 0.0004574411930137401
1 1 19 0.0004379261458700233
1 2 19 0.0003972037161371891
2 1 19 0.0004345333128711319
2 2 19 0.0004135781966284571
1 1 20 0.00038454813547461966
1 2 20 0.0002732424071432133
2 1 20 0.0003874800112735334
2 2 20 0.0003625479436751119
