W: 2.4
num_iter: 0
[-0.6931783  -0.6931783  -0.64757739 -0.64757739 -0.58547751 -0.58547751
 -0.50854868 -0.50854868 -0.4179122  -0.4179122  -0.31060641 -0.31060641
 -0.18674683 -0.18674683 -0.04340236 -0.04340236  0.04340088  0.04340088
  0.18674909  0.18674909  0.31060577  0.31060577  0.41790939  0.41790939
  0.50854993  0.50854993  0.58547254  0.58547254  0.64758161  0.64758161
  0.69318045  0.69318045]
localization_length: 2.880125754422567
2.8793262881177553
W_list: [2.4]
L_list: [23.034610304942042]
