C_list:
0.0006317821290079258 0.20761693782196036
C_list:
0.0006909715096998849 0.2398026805613774
C_list:
0.0006618872295997546 0.24738362343746756
C_list:
0.0006370568825999826 0.25317993250048965
C_list:
0.0006934199642286773 0.2735618533021845
C_list:
0.000656466741652308 0.282010289426183
ndim2: 60
W_list: [2.3, 2.4, 2.5, 2.5999999999999996, 2.6999999999999997, 2.8]
L_list: [4.81656270673609, 4.170095170158243, 4.042304765791318, 3.9497601177299706, 3.655480425830316, 3.545969907816973]
C_list:
0.0005665831655999929 0.15696027957441075
C_list:
0.0005297236772792441 0.16316220672802692
C_list:
0.0005717876133024059 0.17680821665718469
C_list:
0.0005607826697962077 0.19424868245653115
C_list:
0.0005646897787747761 0.2052882807191202
C_list:
0.0005911410837036127 0.22430100835478795
ndim2: 60
W_list: [2.3, 2.4, 2.5, 2.5999999999999996, 2.6999999999999997, 2.8]
L_list: [6.371038601048912, 6.128870282239365, 5.655845745782904, 5.1480400657223475, 4.871198669972892, 4.458294714476944]
C_list:
0.00054970516544169 0.136155305157981
C_list:
0.0005180912680892391 0.14080901190254483
C_list:
0.0005334872124839115 0.15106559619473098
C_list:
0.0005179682244101472 0.16493503329355858
C_list:
0.0005158328597139255 0.17657379658925393
C_list:
0.00048060439644634904 0.19135335957302924
ndim2: 60
W_list: [2.3, 2.4, 2.5, 2.5999999999999996, 2.6999999999999997, 2.8]
L_list: [7.344554065225002, 7.101818175473803, 6.619640905603357, 6.062993289122247, 5.663354468875133, 5.22593385468288]
