Norm difference: 1.0
Norm difference: 0.9999999999999999
1 1
1 2
2 1
2 2
1 1
1 2
2 1
2 2
1 1
1 2
2 1
2 2
1 1
1 2
2 1
2 2
1 1
1 2
2 1
2 2
1 1
1 2
2 1
2 2
1 1
1 2
2 1
2 2
1 1
1 2
2 1
2 2
1 1
1 2
2 1
2 2
1 1
1 2
2 1
2 2
1 1
1 2
2 1
2 2
1 1
1 2
2 1
2 2
1 1
1 2
2 1
2 2
1 1
1 2
2 1
2 2
1 1
1 2
2 1
2 2
1 1
1 2
2 1
2 2
1 1
1 2
2 1
2 2
1 1
1 2
2 1
2 2
1 1
1 2
2 1
2 2
1 1
1 2
2 1
2 2
1 1 1 0.010954635118049134
1 2 1 0.020269404804510248
2 1 1 0.008374775530428999
2 2 1 0.008809083628076019
1 1 2 0.007616513964328449
1 2 2 0.010320159906131957
2 1 2 0.006684022691617657
2 2 2 0.007446602819575774
1 1 3 0.004636255024796908
1 2 3 0.006339407080257933
2 1 3 0.0035053411483704456
2 2 3 0.003986052798279726
1 1 4 0.0037618063891668705
1 2 4 0.005031432413688133
2 1 4 0.004006676519398364
2 2 4 0.0026655550429230263
1 1 5 0.003505341106116059
1 2 5 0.0020212898113397197
2 1 5 0.0021101729727341775
2 2 5 0.0019776144483495323
1 1 6 0.0038986439424087823
1 2 6 0.0025350594366204365
2 1 6 0.0036785944123673238
2 2 6 0.002725136741575187
1 1 7 0.003244112907465229
1 2 7 0.0019962296509518085
2 1 7 0.0025736166645160363
2 2 7 0.0024533252628386876
1 1 8 0.003754795498272322
1 2 8 0.003296550754609439
2 1 8 0.0017519276422287727
2 2 8 0.0029975729481040037
1 1 9 0.001985096128155295
1 2 9 0.003662096280602347
2 1 9 0.001647254697258778
2 2 9 0.0018579146734767939
1 1 10 0.001461161563316141
1 2 10 0.002473272497687135
2 1 10 0.001578600505791717
2 2 10 0.0016935044245046619
1 1 11 0.0013120944978759063
1 2 11 0.0016774248427412354
2 1 11 0.0011034813657890112
2 2 11 0.001560376028689967
1 1 12 0.0015489185707327313
1 2 12 0.0015876924922057964
2 1 12 0.001439198541683629
2 2 12 0.0010008755146899315
1 1 13 0.0013788630050654924
1 2 13 0.0010423420939163989
2 1 13 0.001007656764219006
2 2 13 0.0013103814990373885
1 1 14 0.0012798769856958885
1 2 14 0.0013018994700359436
2 1 14 0.0012740937623487367
2 2 14 0.0009745345860895122
1 1 15 0.0011716183111747645
1 2 15 0.0011282139327165545
2 1 15 0.0014816663733008535
2 2 15 0.0009537131965625632
1 1 16 0.0015892218508757635
1 2 16 0.000997786992874321
2 1 16 0.001285460221586088
2 2 16 0.0011732960920358207
1 1 17 0.0015651803536581431
1 2 17 0.0010773084506845846
2 1 17 0.0011660057360518684
2 2 17 0.0009470692230070272
1 1 18 0.0014251321346227838
1 2 18 0.0011916884843932913
2 1 18 0.0012901104566480233
2 2 18 0.0010686513241818872
1 1 19 0.0011944001864988385
1 2 19 0.0010133239488576743
2 1 19 0.001221531209398535
2 2 19 0.0011833857415378501
1 1 20 0.0008537164164257229
1 2 20 0.0010250568082374937
2 1 20 0.001053469710018612
2 2 20 0.0009485021542261624
