Norm difference: 1.0
Norm difference: 1.0
1 1
1 2
2 1
2 2
1 1
1 2
2 1
2 2
1 1
1 2
2 1
2 2
1 1
1 2
2 1
2 2
1 1
1 2
2 1
2 2
1 1
1 2
2 1
2 2
1 1
1 2
2 1
2 2
1 1
1 2
2 1
2 2
1 1
1 2
2 1
2 2
1 1
1 2
2 1
2 2
1 1
1 2
2 1
2 2
1 1
1 2
2 1
2 2
1 1
1 2
2 1
2 2
1 1
1 2
2 1
2 2
1 1
1 2
2 1
2 2
1 1
1 2
2 1
2 2
1 1
1 2
2 1
2 2
1 1
1 2
2 1
2 2
1 1
1 2
2 1
2 2
1 1
1 2
2 1
2 2
1 1 1 0.00837359237155662
1 2 1 0.00792852466694358
2 1 1 0.008566407435807489
2 2 1 0.007142936180922305
1 1 2 0.007536406573412488
1 2 2 0.007234750700718972
2 1 2 0.007203996709244318
2 2 2 0.007921190247926773
1 1 3 0.005942169090203935
1 2 3 0.0070591069098828885
2 1 3 0.007127968082330398
2 2 3 0.0061124015410192745
1 1 4 0.006407190070269739
1 2 4 0.007156300241711469
2 1 4 0.006317853983957662
2 2 4 0.004332392748320345
1 1 5 0.006822683040443411
1 2 5 0.005118614110802817
2 1 5 0.0040587249262376114
2 2 5 0.0061195618352935756
1 1 6 0.005030916423846433
1 2 6 0.005162197340103992
2 1 6 0.005206548675893878
2 2 6 0.003860722688268466
1 1 7 0.004353177587309328
1 2 7 0.005338424192494596
2 1 7 0.004474810665754354
2 2 7 0.004985760487780418
1 1 8 0.004030479219310479
1 2 8 0.005010034791962497
2 1 8 0.004207046774241495
2 2 8 0.004336925973447508
1 1 9 0.004957781807679386
1 2 9 0.005827015230986004
2 1 9 0.004456067774487182
2 2 9 0.00449164401278515
1 1 10 0.006587656537060666
1 2 10 0.0051880531398057275
2 1 10 0.004044248259826426
2 2 10 0.0054763576735307904
1 1 11 0.005769220602463274
1 2 11 0.007409740015257726
2 1 11 0.004443952114810574
2 2 11 0.004976421913369952
1 1 12 0.0048777640611204764
1 2 12 0.007365643682836119
2 1 12 0.005435332738037085
2 2 12 0.006669594055482753
1 1 13 0.006223692375934941
1 2 13 0.00831512569579243
2 1 13 0.00505737616481536
2 2 13 0.006429610581903711
1 1 14 0.0068891217369373425
1 2 14 0.006492228062301093
2 1 14 0.005846694312983061
2 2 14 0.005328767500454138
1 1 15 0.006667355858146708
1 2 15 0.0056621379242928664
2 1 15 0.004540584291886266
2 2 15 0.0063738034499477335
1 1 16 0.004699593779856979
1 2 16 0.005924169156075438
2 1 16 0.004822483925247618
2 2 16 0.003573146937085361
1 1 17 0.005083081181476102
1 2 17 0.0039951247613213255
2 1 17 0.004528654059070579
2 2 17 0.004905260489291192
1 1 18 0.004480216009076681
1 2 18 0.00504949406391992
2 1 18 0.0031279812692201446
2 2 18 0.003398036899462027
1 1 19 0.003469833695538719
1 2 19 0.004612516169826344
2 1 19 0.0034357383752523416
2 2 19 0.004488929262525426
1 1 20 0.0034621235013352026
1 2 20 0.004941937148955964
2 1 20 0.0029360298467055197
2 2 20 0.0037977976895083496
