Norm difference: 1.0
Norm difference: 1.0000000000000002
1 1
1 2
1 3
2 1
2 2
2 3
3 1
3 2
3 3
1 1
1 2
1 3
2 1
2 2
2 3
3 1
3 2
3 3
1 1
1 2
1 3
2 1
2 2
2 3
3 1
3 2
3 3
1 1
1 2
1 3
2 1
2 2
2 3
3 1
3 2
3 3
1 1
1 2
1 3
2 1
2 2
2 3
3 1
3 2
3 3
1 1
1 2
1 3
2 1
2 2
2 3
3 1
3 2
3 3
1 1
1 2
1 3
2 1
2 2
2 3
3 1
3 2
3 3
1 1
1 2
1 3
2 1
2 2
2 3
3 1
3 2
3 3
1 1
1 2
1 3
2 1
2 2
2 3
3 1
3 2
3 3
1 1
1 2
1 3
2 1
2 2
2 3
3 1
3 2
3 3
1 1
1 2
1 3
2 1
2 2
2 3
3 1
3 2
3 3
1 1
1 2
1 3
2 1
2 2
2 3
3 1
3 2
3 3
1 1
1 2
1 3
2 1
2 2
2 3
3 1
3 2
3 3
1 1
1 2
1 3
2 1
2 2
2 3
3 1
3 2
3 3
1 1
1 2
1 3
2 1
2 2
2 3
3 1
3 2
3 3
1 1
1 2
1 3
2 1
2 2
2 3
3 1
3 2
3 3
1 1
1 2
1 3
2 1
2 2
2 3
3 1
3 2
3 3
1 1
1 2
1 3
2 1
2 2
2 3
3 1
3 2
3 3
1 1
1 2
1 3
2 1
2 2
2 3
3 1
3 2
3 3
1 1
1 2
1 3
2 1
2 2
2 3
3 1
3 2
3 3
1 1 1 0.010168596150493286
1 2 1 0.0060201175972751444
1 3 1 0.011924349352525255
2 1 1 0.009391167368871493
2 2 1 0.0065330307982810806
2 3 1 0.011730599175865823
3 1 1 0.012772468155722546
3 2 1 0.010708279739306974
3 3 1 0.015611567924203037
1 1 2 0.01303886837362266
1 2 2 0.0086700004575385
1 3 2 0.009529966449313714
2 1 2 0.01034105177559724
2 2 2 0.010064173905627994
2 3 2 0.008126798938277278
3 1 2 0.012212223203834824
3 2 2 0.010492932281020518
3 3 2 0.012251591136847406
1 1 3 0.010911278178713079
1 2 3 0.006527727207535713
1 3 3 0.010604873963781526
2 1 3 0.010175699642083116
2 2 3 0.005440127633971692
2 3 3 0.008648902756039752
3 1 3 0.014588627204632647
3 2 3 0.009074258340571937
3 3 3 0.01044713583271609
1 1 4 0.010018449601582179
1 2 4 0.007554395162318897
1 3 4 0.012745808661547292
2 1 4 0.01120238274553263
2 2 4 0.009292984994230782
2 3 4 0.009856485469255901
3 1 4 0.012176887787140715
3 2 4 0.008518801078828695
3 3 4 0.009813835254458348
1 1 5 0.008912466809148922
1 2 5 0.005498893918225379
1 3 5 0.011411901507579775
2 1 5 0.009409664241769443
2 2 5 0.00486012305272201
2 3 5 0.009062931788969953
3 1 5 0.011240190607733323
3 2 5 0.008160269382892393
3 3 5 0.009989555242128164
1 1 6 0.008511511467919217
1 2 6 0.007800036419114727
1 3 6 0.010772729950184688
2 1 6 0.00898022376786322
2 2 6 0.00752719999416795
2 3 6 0.010645631017865215
3 1 6 0.010900231569298233
3 2 6 0.007626335254985907
3 3 6 0.010248341035443235
1 1 7 0.007948164026415707
1 2 7 0.005886948141865747
1 3 7 0.010487930252562023
2 1 7 0.008321103325936973
2 2 7 0.004553828685756543
2 3 7 0.009871765155122312
3 1 7 0.008271962059045635
3 2 7 0.0077051026073593236
3 3 7 0.008875879823898914
1 1 8 0.008601580908225886
1 2 8 0.007550018362752047
1 3 8 0.008069192454529781
2 1 8 0.00800334307638988
2 2 8 0.007327732759219945
2 3 8 0.010378626401816544
3 1 8 0.007538608355592702
3 2 8 0.006620715335301066
3 3 8 0.011942822699396111
1 1 9 0.006820189913988158
1 2 9 0.005526061571583267
1 3 9 0.00891631721266402
2 1 9 0.008158738452679374
2 2 9 0.004789033888937986
2 3 9 0.00985929325215836
3 1 9 0.008983473199193067
3 2 9 0.006620224414999652
3 3 9 0.011493733693453481
1 1 10 0.006961847011157629
1 2 10 0.00697952293729729
1 3 10 0.006533453515845941
2 1 10 0.008609271613002671
2 2 10 0.006902305240619179
2 3 10 0.008200211506363145
3 1 10 0.00874743592013517
3 2 10 0.006672219768725912
3 3 10 0.012204119785053948
1 1 11 0.005964319621524291
1 2 11 0.005051548452184311
1 3 11 0.007312353793173182
2 1 11 0.007801271893747147
2 2 11 0.005002308792234284
2 3 11 0.00832317008475675
3 1 11 0.007921507566415232
3 2 11 0.0072023249306048896
3 3 11 0.009332895745542786
1 1 12 0.005226767464026848
1 2 12 0.005544751833744489
1 3 12 0.0076624532550414685
2 1 12 0.007185105661891772
2 2 12 0.00651770264987381
2 3 12 0.0052522072398049815
3 1 12 0.00806356278707079
3 2 12 0.007041872050666316
3 3 12 0.007007196076862787
1 1 13 0.0059655871422862085
1 2 13 0.004748010611182846
1 3 13 0.006416005825006292
2 1 13 0.006477479308698149
2 2 13 0.0051476153482744366
2 3 13 0.006014347520972113
3 1 13 0.007117091111796696
3 2 13 0.005608565427363389
3 3 13 0.008143653333315588
1 1 14 0.005572015429591789
1 2 14 0.005453228071636468
1 3 14 0.007296223341104369
2 1 14 0.005125722478910547
2 2 14 0.005545626244698171
2 3 14 0.0057024487552307605
3 1 14 0.007098018582950678
3 2 14 0.005722353619412734
3 3 14 0.007191176805573423
1 1 15 0.005678365221426074
1 2 15 0.004367857274876124
1 3 15 0.007250307849934551
2 1 15 0.004907268744239531
2 2 15 0.0042762056227422015
2 3 15 0.0073750526037905054
3 1 15 0.006031905561486339
3 2 15 0.005489925076581104
3 3 15 0.0075579936837214924
1 1 16 0.005417058206050592
1 2 16 0.005591516319219759
1 3 16 0.005328667710030668
2 1 16 0.003989944044676706
2 2 16 0.004733500742919064
2 3 16 0.006349036290333831
3 1 16 0.00576769123236864
3 2 16 0.0052508730749361585
3 3 16 0.006618900703931088
1 1 17 0.00576450914344187
1 2 17 0.003942380863112159
1 3 17 0.008238304701291721
2 1 17 0.004653506250957744
2 2 17 0.004238309668058134
2 3 17 0.0067496916712065135
3 1 17 0.0060003829502581615
3 2 17 0.004799293246810216
3 3 17 0.005986369434674231
1 1 18 0.005294396114029347
1 2 18 0.004661296481967985
1 3 18 0.005347561753072018
2 1 18 0.003872869449121838
2 2 18 0.004495307655715624
2 3 18 0.0052089200718723
3 1 18 0.005916333571627105
3 2 18 0.004710286794316577
3 3 18 0.007361853334122259
1 1 19 0.005777823932034404
1 2 19 0.0044845389466127246
1 3 19 0.006235379672572971
2 1 19 0.0049784425798466226
2 2 19 0.004127753248262299
2 3 19 0.006574446046183841
3 1 19 0.005919548242335837
3 2 19 0.00514712960385705
3 3 19 0.0060687920790737145
1 1 20 0.004454549420932481
1 2 20 0.0036591206707719095
1 3 20 0.005180791003187139
2 1 20 0.004145096701703642
2 2 20 0.004227242971805438
2 3 20 0.00543443281975813
3 1 20 0.005105948189150823
3 2 20 0.005247571561660108
3 3 20 0.00670131263320521
