W: 3.6
num_iter: 0
[-1.08583467 -1.08583467 -1.07303751 -1.07303751 -1.05910821 -1.05910821
 -1.04405782 -1.04405782 -1.0277421  -1.0277421  -1.01010516 -1.01010516
 -0.99148646 -0.99148646 -0.97101242 -0.97101242 -0.94936949 -0.94936949
 -0.92652022 -0.92652022 -0.90274552 -0.90274552 -0.87755353 -0.87755353
 -0.85070303 -0.85070303 -0.82357352 -0.82357352 -0.79425136 -0.79425136
 -0.76369346 -0.76369346 -0.73188524 -0.73188524 -0.69876737 -0.69876737
 -0.66458671 -0.66458671 -0.62860745 -0.62860745 -0.59098226 -0.59098226
 -0.55182756 -0.55182756 -0.51096722 -0.51096722 -0.46840068 -0.46840068
 -0.42378545 -0.42378545 -0.37786826 -0.37786826 -0.32973511 -0.32973511
 -0.27982531 -0.27982531 -0.22886768 -0.22886768 -0.17513684 -0.17513684
 -0.11840438 -0.11840438 -0.05302088 -0.05302088  0.05301569  0.05301569
  0.1184061   0.1184061   0.17513693  0.17513693  0.22887111  0.22887111
  0.27983406  0.27983406  0.32974463  0.32974463  0.37786999  0.37786999
  0.42378558  0.42378558  0.46840625  0.46840625  0.5109688   0.5109688
  0.55182192  0.55182192  0.59098002  0.59098002  0.62860968  0.62860968
  0.6645835   0.6645835   0.69876956  0.69876956  0.73188597  0.73188597
  0.76369139  0.76369139  0.79424606  0.79424606  0.82357311  0.82357311
  0.85070791  0.85070791  0.87755736  0.87755736  0.90274236  0.90274236
  0.92651653  0.92651653  0.94936966  0.94936966  0.97101232  0.97101232
  0.99147892  0.99147892  1.01010538  1.01010538  1.02774135  1.02774135
  1.0440588   1.0440588   1.05910495  1.05910495  1.07303242  1.07303242
  1.08583458  1.08583458]
localization_length: 0.5894481852851455
0.5850229754582814
W_list: [3.6]
L_list: [18.720735214665005]
