Norm difference: 1.0
Norm difference: 1.0
1 1
1 2
1 3
2 1
2 2
2 3
3 1
3 2
3 3
1 1
1 2
1 3
2 1
2 2
2 3
3 1
3 2
3 3
1 1
1 2
1 3
2 1
2 2
2 3
3 1
3 2
3 3
1 1
1 2
1 3
2 1
2 2
2 3
3 1
3 2
3 3
1 1
1 2
1 3
2 1
2 2
2 3
3 1
3 2
3 3
1 1
1 2
1 3
2 1
2 2
2 3
3 1
3 2
3 3
1 1
1 2
1 3
2 1
2 2
2 3
3 1
3 2
3 3
1 1
1 2
1 3
2 1
2 2
2 3
3 1
3 2
3 3
1 1
1 2
1 3
2 1
2 2
2 3
3 1
3 2
3 3
1 1
1 2
1 3
2 1
2 2
2 3
3 1
3 2
3 3
1 1
1 2
1 3
2 1
2 2
2 3
3 1
3 2
3 3
1 1
1 2
1 3
2 1
2 2
2 3
3 1
3 2
3 3
1 1
1 2
1 3
2 1
2 2
2 3
3 1
3 2
3 3
1 1
1 2
1 3
2 1
2 2
2 3
3 1
3 2
3 3
1 1
1 2
1 3
2 1
2 2
2 3
3 1
3 2
3 3
1 1
1 2
1 3
2 1
2 2
2 3
3 1
3 2
3 3
1 1
1 2
1 3
2 1
2 2
2 3
3 1
3 2
3 3
1 1
1 2
1 3
2 1
2 2
2 3
3 1
3 2
3 3
1 1
1 2
1 3
2 1
2 2
2 3
3 1
3 2
3 3
1 1
1 2
1 3
2 1
2 2
2 3
3 1
3 2
3 3
1 1 1 0.012065114074285066
1 2 1 0.008480570877596795
1 3 1 0.011876620541891963
2 1 1 0.009394048652001606
2 2 1 0.006554674784005746
2 3 1 0.01058602959979252
3 1 1 0.015432098538226208
3 2 1 0.010354476808752039
3 3 1 0.01385666681981312
1 1 2 0.010343515180547089
1 2 2 0.009103248579500827
1 3 2 0.010936605752677315
2 1 2 0.009712567066075718
2 2 2 0.00463638443269383
2 3 2 0.008243872303098634
3 1 2 0.011353732015019354
3 2 2 0.008734043042709505
3 3 2 0.014164536428164686
1 1 3 0.009862624334099724
1 2 3 0.008436317846881569
1 3 3 0.01071486341031185
2 1 3 0.007274016898087406
2 2 3 0.005103039526745212
2 3 3 0.007826150754283914
3 1 3 0.013582848731641404
3 2 3 0.008881422868918472
3 3 3 0.010045103040558421
1 1 4 0.007717478593728325
1 2 4 0.007182525418809605
1 3 4 0.011805353586610366
2 1 4 0.007354958033113012
2 2 4 0.0060183938959254
2 3 4 0.004574013133396261
3 1 4 0.011782294553824641
3 2 4 0.009927588578055823
3 3 4 0.009213090190572213
1 1 5 0.006726959098398004
1 2 5 0.007433308737851116
1 3 5 0.010439228409791251
2 1 5 0.006239561405021677
2 2 5 0.005920218951986317
2 3 5 0.0055617815071833145
3 1 5 0.009819674377571287
3 2 5 0.0089277183237414
3 3 5 0.010250281169149555
1 1 6 0.007521591224196286
1 2 6 0.006661668649611159
1 3 6 0.008783816334902533
2 1 6 0.004696716569048838
2 2 6 0.0036473662161552534
2 3 6 0.005418191258787465
3 1 6 0.01014978907730128
3 2 6 0.00875549267130159
3 3 6 0.009117771747635596
1 1 7 0.008526805995723256
1 2 7 0.006034411961720967
1 3 7 0.006218646590656829
2 1 7 0.004998291690135613
2 2 7 0.00404090581002092
2 3 7 0.005221788090757486
3 1 7 0.008903080149599514
3 2 7 0.007169459296555753
3 3 7 0.008528579174940099
1 1 8 0.007737241497455127
1 2 8 0.005599354234863367
1 3 8 0.005652792168955094
2 1 8 0.005530141553299584
2 2 8 0.0038708226259164804
2 3 8 0.005113606432125562
3 1 8 0.00798869641184487
3 2 8 0.00657724301996625
3 3 8 0.008329366367339457
1 1 9 0.008042242977529536
1 2 9 0.005732406439643861
1 3 9 0.004932505267316157
2 1 9 0.005240826246846061
2 2 9 0.004174973318223098
2 3 9 0.004356741180208776
3 1 9 0.00656670044611528
3 2 9 0.00651209891131901
3 3 9 0.006667287466483452
1 1 10 0.00868011874834496
1 2 10 0.005834102229458619
1 3 10 0.004374287051286607
2 1 10 0.003530383958207819
2 2 10 0.003278973617624698
2 3 10 0.0026374824045728865
3 1 10 0.007089531850912341
3 2 10 0.005476458797170692
3 3 10 0.006077283685509164
1 1 11 0.00737648972386334
1 2 11 0.00543388754652773
1 3 11 0.004885778081237044
2 1 11 0.003586008094387129
2 2 11 0.002926536399644498
2 3 11 0.003061956279332554
3 1 11 0.00731432394440647
3 2 11 0.0059588681397376424
3 3 11 0.00697288551865702
1 1 12 0.005016764959836263
1 2 12 0.0051931556347430624
1 3 12 0.005270910492142138
2 1 12 0.0046028251850099376
2 2 12 0.0027324723849013804
2 3 12 0.003645887376856552
3 1 12 0.005849069120796774
3 2 12 0.005733587996432234
3 3 12 0.005406772930762531
1 1 13 0.004203622794542065
1 2 13 0.0039155871749704686
1 3 13 0.00452616472259376
2 1 13 0.004017298468356194
2 2 13 0.0027759100707828196
2 3 13 0.0032988713280519095
3 1 13 0.006411668424080118
3 2 13 0.00465162740145922
3 3 13 0.005496477139844212
1 1 14 0.0031163315457483254
1 2 14 0.0032770702871620394
1 3 14 0.00545853258676074
2 1 14 0.0028196732978866997
2 2 14 0.002830726682548576
2 3 14 0.003220483919969295
3 1 14 0.004870867032685128
3 2 14 0.0046143159294817875
3 3 14 0.004469174144354294
1 1 15 0.003190963360682599
1 2 15 0.0029869511324838896
1 3 15 0.005051750532798791
2 1 15 0.002172316491849861
2 2 15 0.0022854546276330967
2 3 15 0.0023540299926137864
3 1 15 0.003557596997540967
3 2 15 0.003958445717536699
3 3 15 0.0051329395239914965
1 1 16 0.0037738558930041155
1 2 16 0.0028970408738570315
1 3 16 0.004209201580720458
2 1 16 0.0018877059856330016
2 2 16 0.0019130333937607113
2 3 16 0.00275329823232733
3 1 16 0.004583991639622087
3 2 16 0.0035465966973785637
3 3 16 0.004818134536027605
1 1 17 0.0038516254462200596
1 2 17 0.0033321601233724622
1 3 17 0.0037994291911680085
2 1 17 0.0024484135954519664
2 2 17 0.001602622678314438
2 3 17 0.003010679516952751
3 1 17 0.004717118804812497
3 2 17 0.0038824758288308102
3 3 17 0.0037582107894050553
1 1 18 0.0035426745688974517
1 2 18 0.003456125326287541
1 3 18 0.0029686629091204954
2 1 18 0.0025412487183711827
2 2 18 0.00188844926150768
2 3 18 0.0024982120617941363
3 1 18 0.003600879589814364
3 2 18 0.004838144335561178
3 3 18 0.004658742305946153
1 1 19 0.003952095302553277
1 2 19 0.0030941460524555172
1 3 19 0.0030034546768216903
2 1 19 0.002329957869487934
2 2 19 0.002324297345597674
2 3 19 0.0023267544106012573
3 1 19 0.0052201537229371875
3 2 19 0.004061270263297111
3 3 19 0.0033605210737592366
1 1 20 0.003793829656506482
1 2 20 0.00304465669408156
1 3 20 0.002993422093969463
2 1 20 0.002353741363706843
2 2 20 0.002543643409142854
2 3 20 0.0015524806897558288
3 1 20 0.0042248695665265705
3 2 20 0.004323240740130567
3 3 20 0.003110648570418268
