[-2.41421356 -1.         -1.         -0.41421356  0.41421356  1.
  1.          2.41421356]
W: 3.6
num_iter: 0
[-0.81758406 -0.66497416 -0.47695929 -0.26157707  0.26157729  0.47695475
  0.66498333  0.81757921]
localization_length: 0.9557412512176261
0.9509753150843786
num_iter: 1
[-0.81739837 -0.6657009  -0.47947259 -0.26050982  0.26050422  0.47947674
  0.66569716  0.81740356]
localization_length: 0.9596773536942034
0.9603270054817099
num_iter: 2
[-0.81773783 -0.66529373 -0.4780678  -0.26292088  0.26292595  0.47806057
  0.66529773  0.81773598]
localization_length: 0.9508564113396274
0.9536313911768499
W_list: [3.6]
L_list: [0.9549779039143129]
[-2.41421356 -1.         -1.         -0.41421356  0.41421356  1.
  1.          2.41421356]
W: 3.6
num_iter: 0
[-0.81774461 -0.66423278 -0.47920747 -0.26110345  0.26110823  0.47920464
  0.66423331  0.81774213]
localization_length: 0.957474904887543
0.958085257102428
num_iter: 1
[-0.8174578  -0.66597305 -0.47865485 -0.26070832  0.26071     0.47864985
  0.66597912  0.81745505]
localization_length: 0.958926048644029
0.9580194725564625
num_iter: 2
[-0.81810949 -0.66557285 -0.47813839 -0.26107359  0.26107447  0.47813617
  0.66557121  0.81811249]
localization_length: 0.9575843987379262
0.9610900564992748
W_list: [3.6]
L_list: [0.9590649287193884]
