[-2.41421356 -1.         -1.         -0.41421356  0.41421356  1.
  1.          2.41421356]
W: 2.4
num_iter: 0
[-0.58341437 -0.43481835 -0.28083965 -0.13958712  0.13958104  0.28084055
  0.43482239  0.58341552]
localization_length: 1.7910742057081732
1.808457691947574
num_iter: 1
[-0.58392369 -0.4340062  -0.28207207 -0.13862536  0.13862398  0.28207805
  0.43400165  0.58392365]
localization_length: 1.8034397690738346
1.7959460225677697
num_iter: 2
[-0.58460764 -0.43403337 -0.28123035 -0.14034721  0.14034939  0.281223
  0.43403811  0.58460807]
localization_length: 1.781296597114533
1.7987627836850764
W_list: [2.4]
L_list: [1.8010554994001402]
[-2.41421356 -1.         -1.         -0.41421356  0.41421356  1.
  1.          2.41421356]
W: 2.4
num_iter: 0
[-0.58472418 -0.43328394 -0.28174966 -0.13918868  0.13919658  0.28174507
  0.43327392  0.58473089]
localization_length: 1.7961230721961372
1.7967649878827474
num_iter: 1
[-0.58335788 -0.43534564 -0.28166947 -0.13966939  0.13967765  0.28166351
  0.43534484  0.58335638]
localization_length: 1.789941251317625
1.7991815804739189
num_iter: 2
[-0.58361554 -0.4343406  -0.28199854 -0.13981843  0.1398216   0.2820021
  0.43433354  0.58361587]
localization_length: 1.7880332742937923
1.7854154542366203
W_list: [2.4]
L_list: [1.793787340864429]
