[-2.41421356 -1.         -1.         -0.41421356  0.41421356  1.
  1.          2.41421356]
W: 3.6
num_iter: 0
[-0.85291712 -0.82540596 -0.79694966 -0.76504053 -0.73089101 -0.69388513
 -0.65486256 -0.61238935 -0.56723909 -0.5187395  -0.46740079 -0.41223609
 -0.35264757 -0.28768496 -0.21437612 -0.12611422  0.1261111   0.21438119
  0.28768172  0.3526497   0.41223154  0.46741462  0.51875005  0.56722784
  0.61237998  0.6548499   0.69389528  0.73089037  0.76504296  0.79694657
  0.82540775  0.85291906]
localization_length: 0.49559475074640374
0.49496527516031297
W_list: [3.6]
L_list: [0.49496527516031297]
[-2.41421356 -1.         -1.         -0.41421356  0.41421356  1.
  1.          2.41421356]
W: 3.6
num_iter: 0
[-0.85315115 -0.82632218 -0.79715385 -0.76545417 -0.73144799 -0.69403845
 -0.65477849 -0.61255035 -0.56732237 -0.51983517 -0.46863746 -0.41149906
 -0.35150455 -0.2877909  -0.21443195 -0.12602622  0.12603632  0.21443175
  0.28779499  0.35151698  0.41149759  0.46863225  0.51983111  0.56732356
  0.61254792  0.65478206  0.69403179  0.73144899  0.76544928  0.79715095
  0.82631826  0.8531505 ]
localization_length: 0.49592854674545817
0.49580653261539614
W_list: [3.6]
L_list: [0.49580653261539614]
