Norm difference: 1.0
Norm difference: 1.0
1 1
1 2
2 1
2 2
1 1
1 2
2 1
2 2
1 1
1 2
2 1
2 2
1 1
1 2
2 1
2 2
1 1
1 2
2 1
2 2
1 1
1 2
2 1
2 2
1 1
1 2
2 1
2 2
1 1
1 2
2 1
2 2
1 1
1 2
2 1
2 2
1 1
1 2
2 1
2 2
1 1
1 2
2 1
2 2
1 1
1 2
2 1
2 2
1 1
1 2
2 1
2 2
1 1
1 2
2 1
2 2
1 1
1 2
2 1
2 2
1 1
1 2
2 1
2 2
1 1
1 2
2 1
2 2
1 1
1 2
2 1
2 2
1 1
1 2
2 1
2 2
1 1
1 2
2 1
2 2
1 1 1 0.00829599544417121
1 2 1 0.009189658520706464
2 1 1 0.011357931286361988
2 2 1 0.006460643404111094
1 1 2 0.00842445538486097
1 2 2 0.010358344502524196
2 1 2 0.0072775345188394
2 2 2 0.008779829930055518
1 1 3 0.007174956179675035
1 2 3 0.00726286589063202
2 1 3 0.009561522567691655
2 2 3 0.0058918390053372596
1 1 4 0.010730611659090124
1 2 4 0.006459299610167478
2 1 4 0.00717624993385374
2 2 4 0.005987662107509771
1 1 5 0.007261555843334213
1 2 5 0.008027087202181465
2 1 5 0.007295795814188386
2 2 5 0.005201628609914787
1 1 6 0.007896259331715443
1 2 6 0.008361401741294955
2 1 6 0.006904785840142602
2 2 6 0.005959451910542222
1 1 7 0.0076210516581409135
1 2 7 0.005626778015364288
2 1 7 0.006579736486587766
2 2 7 0.005609579273356981
1 1 8 0.007193856591002965
1 2 8 0.006293088029428649
2 1 8 0.005252376402131981
2 2 8 0.005438843350796608
1 1 9 0.007425206950916892
1 2 9 0.006097986031233021
2 1 9 0.005175171500854661
2 2 9 0.006770020249897866
1 1 10 0.006177376948884172
1 2 10 0.0053574533653008155
2 1 10 0.007473988795545117
2 2 10 0.004712470782728971
1 1 11 0.005451039602373071
1 2 11 0.00515706743045939
2 1 11 0.005508159546249235
2 2 11 0.00477709851099922
1 1 12 0.00658404165146941
1 2 12 0.003709980999835548
2 1 12 0.0066571799184573345
2 2 12 0.0038479553155419182
1 1 13 0.004916355180052923
1 2 13 0.0036384727321473074
2 1 13 0.004462238839803526
2 2 13 0.0036895459072590906
1 1 14 0.005219007996238394
1 2 14 0.0037792433444382226
2 1 14 0.004410810876334109
2 2 14 0.004286114569492471
1 1 15 0.003877894104606902
1 2 15 0.003983934413370407
2 1 15 0.0035850501076018283
2 2 15 0.003695166125524149
1 1 16 0.004522101248867681
1 2 16 0.004955412120131926
2 1 16 0.003962263909506433
2 2 16 0.005008896328585366
1 1 17 0.0037798119501668928
1 2 17 0.003765233004247119
2 1 17 0.003527149114712741
2 2 17 0.0035493593208644806
1 1 18 0.0033287093047159404
1 2 18 0.005498368615222264
2 1 18 0.0025725138941183772
2 2 18 0.005466355454702046
1 1 19 0.003657717706094995
1 2 19 0.0035405391095569964
2 1 19 0.004284740154892653
2 2 19 0.003043778092611804
1 1 20 0.0028672314391828143
1 2 20 0.0048137894732927814
2 1 20 0.00298688400587586
2 2 20 0.0030003579493870923
