Norm difference: 1.0
Norm difference: 1.0
1 1
1 2
2 1
2 2
1 1
1 2
2 1
2 2
1 1
1 2
2 1
2 2
1 1
1 2
2 1
2 2
1 1
1 2
2 1
2 2
1 1
1 2
2 1
2 2
1 1
1 2
2 1
2 2
1 1
1 2
2 1
2 2
1 1
1 2
2 1
2 2
1 1
1 2
2 1
2 2
1 1
1 2
2 1
2 2
1 1
1 2
2 1
2 2
1 1
1 2
2 1
2 2
1 1
1 2
2 1
2 2
1 1
1 2
2 1
2 2
1 1
1 2
2 1
2 2
1 1
1 2
2 1
2 2
1 1
1 2
2 1
2 2
1 1
1 2
2 1
2 2
1 1
1 2
2 1
2 2
1 1 1 0.005926521392710879
1 2 1 0.005387734132060338
2 1 1 0.008545327328951014
2 2 1 0.005033086574373632
1 1 2 0.0042943564109355365
1 2 2 0.00691224866420771
2 1 2 0.008081677916881613
2 2 2 0.004955540623241126
1 1 3 0.006698198959625848
1 2 3 0.004427115610738554
2 1 3 0.006749629900231357
2 2 3 0.004931010789106478
1 1 4 0.005822534941165211
1 2 4 0.005240753523496873
2 1 4 0.006617469480681137
2 2 4 0.005975193518579852
1 1 5 0.006629008683157571
1 2 5 0.005992726164143827
2 1 5 0.004816699812310842
2 2 5 0.006032280292541039
1 1 6 0.006406237137266612
1 2 6 0.003586396626188137
2 1 6 0.005218305292445435
2 2 6 0.005490905939968581
1 1 7 0.004652428233875363
1 2 7 0.005895043056292799
2 1 7 0.006985361715620188
2 2 7 0.004345762090932235
1 1 8 0.004065385265938318
1 2 8 0.005133292751530306
2 1 8 0.006291458285979812
2 2 8 0.005693775757351603
1 1 9 0.005691082353568769
1 2 9 0.004607913426427071
2 1 9 0.0036467393974027604
2 2 9 0.007283077341065432
1 1 10 0.004750112831500451
1 2 10 0.005742051859863285
2 1 10 0.002643075683669285
2 2 10 0.0049309128035560056
1 1 11 0.004055741737849559
1 2 11 0.006213407378155195
2 1 11 0.005062889442004318
2 2 11 0.005525352103305911
1 1 12 0.0028990716173694746
1 2 12 0.004264957533437813
2 1 12 0.004783885137510593
2 2 12 0.005222508666312539
1 1 13 0.004682187484973769
1 2 13 0.004883640432360882
2 1 13 0.0031400144879507727
2 2 13 0.005503927139278539
1 1 14 0.003958383957804
1 2 14 0.0049914163407085484
2 1 14 0.0033656686669515483
2 2 14 0.00330485932717949
1 1 15 0.0023323382642515527
1 2 15 0.004322472963354339
2 1 15 0.003612538337275499
2 2 15 0.003415197539445319
1 1 16 0.0035293988591687357
1 2 16 0.0029164619199224455
2 1 16 0.0023557494592116256
2 2 16 0.00312059031898705
1 1 17 0.0033508538223292
1 2 17 0.0024674468505831828
2 1 17 0.0029554136070611
2 2 17 0.0030220292399228887
1 1 18 0.0017436310361871876
1 2 18 0.002852105759517318
2 1 18 0.002480715404711744
2 2 18 0.0016317056883753157
1 1 19 0.0019850279937926258
1 2 19 0.002548190290694357
2 1 19 0.002170186817435298
2 2 19 0.002816879756994943
1 1 20 0.002225456472793004
1 2 20 0.0016366253293997781
2 1 20 0.0012817658041159145
2 2 20 0.002565013140039633
