Norm difference: 1.0
Norm difference: 1.0
1 1
1 2
1 3
2 1
2 2
2 3
3 1
3 2
3 3
1 1
1 2
1 3
2 1
2 2
2 3
3 1
3 2
3 3
1 1
1 2
1 3
2 1
2 2
2 3
3 1
3 2
3 3
1 1
1 2
1 3
2 1
2 2
2 3
3 1
3 2
3 3
1 1
1 2
1 3
2 1
2 2
2 3
3 1
3 2
3 3
1 1
1 2
1 3
2 1
2 2
2 3
3 1
3 2
3 3
1 1
1 2
1 3
2 1
2 2
2 3
3 1
3 2
3 3
1 1
1 2
1 3
2 1
2 2
2 3
3 1
3 2
3 3
1 1
1 2
1 3
2 1
2 2
2 3
3 1
3 2
3 3
1 1
1 2
1 3
2 1
2 2
2 3
3 1
3 2
3 3
1 1
1 2
1 3
2 1
2 2
2 3
3 1
3 2
3 3
1 1
1 2
1 3
2 1
2 2
2 3
3 1
3 2
3 3
1 1
1 2
1 3
2 1
2 2
2 3
3 1
3 2
3 3
1 1
1 2
1 3
2 1
2 2
2 3
3 1
3 2
3 3
1 1
1 2
1 3
2 1
2 2
2 3
3 1
3 2
3 3
1 1
1 2
1 3
2 1
2 2
2 3
3 1
3 2
3 3
1 1
1 2
1 3
2 1
2 2
2 3
3 1
3 2
3 3
1 1
1 2
1 3
2 1
2 2
2 3
3 1
3 2
3 3
1 1
1 2
1 3
2 1
2 2
2 3
3 1
3 2
3 3
1 1
1 2
1 3
2 1
2 2
2 3
3 1
3 2
3 3
1 1 1 0.009241770318053543
1 2 1 0.00975330700768144
1 3 1 0.01004836447759138
2 1 1 0.011223291522961133
2 2 1 0.008915464869973147
2 3 1 0.010012378776349744
3 1 1 0.01001700540527493
3 2 1 0.00829219207105541
3 3 1 0.011301421394605318
1 1 2 0.011909919981234158
1 2 2 0.009678449251877764
1 3 2 0.009691557880257015
2 1 2 0.007607611935128327
2 2 2 0.01395593969786615
2 3 2 0.008939514732612236
3 1 2 0.009935894147823409
3 2 2 0.011983221557284783
3 3 2 0.008503146481036818
1 1 3 0.010774406382643126
1 2 3 0.009296080281724742
1 3 3 0.009407086912165546
2 1 3 0.013408033352379648
2 2 3 0.0069450205070257925
2 3 3 0.007704917995436059
3 1 3 0.009784430596903666
3 2 3 0.009586626781389888
3 3 3 0.007165634147511593
1 1 4 0.009803734767181698
1 2 4 0.009411817124497937
1 3 4 0.009664831349835808
2 1 4 0.006157817109701248
2 2 4 0.010980610559394963
2 3 4 0.008146049078550845
3 1 4 0.009101776688482057
3 2 4 0.01028754653438188
3 3 4 0.006709604775540623
1 1 5 0.008146611271029508
1 2 5 0.009495330672949127
1 3 5 0.009261157993389817
2 1 5 0.011451326760129716
2 2 5 0.007666086173837577
2 3 5 0.0070532578357503884
3 1 5 0.010686733796490376
3 2 5 0.007587641293683471
3 3 5 0.008399644037069493
1 1 6 0.007955348094247755
1 2 6 0.009678230682861711
1 3 6 0.00812740579896813
2 1 6 0.005603169171468879
2 2 6 0.00810913580843837
2 3 6 0.007766386300912834
3 1 6 0.0086303468250875
3 2 6 0.006966793531392951
3 3 6 0.008880814935818934
1 1 7 0.007322967611052939
1 2 7 0.009064323523622886
1 3 7 0.007938183062666518
2 1 7 0.009534772384526949
2 2 7 0.0066579649225154
2 3 7 0.00674837898087602
3 1 7 0.009585297995097882
3 2 7 0.007834944880278732
3 3 7 0.0074696175319122395
1 1 8 0.008319087046947527
1 2 8 0.00823861208482321
1 3 8 0.007501600496079061
2 1 8 0.006776909038641622
2 2 8 0.0060167218110831104
2 3 8 0.00817754106567889
3 1 8 0.008301531203643303
3 2 8 0.007980933858244967
3 3 8 0.007001457526622334
1 1 9 0.008201985895185523
1 2 9 0.006665028757006379
1 3 9 0.006237255376824598
2 1 9 0.0074800775897869935
2 2 9 0.006192928287353667
2 3 9 0.006043099840267721
3 1 9 0.007458986668131572
3 2 9 0.0071209225247591944
3 3 9 0.0062318054445000114
1 1 10 0.00933050334439381
1 2 10 0.0058870997611198015
1 3 10 0.006140013525160568
2 1 10 0.005731445369810513
2 2 10 0.005097056977678661
2 3 10 0.006318781807744965
3 1 10 0.006771931045217933
3 2 10 0.006258205335503442
3 3 10 0.006734400561105509
1 1 11 0.008079537332349892
1 2 11 0.004961067410685671
1 3 11 0.00561725260764912
2 1 11 0.006691368391145459
2 2 11 0.004640980145826763
2 3 11 0.006343044591802474
3 1 11 0.007007805602879963
3 2 11 0.003806545234162515
3 3 11 0.006292587597069091
1 1 12 0.0070362698060519886
1 2 12 0.0051404847040778705
1 3 12 0.00499178636140903
2 1 12 0.006880056807871858
2 2 12 0.00372822926840641
2 3 12 0.0061280732850398575
3 1 12 0.005323123995540253
3 2 12 0.004473923200336418
3 3 12 0.00690929527067693
1 1 13 0.007045739961673762
1 2 13 0.0037388724975699846
1 3 13 0.006656025326072072
2 1 13 0.00656521188926731
2 2 13 0.00430546827068997
2 3 13 0.005834996586745957
3 1 13 0.006279420488932147
3 2 13 0.004373901768456141
3 3 13 0.005406623782672591
1 1 14 0.007354518377560982
1 2 14 0.004014570517620169
1 3 14 0.0062739414908831986
2 1 14 0.006270741868417136
2 2 14 0.0033075380096036673
2 3 14 0.004699693547944085
3 1 14 0.006358261583616987
3 2 14 0.004178876531994966
3 3 14 0.004739505252798529
1 1 15 0.006416757793611912
1 2 15 0.004596741911980908
1 3 15 0.00706966944849252
2 1 15 0.00606256144652587
2 2 15 0.0036773280701435907
2 3 15 0.004948007543885905
3 1 15 0.007501327126606079
3 2 15 0.0036679443163675413
3 3 15 0.005175592018950013
1 1 16 0.005519697764000766
1 2 16 0.002259544999737688
1 3 16 0.005747277618411055
2 1 16 0.00628196507495872
2 2 16 0.0035129566484729375
2 3 16 0.004632307674690256
3 1 16 0.006489111669861633
3 2 16 0.0034771128181797935
3 3 16 0.004968055933605211
1 1 17 0.005631950940215265
1 2 17 0.0043488024155345665
1 3 17 0.006863719583583351
2 1 17 0.006501582779608458
2 2 17 0.003041900317318523
2 3 17 0.0050950463995634325
3 1 17 0.006176861311497957
3 2 17 0.0037232030048498185
3 3 17 0.005342532622096938
1 1 18 0.006820852357661727
1 2 18 0.0029920627045826264
1 3 18 0.00463963691032399
2 1 18 0.005964425891985603
2 2 18 0.0036215194514790687
2 3 18 0.005504384053663988
3 1 18 0.005151573962569749
3 2 18 0.003942837334948983
3 3 18 0.006361363206847911
1 1 19 0.005623790156608407
1 2 19 0.0035242744511699195
1 3 19 0.005938862804808912
2 1 19 0.005682397974477343
2 2 19 0.002766670660242454
2 3 19 0.005514593462959697
3 1 19 0.0049895065496472985
3 2 19 0.003865526201921944
3 3 19 0.006584897922060011
1 1 20 0.0070698211581311675
1 2 20 0.0037526088248783507
1 3 20 0.006007882269359864
2 1 20 0.005432297322790423
2 2 20 0.00411433281748647
2 3 20 0.005994050915713166
3 1 20 0.005397915448970577
3 2 20 0.0037763494950182608
3 3 20 0.006519346884789637
