Norm difference: 1.0
Norm difference: 1.0
1 1
1 2
1 3
2 1
2 2
2 3
3 1
3 2
3 3
1 1
1 2
1 3
2 1
2 2
2 3
3 1
3 2
3 3
1 1
1 2
1 3
2 1
2 2
2 3
3 1
3 2
3 3
1 1
1 2
1 3
2 1
2 2
2 3
3 1
3 2
3 3
1 1
1 2
1 3
2 1
2 2
2 3
3 1
3 2
3 3
1 1
1 2
1 3
2 1
2 2
2 3
3 1
3 2
3 3
1 1
1 2
1 3
2 1
2 2
2 3
3 1
3 2
3 3
1 1
1 2
1 3
2 1
2 2
2 3
3 1
3 2
3 3
1 1
1 2
1 3
2 1
2 2
2 3
3 1
3 2
3 3
1 1
1 2
1 3
2 1
2 2
2 3
3 1
3 2
3 3
1 1
1 2
1 3
2 1
2 2
2 3
3 1
3 2
3 3
1 1
1 2
1 3
2 1
2 2
2 3
3 1
3 2
3 3
1 1
1 2
1 3
2 1
2 2
2 3
3 1
3 2
3 3
1 1
1 2
1 3
2 1
2 2
2 3
3 1
3 2
3 3
1 1
1 2
1 3
2 1
2 2
2 3
3 1
3 2
3 3
1 1
1 2
1 3
2 1
2 2
2 3
3 1
3 2
3 3
1 1
1 2
1 3
2 1
2 2
2 3
3 1
3 2
3 3
1 1
1 2
1 3
2 1
2 2
2 3
3 1
3 2
3 3
1 1
1 2
1 3
2 1
2 2
2 3
3 1
3 2
3 3
1 1
1 2
1 3
2 1
2 2
2 3
3 1
3 2
3 3
1 1 1 0.004690814026681747
1 2 1 0.0036604923392150705
1 3 1 0.004866722452397142
2 1 1 0.0043556497801338755
2 2 1 0.0032981167964663246
2 3 1 0.00458346525946879
3 1 1 0.003479025055447632
3 2 1 0.0035974395503513322
3 3 1 0.004413071804653598
1 1 2 0.003749626114119716
1 2 2 0.003110075438495886
1 3 2 0.0035117213187090385
2 1 2 0.003114997223405138
2 2 2 0.0030914265363939882
2 3 2 0.003994923766526869
3 1 2 0.0037984752688284074
3 2 2 0.0038195080615865845
3 3 2 0.004176765862904394
1 1 3 0.0038640617054765828
1 2 3 0.0033927767358804734
1 3 3 0.004184536280025412
2 1 3 0.002365416412812649
2 2 3 0.0027904377484670702
2 3 3 0.0035232518389484027
3 1 3 0.0044976018481488085
3 2 3 0.00305827848360835
3 3 3 0.0031445285389208057
1 1 4 0.004203005148082367
1 2 4 0.0030518225657361958
1 3 4 0.005194246549634018
2 1 4 0.0031163910047939582
2 2 4 0.0026966748755953797
2 3 4 0.0035308675416776147
3 1 4 0.0042176209410256914
3 2 4 0.0019309167784334232
3 3 4 0.0037359225841502065
1 1 5 0.003310381337925307
1 2 5 0.0026430799755735555
1 3 5 0.004361205282459587
2 1 5 0.002903789339882758
2 2 5 0.0023249049742454417
2 3 5 0.003018262906997744
3 1 5 0.003585325894000122
3 2 5 0.002835035122561245
3 3 5 0.003224521199647691
1 1 6 0.0030995489977161603
1 2 6 0.0027834492844399177
1 3 6 0.003359275552171544
2 1 6 0.0027793783223710863
2 2 6 0.002442931294430924
2 3 6 0.0027341079008108963
3 1 6 0.0028916825736861854
3 2 6 0.002845853784004026
3 3 6 0.003089251234212544
1 1 7 0.002619502084115392
1 2 7 0.0025628310947146352
1 3 7 0.0027668648520625875
2 1 7 0.0027650327041689243
2 2 7 0.0020322912228865346
2 3 7 0.002307396332645619
3 1 7 0.003193017691927682
3 2 7 0.002321701244451408
3 3 7 0.002959618176872066
1 1 8 0.002768550212595513
1 2 8 0.002226947969893797
1 3 8 0.0027124012153496436
2 1 8 0.0026905312183461705
2 2 8 0.0019061664772398116
2 3 8 0.0015206166502546796
3 1 8 0.0027745366397867307
3 2 8 0.0025071031763325155
3 3 8 0.0034127952569461308
1 1 9 0.0021061208336579347
1 2 9 0.00281897794072771
1 3 9 0.0025024273687824948
2 1 9 0.0023425797085536567
2 2 9 0.0021336360678837103
2 3 9 0.0019772263302780474
3 1 9 0.0028190530040218117
3 2 9 0.0022287399497555372
3 3 9 0.003147263783911978
1 1 10 0.0021284292920632384
1 2 10 0.002359974829145513
1 3 10 0.0028286533884953765
2 1 10 0.002448619090852594
2 2 10 0.0019752227530438642
2 3 10 0.002221395992342044
3 1 10 0.002664825441796402
3 2 10 0.002129405062131626
3 3 10 0.0028116180613690167
1 1 11 0.0020030021065443886
1 2 11 0.0018627948000447194
1 3 11 0.0023316623580435848
2 1 11 0.0018722451762354607
2 2 11 0.0020826603693044456
2 3 11 0.00215231928067389
3 1 11 0.0018830457240662964
3 2 11 0.0020290410425029726
3 3 11 0.002977322408105159
1 1 12 0.0018851208697308424
1 2 12 0.0026863321569374453
1 3 12 0.0026105678491737667
2 1 12 0.0021825972344221385
2 2 12 0.002342988263165938
2 3 12 0.0023406137172484764
3 1 12 0.0021967173292100615
3 2 12 0.0025362550680547223
3 3 12 0.002199722908161471
1 1 13 0.0021730198608963885
1 2 13 0.002146651447051934
1 3 13 0.0018028051121192774
2 1 13 0.0017758704380810598
2 2 13 0.002043234952274038
2 3 13 0.002422092251579716
3 1 13 0.0024165638260945496
3 2 13 0.0027268808200002
3 3 13 0.002668139141711727
1 1 14 0.002187902713508887
1 2 14 0.0023937039909949047
1 3 14 0.0026482064667462447
2 1 14 0.002073381308695579
2 2 14 0.0021388852915423143
2 3 14 0.0023150104026334463
3 1 14 0.002271433848405275
3 2 14 0.0028630988506696767
3 3 14 0.0025809634303594993
1 1 15 0.001868049131054625
1 2 15 0.002200628200311372
1 3 15 0.002370141594318161
2 1 15 0.0017276464717459101
2 2 15 0.0025277188093909353
2 3 15 0.0018577898687264231
3 1 15 0.001893441910846249
3 2 15 0.0017273040968609095
3 3 15 0.003023043803077242
1 1 16 0.0021420713117879194
1 2 16 0.0020558732275960394
1 3 16 0.0024263021342186717
2 1 16 0.001964395396887687
2 2 16 0.0023753375618439975
2 3 16 0.002799021180925863
3 1 16 0.0022298659423150456
3 2 16 0.002997172652260966
3 3 16 0.0021142257445194877
1 1 17 0.0021467961300708225
1 2 17 0.002544524970977696
1 3 17 0.0020555634411875668
2 1 17 0.001684239316236973
2 2 17 0.0017328681452259266
2 3 17 0.002220955689224647
3 1 17 0.0016851943992214247
3 2 17 0.0025778675004887635
3 3 17 0.0016994737240681752
1 1 18 0.0018300946986547298
1 2 18 0.002352312754017551
1 3 18 0.0023568777616877
2 1 18 0.0016181457077341494
2 2 18 0.0026868992330776036
2 3 18 0.0018448327668577728
3 1 18 0.0016162006068982232
3 2 18 0.0019235517531304297
3 3 18 0.0023153450151490286
1 1 19 0.0017551643653192263
1 2 19 0.001772082000934901
1 3 19 0.002008688162242992
2 1 19 0.001547255880824818
2 2 19 0.001858911614289757
2 3 19 0.001199787333192638
3 1 19 0.001469358722213148
3 2 19 0.001462292015528145
3 3 19 0.002050682196244714
1 1 20 0.0016184925122735172
1 2 20 0.0020707652110500295
1 3 20 0.0015599035751505087
2 1 20 0.0015494759651021929
2 2 20 0.0017306165026414317
2 3 20 0.001725881293158847
3 1 20 0.0012807600158588174
3 2 20 0.0016121902880252958
3 3 20 0.0013569897133693634
