Norm difference: 1.0
Norm difference: 1.0
1 1
1 2
1 3
2 1
2 2
2 3
3 1
3 2
3 3
1 1
1 2
1 3
2 1
2 2
2 3
3 1
3 2
3 3
1 1
1 2
1 3
2 1
2 2
2 3
3 1
3 2
3 3
1 1
1 2
1 3
2 1
2 2
2 3
3 1
3 2
3 3
1 1
1 2
1 3
2 1
2 2
2 3
3 1
3 2
3 3
1 1
1 2
1 3
2 1
2 2
2 3
3 1
3 2
3 3
1 1
1 2
1 3
2 1
2 2
2 3
3 1
3 2
3 3
1 1
1 2
1 3
2 1
2 2
2 3
3 1
3 2
3 3
1 1
1 2
1 3
2 1
2 2
2 3
3 1
3 2
3 3
1 1
1 2
1 3
2 1
2 2
2 3
3 1
3 2
3 3
1 1
1 2
1 3
2 1
2 2
2 3
3 1
3 2
3 3
1 1
1 2
1 3
2 1
2 2
2 3
3 1
3 2
3 3
1 1
1 2
1 3
2 1
2 2
2 3
3 1
3 2
3 3
1 1
1 2
1 3
2 1
2 2
2 3
3 1
3 2
3 3
1 1
1 2
1 3
2 1
2 2
2 3
3 1
3 2
3 3
1 1
1 2
1 3
2 1
2 2
2 3
3 1
3 2
3 3
1 1
1 2
1 3
2 1
2 2
2 3
3 1
3 2
3 3
1 1
1 2
1 3
2 1
2 2
2 3
3 1
3 2
3 3
1 1
1 2
1 3
2 1
2 2
2 3
3 1
3 2
3 3
1 1
1 2
1 3
2 1
2 2
2 3
3 1
3 2
3 3
1 1 1 0.008919554991833332
1 2 1 0.008396481673537397
1 3 1 0.0072639988180717135
2 1 1 0.00712440156023213
2 2 1 0.007746368949497401
2 3 1 0.005985352185270313
3 1 1 0.00646340628925086
3 2 1 0.008502347297117635
3 3 1 0.0066608410953659745
1 1 2 0.012225396691560673
1 2 2 0.011310823463886987
1 3 2 0.007258625770988789
2 1 2 0.007197878875918069
2 2 2 0.006096956090990691
2 3 2 0.006987752225700491
3 1 2 0.008319168797070392
3 2 2 0.00831784617303249
3 3 2 0.006407566255755087
1 1 3 0.008414824456840869
1 2 3 0.010262036032939233
1 3 3 0.010909372397369586
2 1 3 0.0069012869660128135
2 2 3 0.007965884550251934
2 3 3 0.006775734274950315
3 1 3 0.008347503509150037
3 2 3 0.008199312981946264
3 3 3 0.008292106638937563
1 1 4 0.012087115558229018
1 2 4 0.015512850053748297
1 3 4 0.011078014710451735
2 1 4 0.009260911132736176
2 2 4 0.008045990944973018
2 3 4 0.005743747093066927
3 1 4 0.009037856706472036
3 2 4 0.009942738662978875
3 3 4 0.0065744452951384
1 1 5 0.011211718727703986
1 2 5 0.011873527276108495
1 3 5 0.007834747175766718
2 1 5 0.007273662375777044
2 2 5 0.0072911178807163425
2 3 5 0.00858533518191347
3 1 5 0.010038674310747932
3 2 5 0.007824589272267982
3 3 5 0.007526019992527905
1 1 6 0.012023458117297586
1 2 6 0.01084425770319277
1 3 6 0.014672146042598404
2 1 6 0.007570221523760648
2 2 6 0.008940788077407556
2 3 6 0.008327938941990269
3 1 6 0.008355135056459854
3 2 6 0.007693206727728717
3 3 6 0.011088699060236943
1 1 7 0.012862661494018999
1 2 7 0.009824443253594661
1 3 7 0.013024859953572054
2 1 7 0.008054120208903672
2 2 7 0.007006194649125473
2 3 7 0.00738301917360856
3 1 7 0.009111863118883123
3 2 7 0.0082770836542852
3 3 7 0.009039847895734195
1 1 8 0.01288811070422769
1 2 8 0.008030533511301669
1 3 8 0.011073173483130354
2 1 8 0.007853708243525829
2 2 8 0.007339927161920926
2 3 8 0.007242692171901112
3 1 8 0.008486311383330909
3 2 8 0.0054959443839662685
3 3 8 0.007162366784109299
1 1 9 0.010933496894460123
1 2 9 0.007323268055749508
1 3 9 0.00893790966619818
2 1 9 0.008987865850804605
2 2 9 0.007033438424064427
2 3 9 0.005753714248147771
3 1 9 0.00823243533967689
3 2 9 0.006104423881723977
3 3 9 0.006911138392130598
1 1 10 0.010855965953262752
1 2 10 0.007745069528888875
1 3 10 0.009596700202505307
2 1 10 0.007588143990184942
2 2 10 0.005949674930162664
2 3 10 0.0076808775224213015
3 1 10 0.008505427123903423
3 2 10 0.005154876706757383
3 3 10 0.006743172879699855
1 1 11 0.010795658221423345
1 2 11 0.008444857899886391
1 3 11 0.010061888565841942
2 1 11 0.0075114633277993895
2 2 11 0.006073686575460072
2 3 11 0.007487873006739536
3 1 11 0.007829116750892744
3 2 11 0.004173595216818376
3 3 11 0.0076023737731201356
1 1 12 0.009182743259272489
1 2 12 0.007330941485843017
1 3 12 0.007224457629367973
2 1 12 0.006610264164555894
2 2 12 0.004687649341507068
2 3 12 0.0063170595282888865
3 1 12 0.005934180196572473
3 2 12 0.003983413174827322
3 3 12 0.006289748995705754
1 1 13 0.007362391853176495
1 2 13 0.007349454449917134
1 3 13 0.008208808346230717
2 1 13 0.005614984376281704
2 2 13 0.004655493384277525
2 3 13 0.006036146020216069
3 1 13 0.006151353204112473
3 2 13 0.004170835498420332
3 3 13 0.005509318293732912
1 1 14 0.0074505720590056345
1 2 14 0.005676900236885918
1 3 14 0.008688425233398862
2 1 14 0.005334126148345146
2 2 14 0.004211069839178836
2 3 14 0.004553723299601835
3 1 14 0.004708132396940298
3 2 14 0.003682744096541906
3 3 14 0.005012589630897755
1 1 15 0.006649733334035353
1 2 15 0.005054038119646167
1 3 15 0.007074906147869332
2 1 15 0.005008438165304881
2 2 15 0.0038962414099107485
2 3 15 0.005002281350182427
3 1 15 0.004909959151707475
3 2 15 0.004568748408891997
3 3 15 0.003912234195004747
1 1 16 0.005985576347019297
1 2 16 0.004272355067531223
1 3 16 0.005307463993670401
2 1 16 0.004674133988527284
2 2 16 0.0035670473519389826
2 3 16 0.004254489005937482
3 1 16 0.0041087969981207385
3 2 16 0.003511387618310062
3 3 16 0.00416098292348246
1 1 17 0.0055411471211322194
1 2 17 0.0035577644123593274
1 3 17 0.005486694078639483
2 1 17 0.003962587158660645
2 2 17 0.002813298160824681
2 3 17 0.003549453763650911
3 1 17 0.004231881569219222
3 2 17 0.0033723004948466887
3 3 17 0.004432456307944853
1 1 18 0.005354969090249036
1 2 18 0.003894266443586942
1 3 18 0.00490586061960423
2 1 18 0.0036243748130609646
2 2 18 0.0026114643427162867
2 3 18 0.004124626481461048
3 1 18 0.004298031221968318
3 2 18 0.0031334120407569485
3 3 18 0.0037110894938154927
1 1 19 0.004852904966444268
1 2 19 0.0036369061696457997
1 3 19 0.004038270773504831
2 1 19 0.0031043299756248256
2 2 19 0.0023916098030604595
2 3 19 0.003432141452510292
3 1 19 0.003396231388602482
3 2 19 0.002558160796921306
3 3 19 0.0041540161565612
1 1 20 0.0035671646433218943
1 2 20 0.003485405702358931
1 3 20 0.003970828304009703
2 1 20 0.0027269997073043097
2 2 20 0.002721356859736161
2 3 20 0.002705011996315545
3 1 20 0.0029711350087214816
3 2 20 0.002954268156308989
3 3 20 0.0033293757346190057
