W: 3.0
num_iter: 0
[-0.80880214 -0.80880214 -0.80008164 -0.80008164 -0.79059443 -0.79059443
 -0.77950978 -0.77950978 -0.76770753 -0.76770753 -0.7543298  -0.7543298
 -0.74017648 -0.74017648 -0.72473206 -0.72473206 -0.70830129 -0.70830129
 -0.69091769 -0.69091769 -0.67231468 -0.67231468 -0.65297403 -0.65297403
 -0.6323282  -0.6323282  -0.61040595 -0.61040595 -0.5878061  -0.5878061
 -0.56379088 -0.56379088 -0.53820481 -0.53820481 -0.51227954 -0.51227954
 -0.48439645 -0.48439645 -0.45580447 -0.45580447 -0.42569128 -0.42569128
 -0.39398399 -0.39398399 -0.36094611 -0.36094611 -0.32703364 -0.32703364
 -0.29172069 -0.29172069 -0.25488915 -0.25488915 -0.21769027 -0.21769027
 -0.17890641 -0.17890641 -0.13928142 -0.13928142 -0.09976664 -0.09976664
 -0.05922113 -0.05922113 -0.01550602 -0.01550602  0.01550616  0.01550616
  0.05921642  0.05921642  0.09976658  0.09976658  0.13928236  0.13928236
  0.17889867  0.17889867  0.21769228  0.21769228  0.25488029  0.25488029
  0.29171863  0.29171863  0.32702761  0.32702761  0.36094879  0.36094879
  0.3939878   0.3939878   0.42569888  0.42569888  0.45579699  0.45579699
  0.48439598  0.48439598  0.51227904  0.51227904  0.53820704  0.53820704
  0.56378789  0.56378789  0.58780611  0.58780611  0.61040328  0.61040328
  0.63233371  0.63233371  0.6529802   0.6529802   0.67231556  0.67231556
  0.69091581  0.69091581  0.70830015  0.70830015  0.72473433  0.72473433
  0.74017845  0.74017845  0.75433193  0.75433193  0.76771056  0.76771056
  0.77951138  0.77951138  0.79059954  0.79059954  0.80008071  0.80008071
  0.80880157  0.80880157]
localization_length: 2.0153466549871584
2.0341060555983153
W_list: [3.0]
L_list: [65.09139377914609]
