Norm difference: 1.0
Norm difference: 0.9999999999999999
1 1
1 2
1 3
2 1
2 2
2 3
3 1
3 2
3 3
1 1
1 2
1 3
2 1
2 2
2 3
3 1
3 2
3 3
1 1
1 2
1 3
2 1
2 2
2 3
3 1
3 2
3 3
1 1
1 2
1 3
2 1
2 2
2 3
3 1
3 2
3 3
1 1
1 2
1 3
2 1
2 2
2 3
3 1
3 2
3 3
1 1
1 2
1 3
2 1
2 2
2 3
3 1
3 2
3 3
1 1
1 2
1 3
2 1
2 2
2 3
3 1
3 2
3 3
1 1
1 2
1 3
2 1
2 2
2 3
3 1
3 2
3 3
1 1
1 2
1 3
2 1
2 2
2 3
3 1
3 2
3 3
1 1
1 2
1 3
2 1
2 2
2 3
3 1
3 2
3 3
1 1
1 2
1 3
2 1
2 2
2 3
3 1
3 2
3 3
1 1
1 2
1 3
2 1
2 2
2 3
3 1
3 2
3 3
1 1
1 2
1 3
2 1
2 2
2 3
3 1
3 2
3 3
1 1
1 2
1 3
2 1
2 2
2 3
3 1
3 2
3 3
1 1
1 2
1 3
2 1
2 2
2 3
3 1
3 2
3 3
1 1
1 2
1 3
2 1
2 2
2 3
3 1
3 2
3 3
1 1
1 2
1 3
2 1
2 2
2 3
3 1
3 2
3 3
1 1
1 2
1 3
2 1
2 2
2 3
3 1
3 2
3 3
1 1
1 2
1 3
2 1
2 2
2 3
3 1
3 2
3 3
1 1
1 2
1 3
2 1
2 2
2 3
3 1
3 2
3 3
1 1 1 0.007995586857940537
1 2 1 0.010650197528086488
1 3 1 0.01042246872367356
2 1 1 0.008994734028415007
2 2 1 0.010610124914174499
2 3 1 0.01068021427060162
3 1 1 0.009152580622511607
3 2 1 0.012538550070821247
3 3 1 0.0067689667239156075
1 1 2 0.009696804230543874
1 2 2 0.00925382554304197
1 3 2 0.009598166600412416
2 1 2 0.010654876821531134
2 2 2 0.009490482726596777
2 3 2 0.008769625906944689
3 1 2 0.008727172127157071
3 2 2 0.008724234707551546
3 3 2 0.008541336325704061
1 1 3 0.009803301858246339
1 2 3 0.0075734972509795455
1 3 3 0.008574004349527129
2 1 3 0.010057202855073943
2 2 3 0.008803017128423171
2 3 3 0.010488052031463737
3 1 3 0.009732979262158114
3 2 3 0.00931235661864231
3 3 3 0.008926702273553272
1 1 4 0.007116738365955541
1 2 4 0.008671232324957529
1 3 4 0.009041893334308396
2 1 4 0.00800064439029862
2 2 4 0.007933842682340587
2 3 4 0.008698783887336973
3 1 4 0.008546537540730417
3 2 4 0.007963712422944604
3 3 4 0.007901901654242958
1 1 5 0.009790013038275132
1 2 5 0.00752609067288329
1 3 5 0.008141578968619547
2 1 5 0.008574839127029402
2 2 5 0.00928521787643056
2 3 5 0.006925256715653716
3 1 5 0.006255965001926589
3 2 5 0.006701298146020357
3 3 5 0.007644937965891827
1 1 6 0.0087200732767855
1 2 6 0.007492503526102197
1 3 6 0.008401793924687553
2 1 6 0.009936053030167542
2 2 6 0.0066463189555229
2 3 6 0.007142579809717083
3 1 6 0.012245748167170266
3 2 6 0.006800827658645625
3 3 6 0.006926929642975676
1 1 7 0.009997379852795625
1 2 7 0.008262968565624914
1 3 7 0.008163809328515301
2 1 7 0.011720580720474055
2 2 7 0.00941312487361607
2 3 7 0.007617987473785541
3 1 7 0.009004846939963151
3 2 7 0.009727512520719572
3 3 7 0.007440200861366299
1 1 8 0.011556404550527566
1 2 8 0.008090920131223193
1 3 8 0.008158581622390224
2 1 8 0.009548059267193727
2 2 8 0.00764508142261322
2 3 8 0.007018690979416373
3 1 8 0.008859458240709614
3 2 8 0.009908801920883496
3 3 8 0.006542577182606027
1 1 9 0.007913005871696759
1 2 9 0.010469335680844455
1 3 9 0.009393107375125562
2 1 9 0.010669128586431502
2 2 9 0.009137354193410671
2 3 9 0.008198820803815308
3 1 9 0.008680489743536813
3 2 9 0.00647624374443047
3 3 9 0.00745158044010345
1 1 10 0.008690992030309184
1 2 10 0.0078066103863169535
1 3 10 0.007411215059250099
2 1 10 0.00885332239438308
2 2 10 0.009025320147405
2 3 10 0.009756509390645639
3 1 10 0.008639923922219062
3 2 10 0.008283731361667736
3 3 10 0.008764002160587406
1 1 11 0.007360677943472484
1 2 11 0.007034685742102682
1 3 11 0.008790247127077717
2 1 11 0.008684019102582293
2 2 11 0.010296190410792348
2 3 11 0.009860267448390853
3 1 11 0.007343995303405054
3 2 11 0.008887652196886779
3 3 11 0.009466936616320911
1 1 12 0.00754241550537806
1 2 12 0.006820283196816207
1 3 12 0.008162685764745166
2 1 12 0.006229626359631575
2 2 12 0.007279938289255422
2 3 12 0.008797608089887476
3 1 12 0.0074946669040973305
3 2 12 0.00867897831200486
3 3 12 0.009330489201278136
1 1 13 0.008598714854626013
1 2 13 0.005837878703256632
1 3 13 0.00738832389938199
2 1 13 0.008941104149748913
2 2 13 0.007365415532751688
2 3 13 0.010419646903701004
3 1 13 0.007125838638659567
3 2 13 0.007066454271065179
3 3 13 0.008793713118977992
1 1 14 0.007308740795197191
1 2 14 0.005401401050000187
1 3 14 0.008350907704114856
2 1 14 0.007321216849325034
2 2 14 0.0072615059301549215
2 3 14 0.010082205836076141
3 1 14 0.009682303029022113
3 2 14 0.005862386306494815
3 3 14 0.007861379141698434
1 1 15 0.008119271744195617
1 2 15 0.006080137681028443
1 3 15 0.007588670160635072
2 1 15 0.009576160567757157
2 2 15 0.007597958584358998
2 3 15 0.008537056866059949
3 1 15 0.007085084617737011
3 2 15 0.006622064469585252
3 3 15 0.007976241799727297
1 1 16 0.007184498887211188
1 2 16 0.00522520787178857
1 3 16 0.006262025948902945
2 1 16 0.009245925503348221
2 2 16 0.005944905971426824
2 3 16 0.006929547588455433
3 1 16 0.00852204374005418
3 2 16 0.006369948205794442
3 3 16 0.0066180584960361345
1 1 17 0.006457669967305716
1 2 17 0.006994116062085873
1 3 17 0.008491208979099529
2 1 17 0.009873565567792533
2 2 17 0.005097369783335637
2 3 17 0.007601124173948105
3 1 17 0.007913599798920475
3 2 17 0.004028993019331998
3 3 17 0.0061398453534916115
1 1 18 0.007990775883469891
1 2 18 0.00483998479658519
1 3 18 0.0055707542494161915
2 1 18 0.008041414727346203
2 2 18 0.004326950903018457
2 3 18 0.00566348308248923
3 1 18 0.007087897530919056
3 2 18 0.00479317110277626
3 3 18 0.006488991924349275
1 1 19 0.005171261863433958
1 2 19 0.004874984014551712
1 3 19 0.006301778775358677
2 1 19 0.00520936766131275
2 2 19 0.005411403744157605
2 3 19 0.005759691826936015
3 1 19 0.006706784525859695
3 2 19 0.004612262991347257
3 3 19 0.004772494319058171
1 1 20 0.0063744485624786015
1 2 20 0.0042794274089415964
1 3 20 0.00473866793198144
2 1 20 0.006696691924087899
2 2 20 0.005043216905970242
2 3 20 0.0076255349652596715
3 1 20 0.004715906963336835
3 2 20 0.004661502009813636
3 3 20 0.007013320074575445
