W: 4.2
num_iter: 0
[-1.01318544 -1.01318544 -1.00330485 -1.00330485 -0.9923896  -0.9923896
 -0.98049692 -0.98049692 -0.96778104 -0.96778104 -0.95394127 -0.95394127
 -0.93943756 -0.93943756 -0.92333486 -0.92333486 -0.90634934 -0.90634934
 -0.88803615 -0.88803615 -0.86893945 -0.86893945 -0.84871507 -0.84871507
 -0.82682186 -0.82682186 -0.80407747 -0.80407747 -0.77949127 -0.77949127
 -0.75397052 -0.75397052 -0.72668424 -0.72668424 -0.69789902 -0.69789902
 -0.66756354 -0.66756354 -0.63487084 -0.63487084 -0.60098834 -0.60098834
 -0.56457754 -0.56457754 -0.52608826 -0.52608826 -0.48542548 -0.48542548
 -0.44252516 -0.44252516 -0.39781363 -0.39781363 -0.34989635 -0.34989635
 -0.30025378 -0.30025378 -0.2476805  -0.2476805  -0.19272634 -0.19272634
 -0.13388972 -0.13388972 -0.06529213 -0.06529213  0.06528841  0.06528841
  0.13389068  0.13389068  0.19272647  0.19272647  0.2476782   0.2476782
  0.30024658  0.30024658  0.34988955  0.34988955  0.39781067  0.39781067
  0.44252794  0.44252794  0.48542748  0.48542748  0.52608631  0.52608631
  0.5645759   0.5645759   0.60099028  0.60099028  0.63487917  0.63487917
  0.66756573  0.66756573  0.69790488  0.69790488  0.72668136  0.72668136
  0.75397536  0.75397536  0.77948974  0.77948974  0.80407512  0.80407512
  0.82681981  0.82681981  0.84872292  0.84872292  0.86893857  0.86893857
  0.88804262  0.88804262  0.9063486   0.9063486   0.92333729  0.92333729
  0.93943939  0.93943939  0.95393569  0.95393569  0.96777579  0.96777579
  0.98049562  0.98049562  0.99239838  0.99239838  1.00329651  1.00329651
  1.01318654  1.01318654]
localization_length: 0.4786454516623926
0.47508934735478797
W_list: [4.2]
L_list: [15.202859115353215]
