[-2.41421356 -1.         -1.         -0.41421356  0.41421356  1.
  1.          2.41421356]
W: 1.7999999999999998
num_iter: 0
[-0.46820592 -0.45503005 -0.44150506 -0.42677134 -0.4119721  -0.39713115
 -0.38218926 -0.36774325 -0.35261954 -0.3380705  -0.32320273 -0.30836879
 -0.29399063 -0.27968168 -0.26495856 -0.25096285 -0.23690277 -0.22296582
 -0.2087605  -0.19513836 -0.18094563 -0.16682356 -0.15279937 -0.13911206
 -0.12462103 -0.11021624 -0.09585284 -0.08086473 -0.06569326 -0.05014675
 -0.03329465 -0.01726087  0.01726773  0.03329654  0.05014139  0.06569955
  0.08086225  0.09585124  0.11021789  0.12460554  0.1391189   0.15280572
  0.16682523  0.1809429   0.19513632  0.20877077  0.22296394  0.23689745
  0.25096385  0.26495275  0.27967164  0.29399612  0.30837156  0.32322515
  0.33805947  0.35261668  0.36774775  0.38218341  0.39714435  0.41196315
  0.42676721  0.44149662  0.45503839  0.46820036]
localization_length: 1.8104535949118574
1.8176058354443319
W_list: [1.7999999999999998]
L_list: [1.8176058354443319]
[-2.41421356 -1.         -1.         -0.41421356  0.41421356  1.
  1.          2.41421356]
W: 1.7999999999999998
num_iter: 0
[-0.46889593 -0.45496237 -0.44091774 -0.4265195  -0.41176442 -0.39698711
 -0.38230906 -0.36755202 -0.35269986 -0.33768744 -0.32308041 -0.30839073
 -0.29362947 -0.27918309 -0.26461919 -0.25040931 -0.23660999 -0.2229236
 -0.20870379 -0.19495263 -0.18095067 -0.16634324 -0.15295228 -0.13884043
 -0.12458338 -0.11043188 -0.09597384 -0.08054832 -0.06565637 -0.05032481
 -0.03368314 -0.01717123  0.01717034  0.03368121  0.05033053  0.06566355
  0.08054368  0.09596891  0.11043246  0.12458457  0.13883834  0.15295299
  0.16633808  0.18096078  0.1949501   0.20869892  0.22292567  0.23660601
  0.25040896  0.26463105  0.27917804  0.29362424  0.30839811  0.32306655
  0.33769534  0.35268746  0.36756777  0.38230516  0.3969878   0.4117522
  0.42653296  0.44090951  0.45496771  0.46889826]
localization_length: 1.8199986987689818
2.0333028033046543
W_list: [1.7999999999999998]
L_list: [2.0333028033046543]
