[-2.41421356 -1.         -1.         -0.41421356  0.41421356  1.
  1.          2.41421356]
W: 1.5999999999999999
num_iter: 0
[-0.41508963 -0.28011431 -0.16287531 -0.07656342  0.07655598  0.16289008
  0.28011141  0.4150852 ]
localization_length: 3.265584135196844
3.237553723810856
num_iter: 1
[-0.41597401 -0.28001693 -0.16345388 -0.07553292  0.07553212  0.1634518
  0.28000857  0.41598523]
localization_length: 3.3098501784190333
3.300908574248199
num_iter: 2
[-0.41568718 -0.28082189 -0.16190289 -0.07495714  0.07494794  0.1619162
  0.28081702  0.41568794]
localization_length: 3.335648724087099
3.3993593139635627
W_list: [1.5999999999999999]
L_list: [3.312607204007539]
[-2.41421356 -1.         -1.         -0.41421356  0.41421356  1.
  1.          2.41421356]
W: 1.5999999999999999
num_iter: 0
[-0.41575187 -0.27939388 -0.16398779 -0.07538907  0.07539126  0.16398849
  0.27939256  0.4157503 ]
localization_length: 3.316130531130885
3.285997156688387
num_iter: 1
[-0.41601247 -0.28017335 -0.16269705 -0.07555032  0.07554659  0.16269908
  0.28017801  0.41600951]
localization_length: 3.309216071463346
3.340664705413974
num_iter: 2
[-0.41545324 -0.27966354 -0.16359381 -0.07513032  0.07513003  0.16359959
  0.27965702  0.41545427]
localization_length: 3.3275643782476116
3.310390571549565
W_list: [1.5999999999999999]
L_list: [3.312350811217309]
