W: 1.6
num_iter: 0
[-1.14939321 -1.14939321 -1.1417108  -1.1417108  -1.132245   -1.132245
 -1.12181614 -1.12181614 -1.10958984 -1.10958984 -1.09589588 -1.09589588
 -1.07993258 -1.07993258 -1.06268488 -1.06268488 -1.04298186 -1.04298186
 -1.02036792 -1.02036792 -0.99517919 -0.99517919 -0.96730028 -0.96730028
 -0.93570609 -0.93570609 -0.90018203 -0.90018203 -0.86133251 -0.86133251
 -0.8177166  -0.8177166  -0.76950219 -0.76950219 -0.71810449 -0.71810449
 -0.66286527 -0.66286527 -0.604708   -0.604708   -0.54649962 -0.54649962
 -0.4882324  -0.4882324  -0.43212337 -0.43212337 -0.37880821 -0.37880821
 -0.32763943 -0.32763943 -0.27886713 -0.27886713 -0.232862   -0.232862
 -0.18778172 -0.18778172 -0.14446321 -0.14446321 -0.10183763 -0.10183763
 -0.05980535 -0.05980535 -0.01578668 -0.01578668  0.01578588  0.01578588
  0.05980581  0.05980581  0.10184006  0.10184006  0.14446199  0.14446199
  0.1877791   0.1877791   0.23286439  0.23286439  0.27886282  0.27886282
  0.32764052  0.32764052  0.37880854  0.37880854  0.4321177   0.4321177
  0.48822506  0.48822506  0.54650649  0.54650649  0.60470174  0.60470174
  0.66287189  0.66287189  0.71811039  0.71811039  0.76950185  0.76950185
  0.8177128   0.8177128   0.86133772  0.86133772  0.90018018  0.90018018
  0.93570615  0.93570615  0.96730372  0.96730372  0.99518129  0.99518129
  1.02037324  1.02037324  1.04297333  1.04297333  1.06268457  1.06268457
  1.07993602  1.07993602  1.09589698  1.09589698  1.10959121  1.10959121
  1.1218125   1.1218125   1.13224639  1.13224639  1.14171176  1.14171176
  1.14938945  1.14938945]
localization_length: 1.9796173026359511
1.9817052046905397
W_list: [1.6]
L_list: [63.41456655009727]
