W: 2.0
num_iter: 0
[-1.16343484 -1.16343484 -1.14263724 -1.14263724 -1.11559477 -1.11559477
 -1.08189433 -1.08189433 -1.03958789 -1.03958789 -0.98669018 -0.98669018
 -0.92180542 -0.92180542 -0.84345703 -0.84345703 -0.75175637 -0.75175637
 -0.64873316 -0.64873316 -0.54165911 -0.54165911 -0.43578164 -0.43578164
 -0.33548839 -0.33548839 -0.23877055 -0.23877055 -0.14444627 -0.14444627
 -0.04229602 -0.04229602  0.04229682  0.04229682  0.14444855  0.14444855
  0.23876965  0.23876965  0.33548987  0.33548987  0.43578336  0.43578336
  0.54165544  0.54165544  0.64873697  0.64873697  0.75175863  0.75175863
  0.84346055  0.84346055  0.92180829  0.92180829  0.98668725  0.98668725
  1.03958254  1.03958254  1.08189861  1.08189861  1.11559085  1.11559085
  1.14262912  1.14262912  1.16343668  1.16343668]
localization_length: 1.4776804266869186
1.5023855452399095
W_list: [2.0]
L_list: [24.038168723838552]
