W: 3.0
num_iter: 0
[-0.80929175 -0.80929175 -0.80084857 -0.80084857 -0.79078213 -0.79078213
 -0.78000627 -0.78000627 -0.76792849 -0.76792849 -0.75488527 -0.75488527
 -0.740636   -0.740636   -0.72509621 -0.72509621 -0.70864667 -0.70864667
 -0.69106631 -0.69106631 -0.67225178 -0.67225178 -0.65270994 -0.65270994
 -0.63231208 -0.63231208 -0.61032452 -0.61032452 -0.58749892 -0.58749892
 -0.5637778  -0.5637778  -0.53864337 -0.53864337 -0.51224386 -0.51224386
 -0.48460907 -0.48460907 -0.45584516 -0.45584516 -0.42566257 -0.42566257
 -0.3939207  -0.3939207  -0.36136194 -0.36136194 -0.3271906  -0.3271906
 -0.29204984 -0.29204984 -0.25523485 -0.25523485 -0.21739313 -0.21739313
 -0.17886221 -0.17886221 -0.13955367 -0.13955367 -0.09957387 -0.09957387
 -0.0587945  -0.0587945  -0.01516463 -0.01516463  0.01516415  0.01516415
  0.05878784  0.05878784  0.09957237  0.09957237  0.13955359  0.13955359
  0.17886252  0.17886252  0.21739356  0.21739356  0.25523383  0.25523383
  0.2920438   0.2920438   0.32719172  0.32719172  0.36136626  0.36136626
  0.39392162  0.39392162  0.42565929  0.42565929  0.45584561  0.45584561
  0.48460679  0.48460679  0.51225043  0.51225043  0.53864592  0.53864592
  0.56377575  0.56377575  0.58750208  0.58750208  0.610321    0.610321
  0.63231397  0.63231397  0.65271326  0.65271326  0.67225061  0.67225061
  0.6910682   0.6910682   0.70864429  0.70864429  0.7251005   0.7251005
  0.74063637  0.74063637  0.75488269  0.75488269  0.7679247   0.7679247
  0.78000786  0.78000786  0.79078256  0.79078256  0.80085097  0.80085097
  0.80929258  0.80929258]
localization_length: 2.0607817725603392
2.0177985384891275
W_list: [3.0]
L_list: [64.56955323165208]
