Norm difference: 1.0
Norm difference: 1.0
1 1
1 2
1 3
2 1
2 2
2 3
3 1
3 2
3 3
1 1
1 2
1 3
2 1
2 2
2 3
3 1
3 2
3 3
1 1
1 2
1 3
2 1
2 2
2 3
3 1
3 2
3 3
1 1
1 2
1 3
2 1
2 2
2 3
3 1
3 2
3 3
1 1
1 2
1 3
2 1
2 2
2 3
3 1
3 2
3 3
1 1
1 2
1 3
2 1
2 2
2 3
3 1
3 2
3 3
1 1
1 2
1 3
2 1
2 2
2 3
3 1
3 2
3 3
1 1
1 2
1 3
2 1
2 2
2 3
3 1
3 2
3 3
1 1
1 2
1 3
2 1
2 2
2 3
3 1
3 2
3 3
1 1
1 2
1 3
2 1
2 2
2 3
3 1
3 2
3 3
1 1
1 2
1 3
2 1
2 2
2 3
3 1
3 2
3 3
1 1
1 2
1 3
2 1
2 2
2 3
3 1
3 2
3 3
1 1
1 2
1 3
2 1
2 2
2 3
3 1
3 2
3 3
1 1
1 2
1 3
2 1
2 2
2 3
3 1
3 2
3 3
1 1
1 2
1 3
2 1
2 2
2 3
3 1
3 2
3 3
1 1
1 2
1 3
2 1
2 2
2 3
3 1
3 2
3 3
1 1
1 2
1 3
2 1
2 2
2 3
3 1
3 2
3 3
1 1
1 2
1 3
2 1
2 2
2 3
3 1
3 2
3 3
1 1
1 2
1 3
2 1
2 2
2 3
3 1
3 2
3 3
1 1
1 2
1 3
2 1
2 2
2 3
3 1
3 2
3 3
1 1 1 0.01114780641554434
1 2 1 0.0067313112267795155
1 3 1 0.010523131925569223
2 1 1 0.005687066650307415
2 2 1 0.005385095400411757
2 3 1 0.004695883788910236
3 1 1 0.013717946633472986
3 2 1 0.0073326930226071205
3 3 1 0.011959386146059476
1 1 2 0.008868699850257466
1 2 2 0.009844561616372812
1 3 2 0.005861069485221545
2 1 2 0.004119480953499498
2 2 2 0.0055405094140129115
2 3 2 0.004576796408895059
3 1 2 0.010372141494196421
3 2 2 0.008962399472199524
3 3 2 0.008661410035630684
1 1 3 0.010536088553793548
1 2 3 0.008473458031497258
1 3 3 0.013606717604974372
2 1 3 0.00629872842260058
2 2 3 0.0029552499741620246
2 3 3 0.004927916516311907
3 1 3 0.011160172443440693
3 2 3 0.008502437736151171
3 3 3 0.01154983685329076
1 1 4 0.009967433460207922
1 2 4 0.009200100865577142
1 3 4 0.01590656997309784
2 1 4 0.004777526250203186
2 2 4 0.0046304712193376875
2 3 4 0.0057472295443506734
3 1 4 0.01061469951244821
3 2 4 0.010878165896710987
3 3 4 0.018871328994338767
1 1 5 0.007216918835529422
1 2 5 0.00786609541173145
1 3 5 0.013701342287215867
2 1 5 0.004120706076299728
2 2 5 0.0037029087502427694
2 3 5 0.005584614882280186
3 1 5 0.010111442401528094
3 2 5 0.010027830884239055
3 3 5 0.01795119645525339
1 1 6 0.009042608763774596
1 2 6 0.01018980868084725
1 3 6 0.011655651832584647
2 1 6 0.004079490478146513
2 2 6 0.004443545860266344
2 3 6 0.005729731255253519
3 1 6 0.010374190125346072
3 2 6 0.008731372825147512
3 3 6 0.014945550306933453
1 1 7 0.010922553620183033
1 2 7 0.010358300448879507
1 3 7 0.013499947572172488
2 1 7 0.006223161446351813
2 2 7 0.003958149980627653
2 3 7 0.004474230172540219
3 1 7 0.012510791532137184
3 2 7 0.011160739561645714
3 3 7 0.0124403755774805
1 1 8 0.010301659636295691
1 2 8 0.011299338721215909
1 3 8 0.010866007559215322
2 1 8 0.0034460228546490854
2 2 8 0.005271836707551454
2 3 8 0.006416962030170589
3 1 8 0.012408486006268482
3 2 8 0.010732530297507231
3 3 8 0.010422203586946923
1 1 9 0.008691942464254355
1 2 9 0.0066363712525056105
1 3 9 0.0057528029087996965
2 1 9 0.00386791765919899
2 2 9 0.005521809723880657
2 3 9 0.005774339616281767
3 1 9 0.009674916879776776
3 2 9 0.009272094525992649
3 3 9 0.008287989653497257
1 1 10 0.006058437727829763
1 2 10 0.006591123773553348
1 3 10 0.007406498646070035
2 1 10 0.005180804823610869
2 2 10 0.0024238061046995977
2 3 10 0.005099092363483998
3 1 10 0.007437839548449054
3 2 10 0.006674783543025564
3 3 10 0.008687348928885084
1 1 11 0.007672278435521626
1 2 11 0.00813574268547063
1 3 11 0.008101777972952003
2 1 11 0.004946968822991185
2 2 11 0.003718033851989366
2 3 11 0.005852812425279777
3 1 11 0.006167872258620545
3 2 11 0.008080810024020923
3 3 11 0.008453188769839491
1 1 12 0.008254500380200485
1 2 12 0.005646195042593025
1 3 12 0.006136058047925702
2 1 12 0.00636014933770331
2 2 12 0.003830332466201447
2 3 12 0.00545537436779446
3 1 12 0.007955475570533246
3 2 12 0.006483726221155721
3 3 12 0.006989752230611173
1 1 13 0.007848729074159512
1 2 13 0.004250139353833985
1 3 13 0.004280026400862524
2 1 13 0.005138391589859015
2 2 13 0.0028022535504161456
2 3 13 0.004078865465438536
3 1 13 0.008482912235240858
3 2 13 0.006611927079089551
3 3 13 0.007042793246775268
1 1 14 0.007476826510586836
1 2 14 0.004064013308854024
1 3 14 0.00430979776269313
2 1 14 0.004866746261286638
2 2 14 0.0022569204670487924
2 3 14 0.0051964106844654785
3 1 14 0.009334838120386461
3 2 14 0.0050532950863604875
3 3 14 0.006005315448722568
1 1 15 0.006686757157026241
1 2 15 0.0049943587881434
1 3 15 0.003079807995501276
2 1 15 0.005077007704316894
2 2 15 0.0029596651296444738
2 3 15 0.005087497768659394
3 1 15 0.006975929666079353
3 2 15 0.004372112442627996
3 3 15 0.0050045331928347415
1 1 16 0.0040351955190108015
1 2 16 0.0036490039004616593
1 3 16 0.004086993683035519
2 1 16 0.004122300968183938
2 2 16 0.003055599342983777
2 3 16 0.004729202577702083
3 1 16 0.005224373530512826
3 2 16 0.005289719753840772
3 3 16 0.004947088455708203
1 1 17 0.0036037020945323905
1 2 17 0.0034645518697232402
1 3 17 0.004826451131306302
2 1 17 0.005009813228376546
2 2 17 0.002254942433150831
2 3 17 0.003907319026897586
3 1 17 0.004109378635916405
3 2 17 0.0037824428638564356
3 3 17 0.004641300771289305
1 1 18 0.002865126842188241
1 2 18 0.001895755127477574
1 3 18 0.004511564897987456
2 1 18 0.004536986907167988
2 2 18 0.003459020447698985
2 3 18 0.004310939955680321
3 1 18 0.0045959172342282615
3 2 18 0.0032432961804797454
3 3 18 0.004075605976262742
1 1 19 0.001840217189027673
1 2 19 0.0025528166496080603
1 3 19 0.003408231016443356
2 1 19 0.004197205154156822
2 2 19 0.002221460767703212
2 3 19 0.0039678520579602816
3 1 19 0.003969269891256299
3 2 19 0.0020159038859768595
3 3 19 0.002914810675017253
1 1 20 0.0024593468429760586
1 2 20 0.002768865534202376
1 3 20 0.0033744213179959853
2 1 20 0.0027868734023504312
2 2 20 0.003883598451876729
2 3 20 0.003932117640306909
3 1 20 0.0026078837613684393
3 2 20 0.0035234065647569645
3 3 20 0.002846953917974617
