W: 3.0
num_iter: 0
[-0.99774748 -0.99774748 -0.93302239 -0.93302239 -0.8446693  -0.8446693
 -0.73473586 -0.73473586 -0.60466895 -0.60466895 -0.45679077 -0.45679077
 -0.29055977 -0.29055977 -0.09058869 -0.09058869  0.09058608  0.09058608
  0.29055877  0.29055877  0.45679169  0.45679169  0.60466788  0.60466788
  0.73473611  0.73473611  0.84466609  0.84466609  0.93302744  0.93302744
  0.99774916  0.99774916]
localization_length: 1.3799029192086496
1.3704481134019628
W_list: [3.0]
L_list: [10.963584907215703]
