W: 2.8
num_iter: 0
[-0.97459605 -0.97459605 -0.91039686 -0.91039686 -0.82116707 -0.82116707
 -0.71045396 -0.71045396 -0.58015124 -0.58015124 -0.43366941 -0.43366941
 -0.27088651 -0.27088651 -0.07910614 -0.07910614  0.07910626  0.07910626
  0.27088808  0.27088808  0.43366298  0.43366298  0.58015633  0.58015633
  0.71045432  0.71045432  0.82116685  0.82116685  0.91039677  0.91039677
  0.97459565  0.97459565]
localization_length: 1.5801555604762554
1.5915293673656368
W_list: [2.8]
L_list: [12.732234938925094]
