W: 3.4000000000000004
num_iter: 0
[-1.05574201 -1.05574201 -1.02859632 -1.02859632 -0.99581612 -0.99581612
 -0.95795109 -0.95795109 -0.91504276 -0.91504276 -0.86633801 -0.86633801
 -0.81314718 -0.81314718 -0.75461658 -0.75461658 -0.69043298 -0.69043298
 -0.62122625 -0.62122625 -0.54636361 -0.54636361 -0.464898   -0.464898
 -0.37846607 -0.37846607 -0.28537975 -0.28537975 -0.18507167 -0.18507167
 -0.06897874 -0.06897874  0.06897895  0.06897895  0.18506722  0.18506722
  0.28538013  0.28538013  0.37846762  0.37846762  0.46489761  0.46489761
  0.54636199  0.54636199  0.62122631  0.62122631  0.6904282   0.6904282
  0.75461494  0.75461494  0.81314729  0.81314729  0.86634147  0.86634147
  0.91504674  0.91504674  0.95795556  0.95795556  0.99581378  0.99581378
  1.02859632  1.02859632  1.05574302  1.05574302]
localization_length: 0.9060762284923124
0.9144675401640423
W_list: [3.4000000000000004]
L_list: [14.631480642624677]
