W: 2.6
num_iter: 0
[-0.73799489 -0.73799489 -0.73010585 -0.73010585 -0.72073424 -0.72073424
 -0.71022396 -0.71022396 -0.69868943 -0.69868943 -0.68567655 -0.68567655
 -0.67204982 -0.67204982 -0.65716077 -0.65716077 -0.64127392 -0.64127392
 -0.62447631 -0.62447631 -0.606404   -0.606404   -0.58773438 -0.58773438
 -0.56788206 -0.56788206 -0.54732995 -0.54732995 -0.52575633 -0.52575633
 -0.50302309 -0.50302309 -0.47935323 -0.47935323 -0.45452228 -0.45452228
 -0.4288748  -0.4288748  -0.40207145 -0.40207145 -0.37419237 -0.37419237
 -0.34540571 -0.34540571 -0.31550481 -0.31550481 -0.28385024 -0.28385024
 -0.25160909 -0.25160909 -0.21882344 -0.21882344 -0.18481439 -0.18481439
 -0.15044377 -0.15044377 -0.11576839 -0.11576839 -0.08099549 -0.08099549
 -0.04628924 -0.04628924 -0.00999515 -0.00999515  0.00999353  0.00999353
  0.04628843  0.04628843  0.08100044  0.08100044  0.11577296  0.11577296
  0.15044114  0.15044114  0.18481337  0.18481337  0.21882169  0.21882169
  0.25161368  0.25161368  0.28384449  0.28384449  0.3155026   0.3155026
  0.34540607  0.34540607  0.37418889  0.37418889  0.4020733   0.4020733
  0.42887724  0.42887724  0.45452254  0.45452254  0.47935152  0.47935152
  0.50302122  0.50302122  0.52575592  0.52575592  0.54732931  0.54732931
  0.56788541  0.56788541  0.58773223  0.58773223  0.60640168  0.60640168
  0.62447247  0.62447247  0.64128177  0.64128177  0.65715963  0.65715963
  0.67205014  0.67205014  0.68567553  0.68567553  0.69869164  0.69869164
  0.71022468  0.71022468  0.72073584  0.72073584  0.73010686  0.73010686
  0.73799317  0.73799317]
localization_length: 3.127024405587845
3.0525012827436475
W_list: [2.6]
L_list: [97.68004104779672]
