W: 3.2
num_iter: 0
[-1.03281044 -1.03281044 -1.00511404 -1.00511404 -0.97269162 -0.97269162
 -0.93484208 -0.93484208 -0.89128264 -0.89128264 -0.84202989 -0.84202989
 -0.78824716 -0.78824716 -0.72864793 -0.72864793 -0.66448503 -0.66448503
 -0.59496489 -0.59496489 -0.5207871  -0.5207871  -0.4414644  -0.4414644
 -0.35656779 -0.35656779 -0.26581519 -0.26581519 -0.16995599 -0.16995599
 -0.05890044 -0.05890044  0.05890193  0.05890193  0.16995787  0.16995787
  0.26581252  0.26581252  0.35657172  0.35657172  0.44146847  0.44146847
  0.52078363  0.52078363  0.59496358  0.59496358  0.6644856   0.6644856
  0.72864595  0.72864595  0.78824266  0.78824266  0.84202801  0.84202801
  0.8912832   0.8912832   0.93483795  0.93483795  0.97269298  0.97269298
  1.0051173   1.0051173   1.03281329  1.03281329]
localization_length: 1.0611125886548265
1.0525280174761504
W_list: [3.2]
L_list: [16.840448279618407]
