Norm difference: 1.0
Norm difference: 1.0
1 1
1 2
2 1
2 2
1 1
1 2
2 1
2 2
1 1
1 2
2 1
2 2
1 1
1 2
2 1
2 2
1 1
1 2
2 1
2 2
1 1
1 2
2 1
2 2
1 1
1 2
2 1
2 2
1 1
1 2
2 1
2 2
1 1
1 2
2 1
2 2
1 1
1 2
2 1
2 2
1 1
1 2
2 1
2 2
1 1
1 2
2 1
2 2
1 1
1 2
2 1
2 2
1 1
1 2
2 1
2 2
1 1
1 2
2 1
2 2
1 1
1 2
2 1
2 2
1 1
1 2
2 1
2 2
1 1
1 2
2 1
2 2
1 1
1 2
2 1
2 2
1 1
1 2
2 1
2 2
1 1 1 0.025020483095031642
1 2 1 0.018501657328307174
2 1 1 0.017921098478332877
2 2 1 0.01610609779099091
1 1 2 0.025844460964707595
1 2 2 0.01576974021608369
2 1 2 0.01265068281783747
2 2 2 0.016431754226253863
1 1 3 0.020338640419130423
1 2 3 0.01819201828427399
2 1 3 0.01237829540116327
2 2 3 0.010716050131650546
1 1 4 0.01442359615336985
1 2 4 0.017313612070531104
2 1 4 0.012246357638244457
2 2 4 0.006442663727606794
1 1 5 0.012488050610547623
1 2 5 0.011864486196261431
2 1 5 0.00950416376233856
2 2 5 0.00884214831650815
1 1 6 0.012369284391679409
1 2 6 0.009050783115481048
2 1 6 0.009101223427943301
2 2 6 0.009960725817907442
1 1 7 0.008869563069430614
1 2 7 0.008306435854387175
2 1 7 0.008417435528395249
2 2 7 0.005482006323377237
1 1 8 0.008128486792000738
1 2 8 0.007587282809719672
2 1 8 0.008091713449420359
2 2 8 0.005916550578508357
1 1 9 0.007637813535988072
1 2 9 0.00501798439129197
2 1 9 0.00479513270325071
2 2 9 0.004706900870469557
1 1 10 0.007390431463501837
1 2 10 0.006595042087183346
2 1 10 0.005297605260467632
2 2 10 0.005444698268668275
1 1 11 0.006372167033966912
1 2 11 0.004202017063269179
2 1 11 0.0051970929808407024
2 2 11 0.0038073526819972737
1 1 12 0.007242204896056537
1 2 12 0.0052559782908221785
2 1 12 0.00490621310554039
2 2 12 0.003543393512715741
1 1 13 0.0065655662105428255
1 2 13 0.004987179495825841
2 1 13 0.004245826166784945
2 2 13 0.002615136682354127
1 1 14 0.005811175529874257
1 2 14 0.005334355912689754
2 1 14 0.0042232645112175345
2 2 14 0.003700819065192517
1 1 15 0.005351162993533169
1 2 15 0.00403183022557579
2 1 15 0.003956815587778442
2 2 15 0.0035237275926805487
1 1 16 0.003626469239019642
1 2 16 0.004097448138804471
2 1 16 0.004257024740647622
2 2 16 0.0031641760730705556
1 1 17 0.001904017345784249
1 2 17 0.0025213512291272257
2 1 17 0.0037020312785341096
2 2 17 0.0030820067122313576
1 1 18 0.0014839223088534644
1 2 18 0.0013749064164306289
2 1 18 0.002059807712337834
2 2 18 0.0025766094391239122
1 1 19 0.0007694723413535518
1 2 19 0.0010582105326851913
2 1 19 0.0008935577990632779
2 2 19 0.0013409083989572223
1 1 20 0.0003544347544972749
1 2 20 0.0005560449701007561
2 1 20 0.00045846748386677895
2 2 20 0.0006547185476655517
