[-2.41421356 -1.         -1.         -0.41421356  0.41421356  1.
  1.          2.41421356]
W: 2.2
num_iter: 0
[-0.54249483 -0.39547012 -0.2499371  -0.12216812  0.12216843  0.24993885
  0.39547432  0.54248857]
localization_length: 2.046360369688172
2.0578883972735134
num_iter: 1
[-0.54188285 -0.39498215 -0.2504025  -0.12104654  0.12105062  0.25039793
  0.39498258  0.54188291]
localization_length: 2.065321377867871
2.063330530431044
num_iter: 2
[-0.54286066 -0.39442146 -0.25091204 -0.12238653  0.12238677  0.25090894
  0.39442642  0.54285856]
localization_length: 2.042708412898436
2.0433601332315523
W_list: [2.2]
L_list: [2.0548596869787032]
[-2.41421356 -1.         -1.         -0.41421356  0.41421356  1.
  1.          2.41421356]
W: 2.2
num_iter: 0
[-0.54281384 -0.3954053  -0.25004462 -0.12234389  0.12234065  0.25004334
  0.3954047   0.54281897]
localization_length: 2.0434745853927287
2.025571019373084
num_iter: 1
[-0.54218095 -0.3944821  -0.24954622 -0.12235613  0.12235642  0.24954188
  0.39448162  0.54218548]
localization_length: 2.0432159955207463
2.0342305144375152
num_iter: 2
[-0.54340555 -0.39581699 -0.25096503 -0.12251944  0.12252334  0.25096483
  0.39581283  0.54340601]
localization_length: 2.040492551898105
2.0368000264450186
W_list: [2.2]
L_list: [2.032200520085206]
