Norm difference: 1.0
Norm difference: 1.0
1 1
1 2
1 3
2 1
2 2
2 3
3 1
3 2
3 3
1 1
1 2
1 3
2 1
2 2
2 3
3 1
3 2
3 3
1 1
1 2
1 3
2 1
2 2
2 3
3 1
3 2
3 3
1 1
1 2
1 3
2 1
2 2
2 3
3 1
3 2
3 3
1 1
1 2
1 3
2 1
2 2
2 3
3 1
3 2
3 3
1 1
1 2
1 3
2 1
2 2
2 3
3 1
3 2
3 3
1 1
1 2
1 3
2 1
2 2
2 3
3 1
3 2
3 3
1 1
1 2
1 3
2 1
2 2
2 3
3 1
3 2
3 3
1 1
1 2
1 3
2 1
2 2
2 3
3 1
3 2
3 3
1 1
1 2
1 3
2 1
2 2
2 3
3 1
3 2
3 3
1 1
1 2
1 3
2 1
2 2
2 3
3 1
3 2
3 3
1 1
1 2
1 3
2 1
2 2
2 3
3 1
3 2
3 3
1 1
1 2
1 3
2 1
2 2
2 3
3 1
3 2
3 3
1 1
1 2
1 3
2 1
2 2
2 3
3 1
3 2
3 3
1 1
1 2
1 3
2 1
2 2
2 3
3 1
3 2
3 3
1 1
1 2
1 3
2 1
2 2
2 3
3 1
3 2
3 3
1 1
1 2
1 3
2 1
2 2
2 3
3 1
3 2
3 3
1 1
1 2
1 3
2 1
2 2
2 3
3 1
3 2
3 3
1 1
1 2
1 3
2 1
2 2
2 3
3 1
3 2
3 3
1 1
1 2
1 3
2 1
2 2
2 3
3 1
3 2
3 3
1 1 1 0.0007691453284637065
1 2 1 0.0011108934741888843
1 3 1 0.0007929681717162802
2 1 1 0.0010027468301905267
2 2 1 0.0012233682746965653
2 3 1 0.0007950813051171432
3 1 1 0.0006777379122179771
3 2 1 0.0013160933423891005
3 3 1 0.0009158462222409964
1 1 2 0.0007047168174690816
1 2 2 0.0012562639591188862
1 3 2 0.0008946815978519256
2 1 2 0.0010595422914492284
2 2 2 0.0008710452895329526
2 3 2 0.0006925745485137465
3 1 2 0.0008594090450560025
3 2 2 0.0009116024857612282
3 3 2 0.000718690242686358
1 1 3 0.0006784625013777896
1 2 3 0.0009816972685663121
1 3 3 0.0007660354741116988
2 1 3 0.0008887364223693747
2 2 3 0.001118191037721987
2 3 3 0.0008508485195081756
3 1 3 0.000836607914161612
3 2 3 0.0010061098737577355
3 3 3 0.0006433730781285292
1 1 4 0.0007179725735570174
1 2 4 0.0010544792477578384
1 3 4 0.0007502845980819691
2 1 4 0.00048641207420776496
2 2 4 0.0008555225385424135
2 3 4 0.0007973601850731399
3 1 4 0.0007608941113466459
3 2 4 0.0009445229018745612
3 3 4 0.0004776712624073024
1 1 5 0.0008139638240435808
1 2 5 0.001119411049287444
1 3 5 0.0008745911542813289
2 1 5 0.0007658545001507679
2 2 5 0.0013877352230471625
2 3 5 0.0010098236693171423
3 1 5 0.0007638914043452073
3 2 5 0.0012535661898228855
3 3 5 0.0008213027916576264
1 1 6 0.0006851837107133554
1 2 6 0.0006555634825740098
1 3 6 0.0007921557348370866
2 1 6 0.000912239505980669
2 2 6 0.0012214220783642754
2 3 6 0.0010151367067799974
3 1 6 0.0007528526403683725
3 2 6 0.0013756420501723824
3 3 6 0.0009548983972937335
1 1 7 0.0006498655857311543
1 2 7 0.0008797480455404429
1 3 7 0.0008188756427299999
2 1 7 0.0009759924933730818
2 2 7 0.0010344582207770727
2 3 7 0.0010556101218962184
3 1 7 0.0009337892452216907
3 2 7 0.001248487910845704
3 3 7 0.0012425065694038995
1 1 8 0.000640004286188778
1 2 8 0.001023044312980392
1 3 8 0.0012030227414494934
2 1 8 0.0009261547393128063
2 2 8 0.0016678455359323853
2 3 8 0.0013579438430516367
3 1 8 0.0009552881556376579
3 2 8 0.0010827194855937167
3 3 8 0.0011590129753746383
1 1 9 0.0006300745005856837
1 2 9 0.0014785091922337103
1 3 9 0.0012515096151842163
2 1 9 0.0010499292929781255
2 2 9 0.001608814389515785
2 3 9 0.0017366262610953032
3 1 9 0.0008894900686441366
3 2 9 0.0016405866992992002
3 3 9 0.0016432283930808513
1 1 10 0.0009661974707860287
1 2 10 0.002040882464783397
1 3 10 0.0011738066310122205
2 1 10 0.001121763173914179
2 2 10 0.001837327405071414
2 3 10 0.0015470898607017208
3 1 10 0.0008225826011122704
3 2 10 0.0012868632558460658
3 3 10 0.0017316915875253663
1 1 11 0.0011577179421446402
1 2 11 0.001170266698069645
1 3 11 0.0008996638793884817
2 1 11 0.001030593378241382
2 2 11 0.0027298720014910217
2 3 11 0.0015365447280839587
3 1 11 0.0009298949156431527
3 2 11 0.002198516769360867
3 3 11 0.0014780993804901642
1 1 12 0.001144866694599026
1 2 12 0.0011932344096311667
1 3 12 0.0011674125993515146
2 1 12 0.0014456268777904107
2 2 12 0.002037264338402413
2 3 12 0.002129789057084182
3 1 12 0.000902986176138397
3 2 12 0.0018258389271840095
3 3 12 0.001677018536633712
1 1 13 0.0006782957793906965
1 2 13 0.0016172805269275277
1 3 13 0.002272354544284521
2 1 13 0.0017385462438675528
2 2 13 0.0016117325447403401
2 3 13 0.0015982308878000075
3 1 13 0.0015079378523663884
3 2 13 0.0015706779536987126
3 3 13 0.0012463873551568042
1 1 14 0.000880544665901863
1 2 14 0.001894689030525776
1 3 14 0.0022677250680021737
2 1 14 0.0010069063543564623
2 2 14 0.0018001672816210837
2 3 14 0.0024419522240812417
3 1 14 0.0010781218985021154
3 2 14 0.0014089434402098566
3 3 14 0.0015897160964719807
1 1 15 0.0010468031553811066
1 2 15 0.0019143400597079114
1 3 15 0.0013531068975868332
2 1 15 0.000946188095999417
2 2 15 0.0019232317918419554
2 3 15 0.003298829084367648
3 1 15 0.000813785987224575
3 2 15 0.0017014436742258006
3 3 15 0.0024725365982059396
1 1 16 0.0012722399745350743
1 2 16 0.0018621279207553926
1 3 16 0.0016929321429348828
2 1 16 0.0013408594027262825
2 2 16 0.0026204320280477957
2 3 16 0.0022586779915976306
3 1 16 0.0012322871479086904
3 2 16 0.0019198911761793651
3 3 16 0.0019691678019204207
1 1 17 0.001827229120001192
1 2 17 0.0014016264273729487
1 3 17 0.002139252291307539
2 1 17 0.0013562621939217665
2 2 17 0.002488393611707904
2 3 17 0.0017700818568889044
3 1 17 0.0012185594006974792
3 2 17 0.00202529703467343
3 3 17 0.0016577547106938287
1 1 18 0.0013475269371655565
1 2 18 0.0017954896928946318
1 3 18 0.0018224565242006875
2 1 18 0.0023889442094215422
2 2 18 0.001861788490112698
2 3 18 0.0014694849931678252
3 1 18 0.0018457044359806436
3 2 18 0.001963712220588726
3 3 18 0.001609476063375493
1 1 19 0.0007768806171603426
1 2 19 0.002123272096327255
1 3 19 0.0014332315824226703
2 1 19 0.0019947988972150964
2 2 19 0.0018055689511341396
2 3 19 0.001908061206434359
3 1 19 0.002086720806159595
3 2 19 0.001492635802231528
3 3 19 0.0019452228005198504
1 1 20 0.0011209923816270849
1 2 20 0.0017054742712984238
1 3 20 0.0015020755564042953
2 1 20 0.0012472559833683044
2 2 20 0.0020706746252691843
2 3 20 0.002200466806050648
3 1 20 0.0014430274967056965
3 2 20 0.0019605520579621645
3 3 20 0.001872490354784805
