Norm difference: 1.0
Norm difference: 1.0
1 1
1 2
1 3
2 1
2 2
2 3
3 1
3 2
3 3
1 1
1 2
1 3
2 1
2 2
2 3
3 1
3 2
3 3
1 1
1 2
1 3
2 1
2 2
2 3
3 1
3 2
3 3
1 1
1 2
1 3
2 1
2 2
2 3
3 1
3 2
3 3
1 1
1 2
1 3
2 1
2 2
2 3
3 1
3 2
3 3
1 1
1 2
1 3
2 1
2 2
2 3
3 1
3 2
3 3
1 1
1 2
1 3
2 1
2 2
2 3
3 1
3 2
3 3
1 1
1 2
1 3
2 1
2 2
2 3
3 1
3 2
3 3
1 1
1 2
1 3
2 1
2 2
2 3
3 1
3 2
3 3
1 1
1 2
1 3
2 1
2 2
2 3
3 1
3 2
3 3
1 1
1 2
1 3
2 1
2 2
2 3
3 1
3 2
3 3
1 1
1 2
1 3
2 1
2 2
2 3
3 1
3 2
3 3
1 1
1 2
1 3
2 1
2 2
2 3
3 1
3 2
3 3
1 1
1 2
1 3
2 1
2 2
2 3
3 1
3 2
3 3
1 1
1 2
1 3
2 1
2 2
2 3
3 1
3 2
3 3
1 1
1 2
1 3
2 1
2 2
2 3
3 1
3 2
3 3
1 1
1 2
1 3
2 1
2 2
2 3
3 1
3 2
3 3
1 1
1 2
1 3
2 1
2 2
2 3
3 1
3 2
3 3
1 1
1 2
1 3
2 1
2 2
2 3
3 1
3 2
3 3
1 1
1 2
1 3
2 1
2 2
2 3
3 1
3 2
3 3
1 1 1 0.005115836151829802
1 2 1 0.005493312570729073
1 3 1 0.0036851898161053788
2 1 1 0.005814530696181858
2 2 1 0.007210286328256435
2 3 1 0.005658780154802818
3 1 1 0.004219246641010565
3 2 1 0.007191840214777224
3 3 1 0.005080969975086944
1 1 2 0.0065781439687244165
1 2 2 0.007060567997362896
1 3 2 0.004510040140671293
2 1 2 0.007361483849467505
2 2 2 0.0073658257685925614
2 3 2 0.005998281618881689
3 1 2 0.004419737756892993
3 2 2 0.005121825467522503
3 3 2 0.004855795225533664
1 1 3 0.005709684412315341
1 2 3 0.0061661954257193775
1 3 3 0.004328421381701001
2 1 3 0.005065831740453624
2 2 3 0.007418499273460298
2 3 3 0.0044981838506882735
3 1 3 0.00571388515734224
3 2 3 0.0053691384143305255
3 3 3 0.004744404486131913
1 1 4 0.005734797161534719
1 2 4 0.006678242045475967
1 3 4 0.0072466498086895745
2 1 4 0.0074146631138972355
2 2 4 0.007952775906072324
2 3 4 0.005746508518042518
3 1 4 0.004651646027638531
3 2 4 0.005533039454591307
3 3 4 0.004614619555849091
1 1 5 0.005573489622500627
1 2 5 0.0061740686921262534
1 3 5 0.006620306688345205
2 1 5 0.008067924627001354
2 2 5 0.008578878861597626
2 3 5 0.007314791484547584
3 1 5 0.0057050463564246555
3 2 5 0.006585289402617336
3 3 5 0.004685478996967282
1 1 6 0.006975348502280205
1 2 6 0.005401763698624257
1 3 6 0.006477356211272886
2 1 6 0.007478419917045745
2 2 6 0.00748677223268473
2 3 6 0.008020248819628761
3 1 6 0.0061533897403189
3 2 6 0.006531063560843942
3 3 6 0.005348015966804851
1 1 7 0.006657740084602204
1 2 7 0.005846469471108612
1 3 7 0.007241748728369015
2 1 7 0.007454883716897488
2 2 7 0.007360463206494248
2 3 7 0.006410864305147782
3 1 7 0.005889942571006025
3 2 7 0.006035867141867844
3 3 7 0.006759554065675306
1 1 8 0.008299501921974184
1 2 8 0.00590788579175387
1 3 8 0.005315585669406489
2 1 8 0.008411153157447263
2 2 8 0.007579626197964562
2 3 8 0.006515840631079853
3 1 8 0.006476032022206593
3 2 8 0.005509291318117281
3 3 8 0.005659927136702115
1 1 9 0.007367934866706652
1 2 9 0.005441458434086608
1 3 9 0.0073346631083452355
2 1 9 0.008569950021415333
2 2 9 0.007058101806251713
2 3 9 0.008985309105098923
3 1 9 0.006656628818791678
3 2 9 0.004762151417595934
3 3 9 0.005688652460350545
1 1 10 0.00923449009090712
1 2 10 0.005142437741924699
1 3 10 0.006263526691301957
2 1 10 0.011127536913659425
2 2 10 0.006168017897042449
2 3 10 0.0074189836092210274
3 1 10 0.007504115296929031
3 2 10 0.005461135689999478
3 3 10 0.0068610297932654805
1 1 11 0.006952931494635437
1 2 11 0.0061455113470118465
1 3 11 0.008665129115254022
2 1 11 0.008067629591188272
2 2 11 0.008141391177516185
2 3 11 0.008614136371818472
3 1 11 0.008072814322893359
3 2 11 0.005177532711516773
3 3 11 0.006429291812575179
1 1 12 0.008237994491377345
1 2 12 0.005418000308961614
1 3 12 0.007553256444527985
2 1 12 0.010183136563420693
2 2 12 0.006279514708640814
2 3 12 0.006559521320205349
3 1 12 0.007103011212465714
3 2 12 0.005888330022608576
3 3 12 0.006995718810493594
1 1 13 0.007698714502793025
1 2 13 0.006086610854654869
1 3 13 0.008035171518405302
2 1 13 0.009318630341189904
2 2 13 0.007476932194600995
2 3 13 0.010012968537656645
3 1 13 0.008032086515107058
3 2 13 0.0055046583781402465
3 3 13 0.0061308552616239215
1 1 14 0.007627823179686503
1 2 14 0.00557727383173389
1 3 14 0.005354757267125284
2 1 14 0.009739811466030467
2 2 14 0.006460129002176426
2 3 14 0.009031122724038148
3 1 14 0.007295915291866677
3 2 14 0.005950898235485174
3 3 14 0.008182767172150364
1 1 15 0.007514689490218561
1 2 15 0.004169287646264853
1 3 15 0.0054787630840097915
2 1 15 0.009945531453498867
2 2 15 0.006914168835873732
2 3 15 0.007926531473160029
3 1 15 0.0076949022132126125
3 2 15 0.005185784227569353
3 3 15 0.006941804453777201
1 1 16 0.007280227071198904
1 2 16 0.0045508918808136066
1 3 16 0.005634352330931467
2 1 16 0.00861588212882081
2 2 16 0.0066934883384268205
2 3 16 0.007800544981570154
3 1 16 0.007837265369673014
3 2 16 0.005072164930243846
3 3 16 0.0064249654265259816
1 1 17 0.007196427795769629
1 2 17 0.004061204470811183
1 3 17 0.006061095084268465
2 1 17 0.009603110222065354
2 2 17 0.004563168478812126
2 3 17 0.007255157547191765
3 1 17 0.0070373419329472445
3 2 17 0.005330887461410717
3 3 17 0.005045739764138924
1 1 18 0.006687925939064239
1 2 18 0.005462455977066509
1 3 18 0.005801183146329865
2 1 18 0.00877128448535362
2 2 18 0.0064078768271260645
2 3 18 0.007244300746748441
3 1 18 0.00767813637371869
3 2 18 0.0038149875849428382
3 3 18 0.00529171049722931
1 1 19 0.004984384217777019
1 2 19 0.004379551926734523
1 3 19 0.005770461480034242
2 1 19 0.007795309134884002
2 2 19 0.005262838074947791
2 3 19 0.007473814589542764
3 1 19 0.006837757571013748
3 2 19 0.004939794736009851
3 3 19 0.006203504550693339
1 1 20 0.0059305956252623596
1 2 20 0.004895050082929867
1 3 20 0.004226054377400258
2 1 20 0.008565074459934686
2 2 20 0.0057560658222274835
2 3 20 0.006688907466737136
3 1 20 0.006742297417476039
3 2 20 0.004443210813036334
3 3 20 0.006453082432610138
