Norm difference: 1.0
Norm difference: 1.0
1 1
1 2
1 3
2 1
2 2
2 3
3 1
3 2
3 3
1 1
1 2
1 3
2 1
2 2
2 3
3 1
3 2
3 3
1 1
1 2
1 3
2 1
2 2
2 3
3 1
3 2
3 3
1 1
1 2
1 3
2 1
2 2
2 3
3 1
3 2
3 3
1 1
1 2
1 3
2 1
2 2
2 3
3 1
3 2
3 3
1 1
1 2
1 3
2 1
2 2
2 3
3 1
3 2
3 3
1 1
1 2
1 3
2 1
2 2
2 3
3 1
3 2
3 3
1 1
1 2
1 3
2 1
2 2
2 3
3 1
3 2
3 3
1 1
1 2
1 3
2 1
2 2
2 3
3 1
3 2
3 3
1 1
1 2
1 3
2 1
2 2
2 3
3 1
3 2
3 3
1 1
1 2
1 3
2 1
2 2
2 3
3 1
3 2
3 3
1 1
1 2
1 3
2 1
2 2
2 3
3 1
3 2
3 3
1 1
1 2
1 3
2 1
2 2
2 3
3 1
3 2
3 3
1 1
1 2
1 3
2 1
2 2
2 3
3 1
3 2
3 3
1 1
1 2
1 3
2 1
2 2
2 3
3 1
3 2
3 3
1 1
1 2
1 3
2 1
2 2
2 3
3 1
3 2
3 3
1 1
1 2
1 3
2 1
2 2
2 3
3 1
3 2
3 3
1 1
1 2
1 3
2 1
2 2
2 3
3 1
3 2
3 3
1 1
1 2
1 3
2 1
2 2
2 3
3 1
3 2
3 3
1 1
1 2
1 3
2 1
2 2
2 3
3 1
3 2
3 3
1 1 1 0.002558610279182022
1 2 1 0.00218311132878493
1 3 1 0.002511464339563248
2 1 1 0.002179254629474002
2 2 1 0.0026635296638454543
2 3 1 0.004291977287221282
3 1 1 0.0032771863585254616
3 2 1 0.0036810864405031314
3 3 1 0.0032194149641790086
1 1 2 0.0018566773266165495
1 2 2 0.0021154860119205463
1 3 2 0.002896181834085072
2 1 2 0.0023860895690413658
2 2 2 0.00264916710776895
2 3 2 0.002743705876148878
3 1 2 0.0035143912396971206
3 2 2 0.0027869092899694588
3 3 2 0.0036391646012204765
1 1 3 0.0019763991364658328
1 2 3 0.002048018341818189
1 3 3 0.002417549901332688
2 1 3 0.0021195455431425396
2 2 3 0.00227159645111605
2 3 3 0.002867166845898209
3 1 3 0.0022805779826782714
3 2 3 0.002952852058175367
3 3 3 0.0032853266111674273
1 1 4 0.002083757782779732
1 2 4 0.002424347429715085
1 3 4 0.0021217437252529633
2 1 4 0.0020580248526595344
2 2 4 0.0028141446383127735
2 3 4 0.0027166780955389293
3 1 4 0.003061652787645722
3 2 4 0.0027954924559547966
3 3 4 0.002562705347107547
1 1 5 0.001698739161267817
1 2 5 0.0022377436356880434
1 3 5 0.002370374495757111
2 1 5 0.0025841534000162147
2 2 5 0.002235564485746892
2 3 5 0.0021438240589335624
3 1 5 0.0030345102652126815
3 2 5 0.0026059087681610032
3 3 5 0.0038481344425937507
1 1 6 0.0023242434480143606
1 2 6 0.0021202943785820724
1 3 6 0.0026322889204142513
2 1 6 0.0025162258806226815
2 2 6 0.002321515115851376
2 3 6 0.003079746748430094
3 1 6 0.0025923989640908706
3 2 6 0.002674400528425721
3 3 6 0.0037613189410836316
1 1 7 0.002763075284312531
1 2 7 0.0028426280297613672
1 3 7 0.0033862175560576196
2 1 7 0.0019619590659937618
2 2 7 0.002192447896709539
2 3 7 0.0022303448654810297
3 1 7 0.004202709181453434
3 2 7 0.0040160434632196314
3 3 7 0.004767024693624031
1 1 8 0.003049017814246994
1 2 8 0.002631762158951791
1 3 8 0.003533213418500466
2 1 8 0.0024611248348415425
2 2 8 0.002130160290081204
2 3 8 0.002485120367643967
3 1 8 0.0036730363581827146
3 2 8 0.003406436343537668
3 3 8 0.004335396830823092
1 1 9 0.0033830928783853244
1 2 9 0.0032848548795594594
1 3 9 0.0029352475098288447
2 1 9 0.0027092305939929603
2 2 9 0.0024993351401215785
2 3 9 0.0030253335812815635
3 1 9 0.004214544833944184
3 2 9 0.0038919589294518302
3 3 9 0.004579628892335706
1 1 10 0.0025546320749053443
1 2 10 0.0024383269474467367
1 3 10 0.0028605511342570415
2 1 10 0.0024415455275094895
2 2 10 0.0024553689845317013
2 3 10 0.0030631643614882215
3 1 10 0.003920539734662503
3 2 10 0.003375227122305445
3 3 10 0.0033208576192968733
1 1 11 0.0024016098026097255
1 2 11 0.003550707661327647
1 3 11 0.00249199839135049
2 1 11 0.002289055026297743
2 2 11 0.0029499233005292154
2 3 11 0.002866263650890451
3 1 11 0.003229436041070184
3 2 11 0.004488841273104717
3 3 11 0.003873194774401344
1 1 12 0.001976530813384179
1 2 12 0.0023918840170723704
1 3 12 0.002090549625278537
2 1 12 0.002231405723815588
2 2 12 0.002693192732449947
2 3 12 0.0019111673928771968
3 1 12 0.0026523740448618624
3 2 12 0.004255387526218761
3 3 12 0.003942165830770986
1 1 13 0.0018703115736783738
1 2 13 0.0027665313285169515
1 3 13 0.00244455593207584
2 1 13 0.0017051209285584366
2 2 13 0.0022704882764186716
2 3 13 0.002691609620382315
3 1 13 0.0020939557516129856
3 2 13 0.0033684183373593806
3 3 13 0.0028236326419959924
1 1 14 0.0016802561811264244
1 2 14 0.0022458084131545715
1 3 14 0.002217392488340449
2 1 14 0.0015860099268304219
2 2 14 0.0028531389759299864
2 3 14 0.00206435659914316
3 1 14 0.002573628396636389
3 2 14 0.003911876793481625
3 3 14 0.0030444363372122184
1 1 15 0.0013121151354862825
1 2 15 0.002015837132162151
1 3 15 0.0015760958911145233
2 1 15 0.0015882567164110292
2 2 15 0.0023152441521156614
2 3 15 0.0020875265851527164
3 1 15 0.0015849384057125804
3 2 15 0.0027930541815967837
3 3 15 0.0026867678838457813
1 1 16 0.001610336403635388
1 2 16 0.0021886066898682615
1 3 16 0.001454247724005027
2 1 16 0.001361251196005846
2 2 16 0.00195898032223092
2 3 16 0.0017643180078722623
3 1 16 0.0018670750062788565
3 2 16 0.003114261330736579
3 3 16 0.0018269316027330032
1 1 17 0.0011345648321845786
1 2 17 0.0011522530720754897
1 3 17 0.0015722998874561362
2 1 17 0.0011842719316942116
2 2 17 0.001915129891856042
2 3 17 0.0018839148282574357
3 1 17 0.002021184010000013
3 2 17 0.002912796524381472
3 3 17 0.003575610418312291
1 1 18 0.001216371727762227
1 2 18 0.0013461548301425424
1 3 18 0.0016095886696019536
2 1 18 0.0017625612150036017
2 2 18 0.0019830136796119705
2 3 18 0.0017994956065253
3 1 18 0.0025977440686003835
3 2 18 0.0021043008144034517
3 3 18 0.0031144078111420446
1 1 19 0.0012851096281705676
1 2 19 0.0013154024269543209
1 3 19 0.0017711680365260565
2 1 19 0.001725605437531285
2 2 19 0.0018557185006585996
2 3 19 0.0019252568604068137
3 1 19 0.002092735490198581
3 2 19 0.003203722210587174
3 3 19 0.002433409733150745
1 1 20 0.0013211306150305384
1 2 20 0.0011095857324619081
1 3 20 0.0014444137909458692
2 1 20 0.0020396306801567193
2 2 20 0.0019354666384441127
2 3 20 0.002111340252374662
3 1 20 0.002676607103162361
3 2 20 0.002191740279815179
3 3 20 0.0024892461635170633
