Norm difference: 1.0
Norm difference: 0.9999999999999999
1 1
1 2
2 1
2 2
1 1
1 2
2 1
2 2
1 1
1 2
2 1
2 2
1 1
1 2
2 1
2 2
1 1
1 2
2 1
2 2
1 1
1 2
2 1
2 2
1 1
1 2
2 1
2 2
1 1
1 2
2 1
2 2
1 1
1 2
2 1
2 2
1 1
1 2
2 1
2 2
1 1
1 2
2 1
2 2
1 1
1 2
2 1
2 2
1 1
1 2
2 1
2 2
1 1
1 2
2 1
2 2
1 1
1 2
2 1
2 2
1 1
1 2
2 1
2 2
1 1
1 2
2 1
2 2
1 1
1 2
2 1
2 2
1 1
1 2
2 1
2 2
1 1
1 2
2 1
2 2
1 1 1 0.0007246080043893266
1 2 1 0.0007296965501075562
2 1 1 0.0009342073695796198
2 2 1 0.0005629132641273335
1 1 2 0.000762428578301015
1 2 2 0.0005761094076146372
2 1 2 0.0011242644439156955
2 2 2 0.0006938690108668586
1 1 3 0.0009446729469883456
1 2 3 0.0007516121658365461
2 1 3 0.0005748133421369429
2 2 3 0.0006777334551292883
1 1 4 0.0009140914344340685
1 2 4 0.0005787455774268594
2 1 4 0.0011397916391110213
2 2 4 0.0009198162573904134
1 1 5 0.0010361508850251226
1 2 5 0.0009609588153781899
2 1 5 0.0012715648472138299
2 2 5 0.0011475471721616218
1 1 6 0.0011966864027436934
1 2 6 0.0013148425940766395
2 1 6 0.0013630091014416718
2 2 6 0.0007258658520431453
1 1 7 0.001582823795728859
1 2 7 0.0010399123704058146
2 1 7 0.0012880596606370477
2 2 7 0.0009280913144377948
1 1 8 0.001353150227525814
1 2 8 0.0012950507501280162
2 1 8 0.00171257773214551
2 2 8 0.0010400843632189078
1 1 9 0.0014903199008029651
1 2 9 0.0009624085966081832
2 1 9 0.0014197376686884504
2 2 9 0.001590617789356947
1 1 10 0.0015369856447324025
1 2 10 0.0011950238720367869
2 1 10 0.0015576604224649445
2 2 10 0.0012619506373328202
1 1 11 0.0013866773783598693
1 2 11 0.0013832208583945543
2 1 11 0.001572539412938122
2 2 11 0.0009185511048904846
1 1 12 0.0012053894968392653
1 2 12 0.0011895569829413993
2 1 12 0.0012698752271709875
2 2 12 0.0015064833682370527
1 1 13 0.0008675471500273532
1 2 13 0.0009640265721230131
2 1 13 0.0011095651503745655
2 2 13 0.001174567494686251
1 1 14 0.0009126077006349674
1 2 14 0.0007997506321015584
2 1 14 0.0011453949795630395
2 2 14 0.0009385810323788981
1 1 15 0.000866246209573611
1 2 15 0.0007637979573593647
2 1 15 0.0006668719487931037
2 2 15 0.0008081803171611944
1 1 16 0.0006752789488440577
1 2 16 0.0006498601753973311
2 1 16 0.0008044517137436435
2 2 16 0.0006676950205657051
1 1 17 0.0005906836926536312
1 2 17 0.0006681888520983164
2 1 17 0.0005521627536453734
2 2 17 0.0005659095340458921
1 1 18 0.0005969152151022964
1 2 18 0.0005053103646666818
2 1 18 0.0006001835125596121
2 2 18 0.0005578341200411461
1 1 19 0.0005612311920386113
1 2 19 0.00046952174184691135
2 1 19 0.00047696839405193873
2 2 19 0.0004926818345372892
1 1 20 0.0004412271729698146
1 2 20 0.0004331383139564209
2 1 20 0.0005412965244587025
2 2 20 0.0003789045381236437
