W: 1.2
num_iter: 0
[-1.12435187 -1.12435187 -1.08040299 -1.08040299 -1.00652644 -1.00652644
 -0.88550773 -0.88550773 -0.69296614 -0.69296614 -0.4404219  -0.4404219
 -0.22604958 -0.22604958 -0.05101147 -0.05101147  0.05101288  0.05101288
  0.22604593  0.22604593  0.44042397  0.44042397  0.6929689   0.6929689
  0.88550462  0.88550462  1.00652873  1.00652873  1.08040187  1.08040187
  1.12435121  1.12435121]
localization_length: 2.450429498777763
2.4541610932698945
W_list: [1.2]
L_list: [19.633288746159156]
