Norm difference: 1.0
Norm difference: 1.0
1 1
1 2
2 1
2 2
1 1
1 2
2 1
2 2
1 1
1 2
2 1
2 2
1 1
1 2
2 1
2 2
1 1
1 2
2 1
2 2
1 1
1 2
2 1
2 2
1 1
1 2
2 1
2 2
1 1
1 2
2 1
2 2
1 1
1 2
2 1
2 2
1 1
1 2
2 1
2 2
1 1
1 2
2 1
2 2
1 1
1 2
2 1
2 2
1 1
1 2
2 1
2 2
1 1
1 2
2 1
2 2
1 1
1 2
2 1
2 2
1 1
1 2
2 1
2 2
1 1
1 2
2 1
2 2
1 1
1 2
2 1
2 2
1 1
1 2
2 1
2 2
1 1
1 2
2 1
2 2
1 1 1 0.002719828212458865
1 2 1 0.002757815090689775
2 1 1 0.0024088350053152194
2 2 1 0.0029844588582658544
1 1 2 0.00401095865616004
1 2 2 0.0033908082990125295
2 1 2 0.004062852585530998
2 2 2 0.003067185870989456
1 1 3 0.003566803445289966
1 2 3 0.002704637663942445
2 1 3 0.004524290852746504
2 2 3 0.002013964962751326
1 1 4 0.003919451338462976
1 2 4 0.003960920974015085
2 1 4 0.004326861806909038
2 2 4 0.003981065892232144
1 1 5 0.00376170492188211
1 2 5 0.004358873341352156
2 1 5 0.0034230233197133563
2 2 5 0.005181528821217406
1 1 6 0.004406953773747055
1 2 6 0.003998372499598895
2 1 6 0.004318726340785418
2 2 6 0.0044935167553184436
1 1 7 0.003908831927292345
1 2 7 0.0047292397896144586
2 1 7 0.003440563137923508
2 2 7 0.004785076570739835
1 1 8 0.00470474219398992
1 2 8 0.004442090682425065
2 1 8 0.005134338190319603
2 2 8 0.004107887732437357
1 1 9 0.005011445676045838
1 2 9 0.0038710247914122108
2 1 9 0.0053674583311370695
2 2 9 0.003261380535627723
1 1 10 0.004015145065993989
1 2 10 0.004725310057525729
2 1 10 0.004473797407569849
2 2 10 0.005281856291392094
1 1 11 0.004367943793647066
1 2 11 0.0040612317319511275
2 1 11 0.004418464069919783
2 2 11 0.004635306895246685
1 1 12 0.004445695307093947
1 2 12 0.004285825202871749
2 1 12 0.0043263610877751595
2 2 12 0.004863373045076773
1 1 13 0.0033234167671329765
1 2 13 0.004132038152578319
2 1 13 0.002960307713900221
2 2 13 0.004745116157267912
1 1 14 0.004328611064225342
1 2 14 0.0042630638849503666
2 1 14 0.004841203818992315
2 2 14 0.004452558851323713
1 1 15 0.003189823080771185
1 2 15 0.003173239927354551
2 1 15 0.00344699305979684
2 2 15 0.003041772356545676
1 1 16 0.0034906368132877944
1 2 16 0.004054394472463827
2 1 16 0.004550221286195406
2 2 16 0.004133592713781407
1 1 17 0.0027549234420525125
1 2 17 0.0031091124022080245
2 1 17 0.0034354166758686516
2 2 17 0.0032100364747452296
1 1 18 0.00368219810540504
1 2 18 0.0028418879356488297
2 1 18 0.003514728944445787
2 2 18 0.0038208481810317095
1 1 19 0.0023494898305613937
1 2 19 0.0027603927375227993
2 1 19 0.002502107715759435
2 2 19 0.003317364333243139
1 1 20 0.0028861896068633434
1 2 20 0.0025219387376215043
2 1 20 0.003166742208770139
2 2 20 0.002765964615291384
