W: 2.4
num_iter: 0
[-0.69946137 -0.69946137 -0.68142807 -0.68142807 -0.658568   -0.658568
 -0.63148285 -0.63148285 -0.60052276 -0.60052276 -0.56556293 -0.56556293
 -0.52735412 -0.52735412 -0.48537008 -0.48537008 -0.44032367 -0.44032367
 -0.39074918 -0.39074918 -0.33777331 -0.33777331 -0.2804103  -0.2804103
 -0.21936312 -0.21936312 -0.15551858 -0.15551858 -0.08867582 -0.08867582
 -0.01885829 -0.01885829  0.01885558  0.01885558  0.08867848  0.08867848
  0.15552256  0.15552256  0.21936413  0.21936413  0.28040686  0.28040686
  0.33776829  0.33776829  0.39075564  0.39075564  0.44031784  0.44031784
  0.4853703   0.4853703   0.5273551   0.5273551   0.56556153  0.56556153
  0.6005196   0.6005196   0.63148504  0.63148504  0.65857392  0.65857392
  0.68142167  0.68142167  0.69946591  0.69946591]
localization_length: 3.3146692974158043
3.401081525386291
W_list: [2.4]
L_list: [54.417304406180655]
