Norm difference: 1.0
Norm difference: 1.0
1 1
1 2
1 3
2 1
2 2
2 3
3 1
3 2
3 3
1 1
1 2
1 3
2 1
2 2
2 3
3 1
3 2
3 3
1 1
1 2
1 3
2 1
2 2
2 3
3 1
3 2
3 3
1 1
1 2
1 3
2 1
2 2
2 3
3 1
3 2
3 3
1 1
1 2
1 3
2 1
2 2
2 3
3 1
3 2
3 3
1 1
1 2
1 3
2 1
2 2
2 3
3 1
3 2
3 3
1 1
1 2
1 3
2 1
2 2
2 3
3 1
3 2
3 3
1 1
1 2
1 3
2 1
2 2
2 3
3 1
3 2
3 3
1 1
1 2
1 3
2 1
2 2
2 3
3 1
3 2
3 3
1 1
1 2
1 3
2 1
2 2
2 3
3 1
3 2
3 3
1 1
1 2
1 3
2 1
2 2
2 3
3 1
3 2
3 3
1 1
1 2
1 3
2 1
2 2
2 3
3 1
3 2
3 3
1 1
1 2
1 3
2 1
2 2
2 3
3 1
3 2
3 3
1 1
1 2
1 3
2 1
2 2
2 3
3 1
3 2
3 3
1 1
1 2
1 3
2 1
2 2
2 3
3 1
3 2
3 3
1 1
1 2
1 3
2 1
2 2
2 3
3 1
3 2
3 3
1 1
1 2
1 3
2 1
2 2
2 3
3 1
3 2
3 3
1 1
1 2
1 3
2 1
2 2
2 3
3 1
3 2
3 3
1 1
1 2
1 3
2 1
2 2
2 3
3 1
3 2
3 3
1 1
1 2
1 3
2 1
2 2
2 3
3 1
3 2
3 3
1 1 1 0.004016209066612266
1 2 1 0.0027926604044655676
1 3 1 0.003497539902082064
2 1 1 0.0036221852864893093
2 2 1 0.002873393727876106
2 3 1 0.0031261808295672032
3 1 1 0.00303009253985896
3 2 1 0.0026505302048313376
3 3 1 0.0025384634189633895
1 1 2 0.0034284818907102067
1 2 2 0.0030230531535145586
1 3 2 0.0035946292554525873
2 1 2 0.0031975730829673908
2 2 2 0.0025769041612486747
2 3 2 0.0031637584553805887
3 1 2 0.0026286550695545524
3 2 2 0.0019717639159611542
3 3 2 0.002931385053176962
1 1 3 0.0033607126707321583
1 2 3 0.0032055063274025438
1 3 3 0.0035658471170430207
2 1 3 0.003272132349789205
2 2 3 0.0026518401598597903
2 3 3 0.002948425461021581
3 1 3 0.002974186933776454
3 2 3 0.002684786221584707
3 3 3 0.002922889231901351
1 1 4 0.0034010499732261825
1 2 4 0.0028827058551330323
1 3 4 0.0035765720884881223
2 1 4 0.0029549247020536585
2 2 4 0.0028738986854060103
2 3 4 0.00308905149241264
3 1 4 0.0031312372401946253
3 2 4 0.0020017695776934985
3 3 4 0.0027583806544709015
1 1 5 0.003614820567630783
1 2 5 0.0028078604245441443
1 3 5 0.0039211192209441855
2 1 5 0.0034939394256124057
2 2 5 0.0028352128375846814
2 3 5 0.0027752838851383575
3 1 5 0.0028795441786530515
3 2 5 0.0029740074979091227
3 3 5 0.002695455716498793
1 1 6 0.0037175073514462116
1 2 6 0.003126903285792479
1 3 6 0.003616856344871493
2 1 6 0.0033498932016003445
2 2 6 0.0024389267308368495
2 3 6 0.003350779128960808
3 1 6 0.0030359237792421207
3 2 6 0.002722912934618225
3 3 6 0.002745750046540087
1 1 7 0.003950334389128801
1 2 7 0.0038187927190612434
1 3 7 0.0031725487856541835
2 1 7 0.003475834422724195
2 2 7 0.002932365041820551
2 3 7 0.0027137726032463428
3 1 7 0.00287678095043238
3 2 7 0.00257894317753051
3 3 7 0.0031593807096812975
1 1 8 0.003885186322684969
1 2 8 0.0032943734309866723
1 3 8 0.004032343038579914
2 1 8 0.0029872253257814925
2 2 8 0.0024008380017416678
2 3 8 0.003168606339265184
3 1 8 0.0024728502152587583
3 2 8 0.0023616477516484992
3 3 8 0.0031586443025175643
1 1 9 0.003910256342315472
1 2 9 0.0031765497020293403
1 3 9 0.004190692046904766
2 1 9 0.0034209473445276474
2 2 9 0.002850522083630851
2 3 9 0.0033293274035205633
3 1 9 0.0019064034330764205
3 2 9 0.0021410122822835462
3 3 9 0.003696235216856045
1 1 10 0.0026851429339339985
1 2 10 0.002684266227396726
1 3 10 0.004419526567523414
2 1 10 0.0028380631644824477
2 2 10 0.001976004567106471
2 3 10 0.0032339078268598413
3 1 10 0.0026810194993612574
3 2 10 0.0027342304679210767
3 3 10 0.002956829880840272
1 1 11 0.00242806183803299
1 2 11 0.003061142699574645
1 3 11 0.004164468316089548
2 1 11 0.0022943905421430057
2 2 11 0.0024687999966952648
2 3 11 0.003533055036608183
3 1 11 0.002678827370071515
3 2 11 0.0023976550953089797
3 3 11 0.0030353002180947856
1 1 12 0.003014398482574373
1 2 12 0.003417011122592819
1 3 12 0.003731198818175307
2 1 12 0.002944407349875367
2 2 12 0.002463206223726279
2 3 12 0.002783356742535677
3 1 12 0.0029182045121971868
3 2 12 0.002774122475614813
3 3 12 0.002787001228239725
1 1 13 0.0033735222674101304
1 2 13 0.0030933792796208007
1 3 13 0.0034520322973159304
2 1 13 0.0033403053712506613
2 2 13 0.002666721663427408
2 3 13 0.003303519745060568
3 1 13 0.003274639034448565
3 2 13 0.002957378332210344
3 3 13 0.0022338943065360467
1 1 14 0.004100412233419075
1 2 14 0.003352515219631083
1 3 14 0.003052157064464517
2 1 14 0.003637236596185761
2 2 14 0.002652824987662079
2 3 14 0.003142702042489913
3 1 14 0.0033199979495627057
3 2 14 0.0028253935152746136
3 3 14 0.0028485299259326476
1 1 15 0.005083593069908536
1 2 15 0.004225903653030891
1 3 15 0.003310463307655631
2 1 15 0.0025183981392469345
2 2 15 0.0028620703003586047
2 3 15 0.00303188940029389
3 1 15 0.0034315595533501476
3 2 15 0.002751934801514188
3 3 15 0.003422895724431585
1 1 16 0.004952874824304098
1 2 16 0.003986510738548279
1 3 16 0.004188604203361752
2 1 16 0.0031457896488871727
2 2 16 0.002598337919406951
2 3 16 0.0030301836292397953
3 1 16 0.003376660399235094
3 2 16 0.0030402639665919337
3 3 16 0.0038591220454699524
1 1 17 0.0042116683769940905
1 2 17 0.004060396911863929
1 3 17 0.004847603049042004
2 1 17 0.003295471237779368
2 2 17 0.0029725191348473116
2 3 17 0.004005771633660471
3 1 17 0.0031144515445081485
3 2 17 0.002749507554542073
3 3 17 0.0035975694074433543
1 1 18 0.0034880020524002166
1 2 18 0.0034471952689965725
1 3 18 0.005025770455786958
2 1 18 0.003206058981452188
2 2 18 0.0028301213151322806
2 3 18 0.003273192375850765
3 1 18 0.0029124168926856105
3 2 18 0.002964835368319382
3 3 18 0.003266100531959298
1 1 19 0.0028173876606699096
1 2 19 0.003566962226010869
1 3 19 0.004827523005308218
2 1 19 0.002234633456030364
2 2 19 0.0028014364576392048
2 3 19 0.0036720781003822325
3 1 19 0.003201704889243611
3 2 19 0.0032452733551339547
3 3 19 0.0035291263123570726
1 1 20 0.0036359333289933717
1 2 20 0.0036463488503219316
1 3 20 0.004655688231453731
2 1 20 0.0029369956864833103
2 2 20 0.002817386495333416
2 3 20 0.0033971510796862994
3 1 20 0.002306735387207053
3 2 20 0.0032665879396007102
3 3 20 0.003969435081818371
