W: 3.4000000000000004
num_iter: 0
[-1.04342298 -1.04342298 -0.97869343 -0.97869343 -0.89245926 -0.89245926
 -0.78502994 -0.78502994 -0.65719241 -0.65719241 -0.50682675 -0.50682675
 -0.3312004  -0.3312004  -0.114977   -0.114977    0.11497642  0.11497642
  0.33120151  0.33120151  0.50682798  0.50682798  0.65719609  0.65719609
  0.78502696  0.78502696  0.89245806  0.89245806  0.97868995  0.97868995
  1.0434252   1.0434252 ]
localization_length: 1.0871794445402485
1.0827832601080156
W_list: [3.4000000000000004]
L_list: [8.662266080864125]
