Norm difference: 1.0
Norm difference: 1.0
1 1
1 2
1 3
2 1
2 2
2 3
3 1
3 2
3 3
1 1
1 2
1 3
2 1
2 2
2 3
3 1
3 2
3 3
1 1
1 2
1 3
2 1
2 2
2 3
3 1
3 2
3 3
1 1
1 2
1 3
2 1
2 2
2 3
3 1
3 2
3 3
1 1
1 2
1 3
2 1
2 2
2 3
3 1
3 2
3 3
1 1
1 2
1 3
2 1
2 2
2 3
3 1
3 2
3 3
1 1
1 2
1 3
2 1
2 2
2 3
3 1
3 2
3 3
1 1
1 2
1 3
2 1
2 2
2 3
3 1
3 2
3 3
1 1
1 2
1 3
2 1
2 2
2 3
3 1
3 2
3 3
1 1
1 2
1 3
2 1
2 2
2 3
3 1
3 2
3 3
1 1
1 2
1 3
2 1
2 2
2 3
3 1
3 2
3 3
1 1
1 2
1 3
2 1
2 2
2 3
3 1
3 2
3 3
1 1
1 2
1 3
2 1
2 2
2 3
3 1
3 2
3 3
1 1
1 2
1 3
2 1
2 2
2 3
3 1
3 2
3 3
1 1
1 2
1 3
2 1
2 2
2 3
3 1
3 2
3 3
1 1
1 2
1 3
2 1
2 2
2 3
3 1
3 2
3 3
1 1
1 2
1 3
2 1
2 2
2 3
3 1
3 2
3 3
1 1
1 2
1 3
2 1
2 2
2 3
3 1
3 2
3 3
1 1
1 2
1 3
2 1
2 2
2 3
3 1
3 2
3 3
1 1
1 2
1 3
2 1
2 2
2 3
3 1
3 2
3 3
1 1 1 0.005408566772754036
1 2 1 0.005396345350901196
1 3 1 0.006285896320737607
2 1 1 0.004133497170635239
2 2 1 0.0042781127283822
2 3 1 0.005383752366869782
3 1 1 0.0046318902801493885
3 2 1 0.005057397528025515
3 3 1 0.005644201559608134
1 1 2 0.005061125022446977
1 2 2 0.004691736379500313
1 3 2 0.006204844383808314
2 1 2 0.003393274353777364
2 2 2 0.0034557235988851276
2 3 2 0.004054841695289079
3 1 2 0.004951769417433031
3 2 2 0.004092776965552392
3 3 2 0.007368863139143827
1 1 3 0.005873729925132605
1 2 3 0.00420105155393054
1 3 3 0.007374140458175976
2 1 3 0.0038225105197378395
2 2 3 0.0035267450752686827
2 3 3 0.004479876768907774
3 1 3 0.005314069478164334
3 2 3 0.00542295406859211
3 3 3 0.006302545148165145
1 1 4 0.0038263835682983737
1 2 4 0.003965586786179005
1 3 4 0.004775100440114315
2 1 4 0.003128260259120284
2 2 4 0.0035280867725040695
2 3 4 0.004453978315105481
3 1 4 0.005523226284373511
3 2 4 0.0044881804777756286
3 3 4 0.005630223861931896
1 1 5 0.0035926890496000867
1 2 5 0.003962206418378752
1 3 5 0.00613220723874811
2 1 5 0.003688593898164742
2 2 5 0.0032719716231556792
2 3 5 0.003066714618545988
3 1 5 0.005549533891100539
3 2 5 0.005405384776916519
3 3 5 0.005807621776742529
1 1 6 0.004980646635944349
1 2 6 0.004411450002964447
1 3 6 0.005394045928524064
2 1 6 0.0035948313969607322
2 2 6 0.0033478805464988506
2 3 6 0.004453604527943982
3 1 6 0.005863067667071805
3 2 6 0.004561512365100039
3 3 6 0.004739861312747469
1 1 7 0.00506710085170038
1 2 7 0.0034717451022833546
1 3 7 0.004474001549938336
2 1 7 0.003933799754553022
2 2 7 0.0037410214916684436
2 3 7 0.003475363508550899
3 1 7 0.0046940540954090015
3 2 7 0.005475391911801519
3 3 7 0.004560506399903869
1 1 8 0.005255372231734872
1 2 8 0.004459361200540319
1 3 8 0.004337177875840084
2 1 8 0.003751857509760196
2 2 8 0.0029937246584624258
2 3 8 0.004274072510820511
3 1 8 0.003908212684472878
3 2 8 0.004439691747727996
3 3 8 0.004157619534557031
1 1 9 0.004971225529574819
1 2 9 0.004222405932796197
1 3 9 0.004844394686264322
2 1 9 0.0031477910149494146
2 2 9 0.0035483932704526598
2 3 9 0.0036523213789977247
3 1 9 0.0031239093638750254
3 2 9 0.004436309557898399
3 3 9 0.005273651614411531
1 1 10 0.004377563063737833
1 2 10 0.003910904916605113
1 3 10 0.00459070064822511
2 1 10 0.0038434834416966298
2 2 10 0.0030479148012872463
2 3 10 0.0031027722580020517
3 1 10 0.0034041352095753293
3 2 10 0.0037434908565928196
3 3 10 0.004088695810186169
1 1 11 0.003088626312130497
1 2 11 0.0035290359765891522
1 3 11 0.004043514266632492
2 1 11 0.0022458715699686773
2 2 11 0.0036570520724389316
2 3 11 0.0026370715313682055
3 1 11 0.0035968176370777005
3 2 11 0.0038464167578647623
3 3 11 0.0037467078507972826
1 1 12 0.0037577284945719165
1 2 12 0.0038435059433308072
1 3 12 0.003468457533246699
2 1 12 0.0026103471580061223
2 2 12 0.002301339785444488
2 3 12 0.0032387976327770676
3 1 12 0.0030029019347243137
3 2 12 0.004123282803080227
3 3 12 0.0033476641110370456
1 1 13 0.002687399383389575
1 2 13 0.003547304978409184
1 3 13 0.0033510772467762358
2 1 13 0.002044673900030136
2 2 13 0.0035041590999974766
2 3 13 0.002877849205383468
3 1 13 0.004251265807522928
3 2 13 0.0040292558170130655
3 3 13 0.0027149868047737806
1 1 14 0.002403609344963586
1 2 14 0.0032192648970337384
1 3 14 0.0028387805914995073
2 1 14 0.002162795194098413
2 2 14 0.0020600051049782563
2 3 14 0.0025881477954348576
3 1 14 0.002937744203880213
3 2 14 0.0034641431837719124
3 3 14 0.0028872208308524517
1 1 15 0.0029789573558458744
1 2 15 0.0029390580001927044
1 3 15 0.002556915685443398
2 1 15 0.0019880462811020655
2 2 15 0.0027298634869740357
2 3 15 0.002048341228179614
3 1 15 0.0034262969266741945
3 2 15 0.0034232972995348237
3 3 15 0.003205141606065114
1 1 16 0.002894035083462928
1 2 16 0.00276017363792992
1 3 16 0.002743290555852458
2 1 16 0.0017010615688837342
2 2 16 0.0019209222583432856
2 3 16 0.0020370892340639156
3 1 16 0.003160096268737947
3 2 16 0.0028146726329981832
3 3 16 0.003034640189092127
1 1 17 0.001954671198689956
1 2 17 0.0023260077039612696
1 3 17 0.0018118581137882236
2 1 17 0.002059645386370986
2 2 17 0.0022888806807868185
2 3 17 0.001720721921387104
3 1 17 0.0020589027948584157
3 2 17 0.003042703588663489
3 3 17 0.0029641374428263784
1 1 18 0.0019323956371172849
1 2 18 0.0022104670661037104
1 3 18 0.002523593886509453
2 1 18 0.0013911401245052628
2 2 18 0.0012395623860517273
2 3 18 0.001295195359125495
3 1 18 0.002366086395951031
3 2 18 0.002179250049873866
3 3 18 0.0032146278058963564
1 1 19 0.0024934037448635107
1 2 19 0.0018239284675557858
1 3 19 0.0018409137784663088
2 1 19 0.0016976066550252141
2 2 19 0.0019137496691943646
2 3 19 0.001335650066949476
3 1 19 0.002003541488624634
3 2 19 0.0022992517822208155
3 3 19 0.002392033952400701
1 1 20 0.0019450617473534544
1 2 20 0.0011962278150287609
1 3 20 0.0017682550255704946
2 1 20 0.0008129887890825111
2 2 20 0.0012094208079922177
2 3 20 0.0010000371717307586
3 1 20 0.002116288804145801
3 2 20 0.0017010352153934267
3 3 20 0.0022154212152295837
